500 5
125.000 125.000
165.159 111.527
161.543 135.532
162.057 122.450
187.259 126.646
177.571 118.416
166.376 119.149
177.167 135.733
172.594 115.858
171.988 135.031
165.170 134.121
184.608 132.702
177.861 126.544
176.435 111.528
183.090 131.666
187.198 117.325
165.883 137.387
170.907 129.348
168.239 113.342
177.326 121.543
166.119 131.012
165.712 120.466
161.503 125.199
167.080 135.852
166.516 119.979
180.299 113.878
178.080 130.289
164.090 120.958
170.465 130.028
171.200 124.868
188.168 135.811
188.649 125.297
177.930 114.448
174.278 116.886
170.647 112.356
165.637 123.081
175.354 122.750
161.684 133.505
166.074 122.879
184.796 122.698
182.969 114.249
176.831 116.343
180.506 124.785
178.242 113.903
184.844 134.614
173.984 125.074
171.337 113.785
182.024 133.273
176.628 127.876
162.604 125.801
183.446 112.294
181.033 114.588
178.900 133.310
180.950 134.745
184.333 132.931
168.571 125.042
161.297 136.519
163.499 119.468
170.210 122.298
173.466 121.445
174.118 124.302
184.090 129.707
175.271 116.887
173.514 137.281
188.543 113.462
187.974 112.930
163.771 130.116
175.657 127.866
178.245 135.028
186.952 132.412
164.484 129.263
173.987 138.503
164.335 137.177
170.747 133.656
173.865 121.355
162.340 130.911
185.903 113.444
181.506 111.534
185.465 118.220
184.012 118.550
171.664 117.818
161.415 137.207
163.129 128.662
165.954 135.510
161.465 126.491
162.771 111.893
167.961 127.454
170.768 127.122
187.886 121.405
163.468 120.347
184.670 117.743
185.005 135.706
170.124 139.216
183.869 112.497
175.597 126.405
176.994 118.351
170.907 122.382
188.300 134.926
172.081 120.888
163.178 125.397
169.772 120.213
185.370 126.837
180.636 112.440
179.841 127.185
164.194 127.272
168.263 137.873
164.110 133.643
171.527 113.377
168.982 123.548
183.983 134.003
164.911 120.561
171.485 123.299
161.690 117.939
162.333 119.157
176.221 137.671
184.734 131.238
169.054 133.229
170.562 120.430
164.329 126.042
168.874 113.779
178.400 134.064
182.552 126.451
183.324 130.248
167.712 113.732
188.664 111.897
177.826 128.740
142.492 187.218
118.505 179.408
127.794 163.441
139.660 187.039
141.509 186.035
132.117 163.733
120.076 179.763
132.669 163.855
144.316 167.219
123.816 174.237
128.914 184.001
119.100 186.679
123.297 178.063
134.839 182.700
138.292 175.655
122.057 165.555
141.036 160.772
139.761 174.048
133.968 177.608
119.124 169.411
119.310 172.190
133.838 180.386
120.873 169.988
138.419 171.485
144.314 161.616
138.625 183.761
137.960 177.320
121.524 173.631
130.340 175.275
127.950 174.692
139.667 167.824
131.790 186.058
128.329 188.351
131.142 181.206
138.372 186.597
138.500 188.016
122.698 175.538
134.266 184.763
139.822 174.994
140.623 172.765
124.144 168.919
121.645 168.768
126.412 163.084
119.510 182.656
128.555 161.653
126.549 172.032
119.565 166.339
137.617 176.759
121.417 169.225
136.916 169.532
131.891 181.215
128.323 179.212
140.834 187.576
122.252 169.948
126.033 181.583
136.349 181.642
118.498 176.487
144.764 179.259
131.555 170.173
119.585 184.191
129.077 162.599
126.700 188.219
122.908 185.980
132.745 171.058
137.024 184.105
124.410 173.782
122.360 181.124
124.970 187.496
119.921 169.382
130.362 176.534
133.519 172.043
137.689 185.630
134.428 180.620
136.321 160.732
144.516 183.845
127.344 168.821
131.543 182.349
132.588 162.915
137.961 178.653
144.752 161.116
136.181 167.000
129.144 183.223
139.599 178.637
131.539 169.770
124.426 170.272
126.536 185.943
121.267 171.745
141.105 162.630
135.541 175.187
124.150 180.514
131.336 168.048
142.622 185.521
120.744 166.803
140.152 181.098
124.781 180.433
123.744 166.658
118.871 160.743
119.304 176.539
119.676 174.802
144.503 181.679
133.376 167.222
134.911 168.502
135.461 182.731
135.220 168.517
138.751 171.724
139.448 177.201
132.611 171.527
139.029 171.264
119.915 161.214
136.066 176.112
137.515 188.062
134.037 168.571
130.952 164.539
129.481 180.181
145.305 181.600
144.637 175.518
127.526 179.618
141.977 176.702
143.172 163.929
118.146 184.516
144.239 181.945
141.773 184.474
134.782 184.481
127.865 169.931
143.903 183.233
134.565 166.176
127.799 172.010
118.390 175.971
135.651 181.220
127.176 162.623
120.535 166.406
122.775 177.585
75.994 108.436
86.431 117.466
89.502 114.609
74.190 123.921
79.826 121.794
88.109 120.334
87.670 103.348
76.065 108.327
63.289 105.389
74.052 115.636
81.765 106.813
81.109 125.127
88.487 115.070
86.935 129.142
73.263 111.434
86.566 111.928
77.362 128.158
73.654 125.511
77.044 102.648
89.618 114.274
66.929 119.085
75.022 107.723
83.443 116.950
82.911 109.888
66.628 123.281
66.707 128.809
67.157 106.992
71.227 126.847
70.666 111.198
72.762 125.287
65.591 112.046
81.065 103.474
66.030 122.488
62.128 127.654
84.501 109.627
81.273 125.251
75.164 107.450
71.708 114.471
65.180 118.974
63.571 125.129
81.243 109.749
70.952 112.852
76.898 110.533
63.602 112.861
87.870 103.706
72.388 117.050
63.939 104.219
81.202 108.866
76.994 111.587
80.709 106.744
84.543 115.853
64.772 127.834
71.196 113.230
72.682 109.359
71.675 124.421
76.392 120.610
82.463 103.151
66.718 122.253
73.656 105.994
70.924 118.848
74.679 130.272
61.989 125.576
70.215 116.764
72.594 122.357
81.473 114.855
84.647 119.033
84.489 129.372
61.992 114.669
88.741 112.256
61.922 105.597
87.913 123.713
73.256 123.514
74.196 104.568
77.348 118.375
64.848 107.475
71.278 126.996
73.887 117.711
73.404 109.759
84.133 112.270
79.331 105.143
79.798 116.646
84.937 107.626
63.595 104.593
76.654 123.350
71.245 129.673
84.534 108.385
76.475 112.395
69.512 126.989
85.136 112.938
86.425 121.845
80.183 124.395
64.959 123.509
70.898 123.665
67.679 126.016
84.919 114.420
86.261 103.852
79.448 119.801
78.767 116.561
86.490 103.813
83.040 118.172
71.218 126.915
83.355 128.608
77.551 114.944
81.286 121.425
76.375 108.679
89.524 118.959
68.349 121.992
87.634 104.729
62.430 103.270
78.988 110.999
62.322 120.482
73.633 109.292
72.669 116.374
76.828 116.676
81.568 112.849
72.590 109.937
63.356 105.539
71.579 119.605
71.836 112.585
79.461 119.267
89.298 121.662
89.465 105.957
67.151 110.346
81.758 103.229
71.900 118.277
87.447 105.579
74.362 126.073
86.751 130.283
64.500 115.289
62.757 121.502
69.724 125.962
76.649 130.187
79.899 103.538
132.814 86.520
142.882 80.951
131.410 63.591
120.826 71.428
143.383 86.916
134.813 82.883
128.002 84.676
145.238 72.163
128.428 63.488
126.443 69.282
131.625 64.654
141.919 77.174
137.884 83.171
122.715 77.151
143.032 73.758
124.639 81.207
125.804 67.279
132.754 77.962
133.580 87.984
143.656 67.636
124.270 69.295
145.718 80.266
127.094 64.167
135.551 81.079
131.672 84.741
141.891 79.880
124.152 68.734
146.712 61.877
122.636 85.192
124.586 65.940
124.375 71.418
130.963 73.515
141.884 79.767
137.388 74.406
121.228 88.058
130.117 80.590
143.384 73.374
125.164 62.288
124.403 66.863
137.917 82.203
129.272 68.490
125.690 65.873
133.048 76.837
133.391 73.818
142.799 67.279
144.826 73.872
122.269 68.778
142.415 62.807
138.992 84.713
136.413 82.020
135.610 73.952
137.923 62.633
122.958 72.516
125.780 85.080
124.732 82.090
128.889 67.444
129.649 88.154
119.822 77.587
139.492 84.746
133.170 65.117
120.692 83.879
132.018 65.315
134.746 65.009
132.841 67.684
129.452 76.104
129.032 69.456
147.304 80.996
140.716 76.715
130.959 83.171
142.144 79.350
130.353 69.788
138.662 72.499
137.541 83.993
123.347 78.778
119.905 81.922
133.822 73.844
147.404 62.893
125.375 88.029
137.909 87.377
127.950 68.905
126.604 79.024
143.594 75.514
136.962 67.321
137.033 84.742
124.144 72.055
129.270 76.474
143.360 83.398
126.900 88.230
120.509 65.290
120.112 82.047
139.587 84.864
135.424 61.991
126.530 75.860
138.361 87.985
141.153 73.289
124.981 66.908
136.209 68.502
144.329 67.420
136.136 70.934
127.239 88.253
121.299 72.636
122.190 86.359
142.882 84.065
124.258 81.524
121.989 86.959
121.180 82.881
128.061 76.883
140.707 81.008
135.668 67.291
