100 5
10.000 40.000
26.349 28.858
21.273 27.950
26.924 30.448
19.180 27.915
26.363 30.546
20.116 30.300
24.807 23.993
19.240 26.427
23.156 29.531
23.087 22.892
23.180 22.701
20.604 23.473
28.117 24.184
20.825 20.961
22.815 22.384
19.668 23.529
22.910 29.000
19.729 27.189
28.267 30.247
24.515 24.593
24.084 26.871
25.115 22.950
27.530 23.724
23.738 29.433
26.709 27.754
26.254 26.899
21.078 29.730
28.358 28.944
21.819 30.638
19.013 21.812
27.676 24.317
27.894 23.348
26.818 27.274
23.872 27.936
25.511 27.745
34.256 28.461
31.414 35.903
28.780 28.779
36.076 31.655
35.074 37.391
36.455 32.527
34.676 32.477
35.081 31.561
35.426 33.331
29.568 35.086
27.458 28.891
33.163 33.475
30.856 29.520
33.849 34.819
27.846 37.216
33.253 27.998
28.702 29.080
29.381 31.763
30.618 27.997
33.241 29.722
36.065 30.514
35.318 37.529
35.477 36.096
34.405 35.925
31.165 28.485
36.710 31.101
36.456 27.962
30.465 31.725
35.585 36.300
34.493 33.684
33.645 31.539
21.260 32.486
17.298 30.428
25.672 33.046
19.088 33.349
18.961 27.161
17.289 27.274
17.250 30.488
22.169 28.238
19.331 28.002
25.648 33.399
24.945 28.235
22.054 31.966
25.358 27.483
26.317 28.172
18.374 29.278
18.269 26.852
25.033 28.177
23.069 29.580
17.832 33.696
18.269 27.520
24.306 28.844
23.373 34.034
20.811 29.729
19.482 34.547
19.329 34.031
23.584 27.490
21.043 27.449
22.127 29.427
21.726 34.167
26.670 26.279
25.767 28.216
20.760 26.169
18.688 34.520
