50 3
10.000 15.000
15.916 18.265
16.761 20.783
18.233 22.740
17.686 18.981
17.557 21.744
21.136 15.994
19.528 14.582
24.318 23.745
22.092 15.386
25.000 23.985
20.454 16.776
23.603 15.678
16.998 23.832
23.809 15.624
17.643 21.920
18.918 15.001
19.174 8.890
12.983 14.860
13.055 5.725
13.208 8.430
19.613 7.987
15.557 10.507
14.689 9.709
18.848 6.406
14.430 7.970
20.233 15.118
11.824 7.657
11.523 6.874
14.037 6.397
16.227 7.466
11.501 10.630
15.278 15.255
17.753 14.648
9.336 11.368
8.810 9.926
15.816 14.442
9.093 14.522
13.523 17.973
15.790 14.695
17.007 18.315
10.340 14.876
10.300 10.723
8.159 16.481
10.576 13.272
10.722 9.314
17.751 10.120
14.614 15.961
15.044 10.645
13.712 17.355
