100 2
10.000 10.000
33.668 18.704
33.132 23.456
27.294 27.904
32.020 18.147
25.086 23.754
26.665 20.256
26.764 24.866
32.640 18.792
34.458 25.049
31.412 27.399
33.454 18.760
29.078 23.380
28.743 22.420
33.650 19.295
29.754 25.609
27.569 23.065
27.053 24.240
27.459 27.148
25.079 21.624
31.846 20.948
34.312 27.203
25.342 23.066
33.759 26.647
30.008 20.227
29.298 20.154
31.662 22.168
31.799 24.327
25.146 22.060
28.228 22.880
28.094 19.490
15.466 34.759
24.043 33.656
20.661 32.698
21.874 41.374
24.366 38.207
18.086 37.522
24.822 34.546
21.183 42.136
16.551 36.454
16.350 35.669
20.314 37.825
22.399 39.263
20.715 37.374
17.894 39.357
15.712 36.344
23.018 32.677
25.017 36.764
16.101 39.951
23.273 18.832
22.439 24.963
18.307 23.841
19.765 26.366
20.769 21.914
17.766 23.603
27.145 21.977
26.412 20.775
27.074 22.324
22.993 23.852
18.231 19.895
22.648 18.765
23.933 24.055
27.032 19.545
21.208 20.225
25.409 25.437
17.647 19.797
19.567 17.056
18.501 17.706
32.715 37.805
32.474 33.172
28.788 30.657
33.664 37.813
30.328 34.754
34.893 32.542
29.539 32.885
33.850 37.453
36.531 30.283
33.180 36.887
32.115 35.337
35.801 34.386
35.825 32.409
29.587 35.691
35.556 32.246
28.738 38.481
32.653 38.906
33.512 30.364
30.578 37.149
37.140 34.788
34.315 30.619
33.271 32.979
28.963 33.051
28.992 30.757
34.023 34.176
33.599 33.497
28.306 33.010
37.653 30.601
27.842 39.525
27.983 33.488
32.754 38.884
32.846 38.387
