1000 3
250.000 250.000
338.430 235.570
364.991 242.693
333.655 228.768
372.271 280.254
342.442 245.810
370.592 280.854
358.537 253.678
330.671 264.531
336.810 262.055
355.635 253.523
371.613 254.783
355.036 237.533
350.779 231.097
340.284 266.613
352.091 257.484
341.062 242.612
357.109 228.323
355.959 230.992
333.478 263.422
332.658 243.829
325.713 258.349
357.247 270.965
352.777 246.962
334.264 282.576
345.996 247.529
366.018 249.993
325.662 277.419
331.393 238.551
363.836 248.756
356.908 271.111
323.639 238.639
372.849 244.244
348.086 273.813
352.210 265.741
329.429 230.669
339.693 246.849
344.950 237.130
326.029 237.993
363.970 244.658
335.297 235.871
359.183 245.916
339.605 281.049
362.658 248.188
334.255 270.826
333.559 249.949
339.890 272.526
356.463 273.763
363.237 267.086
348.692 268.787
328.023 242.940
332.393 230.764
332.540 245.582
376.395 237.634
333.573 238.100
332.565 228.397
327.159 276.272
355.576 252.629
323.079 240.227
361.381 231.538
349.690 252.304
358.257 270.350
370.215 230.596
354.794 276.668
368.197 275.159
348.013 266.318
324.297 263.174
352.196 244.137
322.593 273.811
332.596 236.443
364.753 244.928
344.623 268.865
374.830 272.024
354.255 271.800
366.467 261.425
372.205 246.555
328.463 255.351
329.500 239.863
334.935 254.527
358.834 228.914
328.637 245.565
341.359 257.819
341.738 262.942
351.407 276.460
331.044 236.042
371.809 260.027
342.607 272.967
373.624 270.666
357.949 230.604
330.558 267.604
377.044 236.165
347.684 242.980
331.052 278.030
375.084 273.909
370.481 239.613
343.273 233.172
327.664 277.967
356.595 228.214
330.873 234.671
356.103 257.075
346.648 256.073
359.154 277.486
370.047 246.312
361.502 245.427
346.958 261.819
369.425 236.570
368.461 236.033
324.083 273.788
342.015 234.549
340.892 278.081
369.058 238.844
353.638 268.929
336.676 253.499
329.708 274.343
365.074 244.195
325.856 227.500
350.470 273.535
377.095 260.540
361.904 239.341
347.915 233.648
326.367 236.415
338.772 267.739
340.249 240.586
359.608 270.949
323.181 278.264
325.951 237.595
334.911 238.459
341.776 232.274
350.881 276.859
332.030 281.413
371.811 242.162
369.632 228.491
373.676 243.664
338.069 279.634
348.858 250.750
375.884 245.223
337.729 255.759
376.055 235.196
335.965 258.711
338.335 243.379
375.070 257.571
348.160 259.863
359.706 247.878
369.126 281.354
323.117 244.147
336.682 274.138
343.448 246.693
329.029 246.213
344.770 232.121
332.587 241.202
344.527 257.839
361.593 259.117
348.043 266.262
344.845 281.177
362.497 263.821
350.939 251.051
341.700 281.405
362.959 264.690
335.679 258.353
363.304 234.656
361.747 268.749
358.679 280.840
342.532 264.192
358.464 257.553
334.944 238.909
346.912 234.291
365.377 269.384
357.437 266.126
360.762 252.438
334.438 271.374
346.375 273.459
342.238 268.295
344.969 258.561
368.861 268.310
376.461 230.992
350.271 241.209
356.271 248.218
347.606 277.692
334.971 236.918
365.922 230.097
336.356 227.429
341.914 245.386
341.499 239.727
342.644 254.201
336.286 260.262
352.052 249.782
345.458 230.387
361.698 234.590
350.535 260.485
356.655 274.218
353.663 242.395
344.853 236.589
325.142 237.411
361.598 255.625
334.898 227.611
351.453 253.457
341.780 280.856
355.096 246.662
357.074 252.833
356.658 256.910
372.359 280.882
374.329 249.658
359.865 259.172
377.078 265.478
374.788 253.393
372.819 235.417
322.804 278.420
353.406 277.225
339.420 266.632
326.278 247.588
360.374 276.761
329.549 231.578
330.933 268.488
363.782 256.939
351.886 232.144
341.865 274.554
357.442 272.944
326.909 256.493
358.553 270.572
332.065 237.031
341.800 269.554
368.870 263.429
366.892 264.170
351.852 271.085
360.072 252.577
358.124 253.837
345.866 281.282
324.829 249.327
338.177 239.995
349.506 267.060
365.517 230.272
361.257 228.940
344.192 228.693
352.462 255.017
342.075 230.207
370.637 260.535
338.938 245.008
332.196 271.504
344.398 236.070
328.734 273.291
325.943 240.537
354.005 276.029
360.845 271.883
336.754 250.683
340.272 231.054
335.294 256.650
336.169 237.696
377.135 233.620
363.818 234.724
377.401 276.063
371.834 242.673
334.764 271.408
332.033 250.322
363.688 236.928
376.265 252.349
368.309 276.652
349.434 260.634
357.821 278.932
345.390 282.286
342.056 245.894
365.979 252.439
337.392 260.963
376.555 250.944
366.083 251.350
361.500 235.241
325.023 266.012
368.691 257.799
374.409 262.387
357.370 279.715
358.879 239.300
376.368 239.779
344.931 277.123
242.167 375.380
247.645 358.661
227.744 349.422
273.249 329.661
249.269 339.519
257.393 356.989
240.249 365.595
268.893 343.077
222.583 365.985
240.915 337.321
237.476 325.915
267.745 355.366
253.878 354.204
252.197 353.260
228.582 324.482
240.957 327.747
243.199 336.648
270.989 333.911
236.821 331.217
273.095 373.145
255.406 369.519
258.612 333.126
271.187 361.012
261.344 367.822
267.682 327.999
226.129 332.134
253.499 352.318
221.963 346.060
259.076 334.176
266.553 328.004
223.824 324.200
220.570 338.358
266.281 357.245
261.315 363.234
251.828 357.191
238.742 334.552
264.603 344.755
246.100 353.682
265.192 348.914
267.287 375.776
228.299 337.063
260.734 324.243
271.894 330.907
242.979 326.763
273.267 336.911
219.445 355.716
259.651 323.391
252.151 361.839
251.013 351.532
266.788 338.124
248.327 327.921
248.714 362.647
248.030 353.524
231.463 357.577
233.587 343.248
244.704 327.663
265.559 370.248
260.658 375.598
247.303 336.761
257.593 366.358
248.713 359.588
258.333 356.284
249.165 355.951
223.727 374.332
231.034 366.137
231.275 329.147
238.195 346.751
246.256 371.654
256.006 338.902
264.538 357.800
221.918 326.920
222.075 365.246
226.042 373.070
250.188 324.139
267.114 371.970
257.030 356.917
269.280 326.512
272.991 322.213
223.901 347.355
228.211 375.145
237.305 342.659
258.941 331.367
220.152 366.387
241.639 360.740
262.989 328.977
248.842 324.945
258.124 328.816
231.199 331.006
224.219 376.218
239.713 329.025
228.890 375.311
249.341 324.813
267.448 345.100
241.332 342.983
244.076 348.350
256.371 373.034
257.227 354.609
265.296 353.934
223.195 359.028
249.883 368.825
225.871 324.621
250.605 360.255
222.475 323.894
262.962 368.204
245.945 332.925
262.816 335.586
249.554 324.826
220.052 348.469
249.938 341.537
273.219 333.083
225.251 330.699
236.372 325.926
240.968 370.141
230.341 326.379
256.590 375.435
219.535 325.908
219.743 358.929
255.211 351.663
236.384 329.996
273.509 340.639
244.344 356.674
252.612 359.694
258.734 331.735
253.100 331.447
251.678 339.531
228.051 328.276
272.937 354.265
231.243 365.850
265.214 363.090
236.427 370.073
250.077 354.433
259.001 377.090
219.534 331.701
218.939 360.957
266.991 346.256
258.863 376.603
236.107 359.966
252.953 356.239
259.899 366.186
274.010 366.803
264.327 349.906
266.077 331.642
265.703 370.284
226.471 336.006
257.260 343.281
227.215 369.462
257.112 322.774
242.599 327.308
259.106 351.865
262.809 366.123
221.733 337.940
226.456 370.861
269.221 346.021
267.379 369.563
252.931 368.246
265.759 331.864
265.791 358.182
232.720 325.949
273.398 327.035
234.066 324.193
226.166 377.001
272.579 328.839
219.826 352.510
244.844 354.974
262.708 376.644
241.779 359.760
262.839 355.728
237.459 335.656
226.443 335.368
219.622 327.707
271.088 324.042
218.931 358.626
265.456 341.375
256.594 371.476
251.066 328.603
259.903 347.533
231.642 329.541
256.836 366.128
244.565 352.579
266.332 364.725
255.907 345.861
254.571 364.436
246.474 349.004
264.328 377.373
242.485 368.870
220.425 354.596
228.726 356.586
260.257 375.167
230.169 358.066
236.531 372.675
268.006 342.324
229.174 337.910
263.674 360.494
265.605 337.207
270.589 369.979
167.795 262.229
161.271 261.236
137.129 253.691
177.054 270.961
151.762 262.609
151.329 266.358
177.860 246.578
133.959 253.886
148.284 247.875
157.431 244.453
155.483 252.604
129.282 239.000
138.586 273.693
151.015 254.478
162.503 256.359
170.747 261.166
167.103 228.671
128.123 275.000
173.326 244.907
136.169 257.558
156.029 240.350
155.476 249.296
127.411 236.362
165.661 273.708
160.349 275.302
128.833 272.460
176.716 251.821
163.748 245.429
126.218 246.752
162.742 248.534
146.714 247.044
133.795 252.131
145.877 268.579
151.428 247.167
155.676 244.581
138.270 257.746
133.254 241.350
132.380 230.167
150.881 239.294
138.361 235.624
157.789 235.254
139.150 240.052
152.464 233.773
128.672 237.955
123.601 244.403
138.358 263.823
123.715 274.979
159.201 257.426
156.399 279.550
129.846 267.043
170.402 260.288
155.174 249.947
163.734 277.465
139.468 238.974
144.520 277.252
124.796 268.566
132.252 264.942
137.232 282.898
165.806 271.003
138.847 245.661
158.637 246.856
152.130 247.313
147.857 279.083
130.596 255.847
149.240 256.178
128.312 281.456
175.853 243.275
149.878 240.610
162.205 246.388
132.696 248.225
151.563 276.847
164.804 278.850
134.811 264.371
174.619 273.137
143.774 259.377
164.705 232.364
135.163 255.557
152.716 239.791
170.694 274.674
132.564 265.444
153.592 266.541
171.825 262.824
159.788 242.346
130.985 250.959
159.790 231.024
142.015 276.686
133.599 281.360
159.334 261.073
147.145 271.021
123.743 248.803
167.012 238.003
128.967 251.544
140.429 282.689
176.894 277.042
159.082 267.106
165.034 261.966
167.803 263.939
174.408 270.589
127.198 275.514
154.300 228.668
151.193 229.030
125.397 256.687
177.224 239.897
169.534 260.201
138.852 245.218
149.954 257.068
162.223 275.162
176.374 249.610
163.244 252.532
165.945 248.843
169.022 281.301
141.644 269.281
142.814 270.389
128.040 249.845
171.049 258.995
162.324 246.017
136.097 264.516
161.453 255.164
159.828 282.399
137.028 255.273
129.552 275.781
129.858 234.175
168.318 266.052
130.561 245.016
131.572 280.634
144.986 274.885
167.813 247.074
157.357 276.515
158.900 230.714
165.547 256.674
125.800 264.413
131.828 274.871
175.298 279.208
152.849 261.605
162.994 279.049
122.797 249.826
136.267 235.607
135.994 277.393
162.468 251.551
174.383 280.563
164.011 274.299
175.414 238.948
154.575 240.176
155.526 266.830
177.208 236.614
168.850 259.032
150.894 244.471
144.092 262.141
144.798 275.540
173.258 283.323
166.927 257.237
157.614 267.421
131.932 259.004
132.715 253.557
137.880 259.111
159.663 234.462
164.147 233.584
177.409 234.641
170.669 236.316
175.865 266.880
133.588 260.929
147.282 276.548
168.185 263.478
135.542 272.651
133.418 243.819
156.543 265.321
124.264 231.254
164.371 276.183
137.436 251.387
152.999 273.132
133.569 267.566
154.782 245.697
130.347 276.634
166.641 261.900
169.964 229.227
157.197 237.266
137.339 271.726
152.991 230.966
134.064 242.705
133.675 274.522
177.021 270.828
175.151 259.595
144.700 234.774
159.021 241.975
130.023 263.665
163.468 244.063
153.006 280.459
142.313 271.094
168.001 230.716
124.270 273.040
164.749 278.344
156.878 233.700
126.719 251.460
146.369 275.454
141.811 239.658
148.350 250.802
151.373 234.991
149.811 245.589
165.261 230.209
130.908 241.971
156.749 229.278
167.510 240.992
142.868 246.286
153.146 246.252
130.091 261.586
150.026 263.966
128.541 281.036
123.275 250.547
170.092 281.413
160.465 237.419
130.559 245.556
161.643 238.489
135.457 245.584
145.609 264.518
158.014 269.145
139.303 266.630
177.406 263.592
156.036 259.188
142.998 257.387
141.284 243.200
154.481 265.076
130.510 239.437
165.994 252.585
168.482 243.959
171.361 271.733
145.139 250.872
152.638 237.657
160.137 280.303
159.364 277.679
158.139 263.725
168.509 258.885
131.591 263.288
131.700 278.438
176.642 279.052
159.436 257.578
128.693 271.265
127.602 232.987
140.352 248.069
155.174 256.614
128.388 233.845
136.969 252.253
148.472 262.134
170.597 247.541
142.908 274.951
123.824 281.119
142.420 235.687
130.740 277.338
126.727 275.974
168.346 267.851
143.223 268.519
135.644 261.795
147.468 230.566
135.053 229.609
163.801 237.581
144.853 260.817
129.834 239.242
169.687 259.539
153.830 243.266
153.079 247.175
128.456 269.908
151.329 238.238
144.367 274.411
128.015 276.366
139.748 281.551
173.961 249.774
174.980 269.598
150.466 250.091
142.891 266.113
126.795 275.130
148.943 247.350
129.574 257.686
139.933 280.453
174.973 247.639
139.294 251.185
173.837 235.618
157.770 264.861
171.055 282.448
165.028 251.956
160.542 240.858
141.700 228.828
150.310 278.659
156.900 258.169
125.758 239.546
145.705 234.930
249.806 152.125
259.587 139.866
262.055 176.438
280.961 169.984
248.704 139.863
252.085 131.118
277.047 141.215
262.648 160.405
292.460 123.738
245.614 150.778
246.696 164.817
238.001 128.898
243.136 165.083
255.094 165.167
252.591 156.682
273.661 146.828
288.704 137.741
247.039 132.653
264.183 175.431
253.159 128.200
275.085 126.761
242.893 133.982
250.407 154.724
273.500 124.357
239.540 168.957
289.202 140.387
270.322 173.893
275.321 139.744
281.078 128.412
257.878 175.234
289.475 142.012
277.353 130.376
252.938 157.662
286.969 172.544
240.915 170.709
286.964 146.156
269.578 143.870
239.259 152.495
250.783 146.887
258.797 142.279
279.638 151.512
258.913 151.727
272.087 153.638
260.656 130.400
288.882 164.328
247.401 154.611
244.943 131.804
240.018 149.706
240.882 126.323
259.462 144.007
280.573 154.363
288.673 128.035
260.081 175.312
276.814 143.653
266.582 153.571
278.067 133.542
292.773 139.551
270.811 173.403
238.462 126.175
281.462 140.796
243.919 142.424
291.854 159.314
280.315 168.328
244.777 135.990
245.057 150.946
291.861 174.784
255.025 168.706
242.068 170.431
283.646 157.561
283.900 160.840
287.119 177.390
292.023 141.670
278.618 130.968
265.819 147.987
290.181 148.905
273.341 132.051
259.763 157.766
279.843 157.775
270.434 154.326
258.583 123.484
282.558 134.086
242.389 152.956
260.525 164.283
291.798 165.114
266.442 165.375
247.413 177.762
291.531 169.473
274.853 153.655
267.761 167.299
261.596 143.779
272.932 171.646
263.700 130.931
268.749 170.969
266.551 135.565
281.354 136.782
269.641 159.265
281.386 142.425
288.248 124.870
242.608 155.758
242.854 149.504
243.031 173.263
249.468 157.114
291.424 148.041
288.449 171.854
255.946 141.001
259.259 165.176
270.142 140.216
288.274 125.492
286.401 149.135
254.011 148.660
282.741 128.487
275.427 153.843
240.286 155.575
243.245 145.340
283.648 124.487
278.841 152.556
291.189 133.482
289.072 154.902
266.815 165.953
248.234 151.536
278.251 151.307
253.899 134.127
292.882 149.840
261.195 155.431
292.743 137.354
270.752 144.986
241.433 171.552
256.306 150.706
275.640 178.414
248.754 136.003
266.697 159.634
269.281 138.307
288.872 155.858
283.582 174.064
261.365 175.305
253.296 165.129
248.640 140.787
272.621 159.696
262.626 149.858
274.602 159.133
258.489 177.855
253.923 131.738
241.445 136.751
246.526 142.649
292.434 141.183
272.952 168.543
246.402 150.591
264.100 156.882
290.461 138.494
249.731 178.751
276.871 156.592
281.236 156.104
287.917 164.215
266.518 171.682
249.613 132.157
261.578 127.181
268.340 156.396
250.847 137.520
239.800 176.929
260.950 135.543
291.931 140.116
250.787 156.977
286.049 171.240
279.731 174.342
283.477 158.229
242.572 160.011
262.228 140.843
291.785 152.240
275.185 146.385
251.757 157.106
270.590 143.191
290.214 163.002
259.003 144.795
266.987 128.434
246.376 140.582
288.663 175.821
252.172 136.355
278.583 165.915
273.637 169.435
262.466 158.200
246.093 177.113
243.978 174.602
241.342 176.852
281.052 131.983
263.305 129.505
289.376 168.560
279.907 152.662
281.326 146.249
266.429 158.348
247.105 126.037
271.118 134.249
255.812 124.078
265.207 145.955
290.387 176.858
290.983 170.800
273.525 126.914
287.599 171.457
242.965 139.635
290.750 162.141
243.519 129.460
252.380 128.846
278.542 154.192
290.322 174.135
260.446 150.583
268.927 123.495
265.742 130.422
271.304 139.795
278.138 153.161
268.382 139.390
239.660 141.406
249.088 131.504
264.284 163.771
245.106 163.940
244.117 126.953
273.281 153.242
243.218 163.074
249.281 146.985
290.274 128.432
264.764 146.697
254.665 132.713
291.042 123.851
269.399 139.137
276.851 136.536
291.513 134.450
253.460 145.355
271.625 135.326
292.227 156.646
243.131 171.745
247.841 177.228
270.799 149.647
258.792 163.677
286.631 126.110
252.884 156.678
262.385 167.942
238.539 158.935
265.586 168.284
245.621 153.812
253.112 144.235
264.712 126.711
267.315 133.819
274.621 159.097
285.282 175.845
287.293 125.895
255.976 173.041
252.006 155.789
240.291 124.531
265.298 154.249
259.354 126.288
243.642 148.727
