200 3
50.000 50.000
65.182 51.598
74.192 50.547
64.814 47.132
75.145 51.692
67.552 53.009
71.688 41.896
71.953 52.488
71.473 47.263
67.512 48.202
69.917 42.049
67.986 43.536
71.146 46.407
70.341 41.797
75.355 48.117
69.272 47.947
73.269 52.337
66.488 42.268
69.268 41.675
66.598 47.772
74.639 49.349
69.336 45.913
69.727 50.439
68.581 52.765
69.400 47.720
66.818 49.126
69.202 49.310
64.364 46.644
71.719 52.345
72.974 44.348
64.370 45.518
72.635 51.689
67.890 50.038
67.399 45.459
66.959 43.744
71.376 52.205
71.940 52.133
66.358 44.051
64.007 49.480
65.417 45.000
72.278 43.549
69.209 46.356
73.130 45.534
69.819 43.823
75.763 45.359
73.432 43.378
72.729 41.352
75.187 48.761
67.973 43.223
74.006 51.822
64.978 41.214
69.482 46.512
68.162 51.891
66.552 46.756
64.694 50.270
67.631 49.260
66.962 46.956
71.374 48.212
75.667 44.503
65.635 48.740
72.503 52.821
71.742 45.250
70.803 43.290
74.786 51.799
70.801 49.268
72.400 45.489
72.004 47.867
70.451 44.292
72.052 51.817
71.601 43.617
45.737 70.473
43.424 68.716
34.892 71.184
37.318 72.394
37.524 61.377
46.056 67.864
38.629 64.025
39.258 70.833
40.056 64.108
40.935 63.460
38.089 63.529
39.530 66.753
41.030 64.527
43.369 72.168
45.781 66.933
42.345 70.970
46.015 71.293
39.512 67.250
40.328 67.625
44.461 68.134
43.149 66.915
34.183 64.095
40.766 62.096
36.391 63.849
41.478 63.846
44.778 63.825
34.501 66.278
44.634 65.137
45.067 71.681
45.554 72.574
45.167 68.366
42.889 68.114
42.035 70.055
42.804 63.836
41.833 62.519
44.459 73.194
41.236 65.694
41.918 61.704
39.386 66.308
37.447 62.036
41.221 61.396
34.384 63.647
35.821 63.041
39.211 65.990
38.959 65.828
37.809 73.306
42.770 71.198
44.371 62.277
37.228 66.283
34.797 63.042
36.791 71.799
34.768 66.406
41.865 70.987
41.763 72.882
43.780 67.538
37.388 67.661
37.668 62.427
39.740 67.155
37.202 29.503
32.799 37.754
32.995 27.675
42.750 30.894
40.521 34.502
34.762 28.095
42.091 34.236
33.566 38.084
42.017 28.180
41.268 31.691
39.658 32.920
43.481 34.859
32.860 35.329
42.326 34.860
38.589 35.998
39.486 30.606
43.529 30.836
44.227 35.044
40.303 29.839
40.054 35.342
36.114 32.640
44.092 34.439
37.793 33.900
34.190 27.557
37.349 36.532
37.034 29.470
39.676 32.208
35.052 33.658
32.820 36.655
38.528 28.767
34.413 29.976
35.124 36.917
39.226 33.452
42.427 27.573
43.243 38.817
36.542 36.375
39.969 36.908
38.323 31.872
39.479 37.013
40.338 28.206
44.046 27.681
35.036 37.434
34.345 33.575
35.463 36.509
39.118 27.596
35.147 27.925
39.569 28.594
43.957 37.659
33.215 36.396
33.489 33.616
39.394 38.191
44.453 36.263
36.858 31.229
39.839 35.047
36.241 35.600
33.290 28.118
36.332 27.894
41.385 32.062
38.836 35.246
43.090 39.255
36.818 30.116
35.715 28.640
39.077 36.609
33.662 28.594
34.638 27.549
40.322 37.694
43.340 38.570
32.956 33.662
43.222 27.696
43.264 35.575
42.608 39.010
41.603 27.731
