200 2
90.000 10.000
46.201 60.538
46.624 63.124
49.076 57.729
52.998 63.078
46.528 62.138
46.173 54.015
49.142 58.325
51.155 58.074
50.770 61.018
50.265 61.845
47.673 63.179
53.606 58.263
51.956 54.273
47.192 55.975
50.215 60.782
49.870 58.076
46.322 57.224
53.083 61.162
44.982 60.472
45.537 62.504
49.352 58.232
48.209 54.341
45.176 55.971
52.052 56.755
52.394 56.360
52.499 61.232
51.236 58.537
51.938 62.429
45.884 58.242
44.708 60.758
50.096 60.483
46.177 54.182
46.846 56.067
45.594 56.233
52.022 54.091
43.657 58.018
51.739 54.300
51.179 58.571
48.995 56.991
45.007 57.535
44.306 57.091
50.025 60.567
48.167 61.568
48.707 60.292
49.977 57.730
49.066 56.703
48.878 60.425
52.405 55.065
44.522 56.330
77.673 42.468
76.860 37.416
79.405 37.152
75.056 37.871
72.812 35.330
73.618 41.526
75.062 39.906
77.521 39.374
75.172 38.127
72.633 34.559
81.784 38.078
72.506 34.955
76.137 39.540
77.754 39.486
77.355 37.834
78.808 38.993
77.424 33.940
80.746 38.386
76.110 33.126
74.155 35.385
80.646 41.189
78.931 36.390
76.040 38.686
74.173 40.275
78.916 40.778
75.421 36.897
77.397 41.126
80.870 38.690
81.794 42.473
73.534 37.433
80.035 36.657
78.034 35.404
73.876 42.713
77.508 33.124
79.901 35.385
77.912 41.752
73.793 38.650
73.063 41.706
78.770 39.437
74.121 37.050
81.559 33.018
80.033 42.595
77.808 41.447
76.795 38.961
79.255 35.016
75.310 39.191
78.087 39.299
75.233 37.033
76.876 38.155
76.996 42.172
72.704 41.444
78.786 38.394
74.079 36.810
32.729 53.619
35.363 54.012
37.673 54.590
38.800 54.287
31.979 57.453
36.520 51.493
39.703 55.208
31.336 58.400
36.969 51.043
31.213 58.700
33.740 55.910
34.673 58.266
39.085 58.147
35.344 50.788
40.018 53.210
33.164 52.154
39.800 59.519
32.062 57.865
33.819 54.176
38.296 56.753
37.372 54.066
33.712 52.969
37.281 53.387
36.088 60.635
30.840 53.828
39.491 55.031
36.287 50.836
37.096 50.744
34.130 55.912
39.426 55.651
30.862 52.660
35.995 55.954
33.215 51.265
32.002 56.852
37.793 56.333
31.037 54.800
33.708 53.714
56.291 53.175
52.327 48.570
54.214 49.415
52.234 49.482
52.079 48.906
50.694 52.412
53.198 51.938
52.469 49.222
55.353 55.834
56.677 58.315
56.245 50.609
48.602 49.355
49.714 58.009
51.653 58.462
55.351 49.661
54.739 54.720
48.563 54.003
53.532 55.771
55.153 49.530
50.356 52.942
52.663 53.083
49.122 55.856
57.370 57.581
48.875 54.144
51.679 50.052
52.645 57.057
49.169 54.743
57.192 52.804
50.273 50.558
54.060 56.346
57.550 51.040
56.198 53.014
55.456 57.596
48.655 51.622
49.723 50.313
57.246 51.058
51.137 55.116
51.561 49.508
50.103 49.747
56.814 57.595
56.968 56.478
56.231 54.068
49.157 50.566
50.363 49.333
50.357 52.621
50.066 49.056
48.956 48.651
56.089 55.398
57.926 50.431
50.214 56.006
50.821 57.175
51.020 51.358
55.493 51.317
55.862 54.083
49.728 56.543
48.725 53.292
48.255 55.850
56.245 49.895
50.486 51.088
52.186 53.011
