500 5
233.334 16.666
125.169 118.034
141.100 108.991
127.474 123.191
121.576 110.832
142.822 118.415
141.567 106.599
144.306 122.324
135.104 113.409
143.640 102.552
126.209 123.162
139.140 106.071
138.657 101.821
139.692 112.970
140.954 105.041
138.636 115.958
143.488 111.900
136.099 111.266
123.655 118.398
125.819 117.607
127.817 100.363
145.017 120.845
122.009 113.795
122.191 107.880
143.533 114.001
135.294 120.806
126.580 100.568
124.344 100.643
140.104 115.282
145.503 118.470
135.738 121.449
138.436 118.391
139.069 107.272
129.985 117.036
145.255 99.200
123.763 116.418
139.810 109.019
143.289 107.102
141.549 121.369
138.834 119.592
128.476 106.474
126.813 121.764
124.208 105.059
130.713 105.459
122.604 102.533
130.179 114.360
123.876 99.548
121.734 116.738
137.512 111.827
131.450 119.895
145.268 111.882
136.145 121.489
124.681 122.254
134.395 100.517
131.987 102.562
137.187 118.361
132.530 100.247
130.235 112.927
123.099 109.616
132.991 103.668
136.218 112.062
137.827 108.090
133.242 112.799
140.751 99.325
136.044 114.530
133.015 102.079
144.631 110.478
138.193 109.140
137.066 111.843
135.471 101.620
131.418 119.125
139.851 119.883
122.183 118.460
124.475 112.300
134.564 104.497
142.679 100.955
136.658 104.600
135.665 118.355
144.776 98.811
140.532 113.038
126.606 106.465
124.937 104.313
133.083 122.442
139.052 106.387
122.421 122.077
134.201 123.123
130.517 101.294
143.816 122.568
137.484 100.989
131.441 106.363
145.878 112.264
131.590 116.676
146.253 108.179
131.119 110.960
122.117 106.500
132.756 122.266
137.517 107.331
125.998 111.722
144.114 109.679
121.864 122.945
121.799 115.154
131.910 118.136
138.283 113.668
130.448 100.487
133.076 111.167
129.640 108.437
140.939 121.203
138.476 100.864
122.351 111.234
123.485 104.486
141.543 106.492
141.034 122.493
143.054 114.935
122.666 121.569
129.559 110.309
137.938 110.149
132.681 98.248
124.071 114.417
146.269 118.137
129.075 121.460
122.921 120.005
126.562 121.784
135.338 107.293
139.949 115.167
131.026 101.690
134.359 118.366
133.836 111.667
137.303 117.328
132.965 113.177
130.303 118.491
120.792 161.091
133.781 147.199
118.287 153.459
115.557 148.143
122.835 163.427
123.708 162.790
117.242 154.031
120.122 157.342
126.020 168.541
129.064 158.730
123.198 167.827
116.368 163.372
113.717 148.731
135.007 167.355
122.876 169.804
133.146 149.553
127.147 161.507
133.904 167.703
122.821 156.108
127.543 164.421
134.857 168.687
117.535 165.545
119.554 164.773
122.474 160.040
132.205 169.425
131.859 152.716
113.575 165.249
129.074 167.696
134.902 164.275
127.337 159.238
114.009 166.429
130.772 152.135
112.399 157.668
121.343 148.959
116.572 167.983
128.464 160.389
119.320 155.066
122.300 152.876
127.904 158.896
120.839 152.306
119.089 160.416
123.704 166.114
119.098 170.404
118.227 160.611
123.839 171.637
118.972 166.137
135.672 160.945
136.337 163.777
124.954 160.994
122.575 162.952
119.922 154.072
130.435 164.993
126.506 155.677
112.362 163.887
126.625 161.837
129.005 159.986
114.029 154.024
132.739 157.829
112.769 166.836
128.586 171.472
136.050 167.251
122.025 161.400
131.640 153.428
133.760 169.901
112.926 149.891
136.380 161.109
121.719 167.193
122.009 148.095
113.987 149.229
123.111 150.693
123.092 160.047
120.428 153.460
122.083 163.839
118.960 148.565
136.212 154.664
116.185 171.950
128.495 148.546
129.568 165.798
132.183 161.732
121.672 163.066
113.592 153.305
115.606 155.080
129.793 149.649
121.308 149.837
113.654 153.591
124.432 159.548
123.612 169.654
133.751 170.399
114.856 158.742
134.553 148.119
130.653 154.387
113.349 166.160
135.102 166.217
102.998 176.693
87.738 189.519
96.935 181.176
102.344 176.364
102.078 193.934
88.656 178.599
99.752 175.448
97.964 181.474
101.861 188.622
100.831 182.339
95.062 191.326
104.865 182.835
90.761 173.788
107.924 176.233
103.207 186.351
97.696 176.265
86.677 173.307
88.975 177.071
89.951 180.927
101.898 176.162
88.725 187.600
107.808 186.626
108.570 194.525
104.841 189.086
99.494 181.079
92.011 183.269
89.746 187.997
86.941 174.928
89.458 196.011
87.383 190.254
92.167 178.932
93.320 184.089
104.934 181.749
91.104 187.294
96.383 182.839
94.303 195.789
89.668 193.525
102.898 177.312
108.127 183.651
88.265 184.475
104.637 183.608
87.952 174.771
96.553 179.644
103.639 176.857
93.865 179.993
101.607 187.390
109.446 177.192
106.192 187.188
94.302 187.597
86.840 173.710
100.110 183.450
100.910 185.889
111.166 186.807
94.758 192.736
111.295 191.656
88.178 194.200
111.100 182.592
88.873 187.180
93.806 172.180
101.467 186.865
102.325 191.633
92.993 177.910
90.767 183.469
102.066 188.065
108.243 177.699
91.827 195.587
98.988 195.295
108.241 197.029
93.352 180.095
103.632 191.263
99.316 186.744
100.018 173.150
97.348 193.711
87.944 194.240
110.454 192.559
86.818 176.925
103.115 191.287
100.402 184.496
95.534 184.306
98.060 196.072
98.609 192.676
110.176 177.894
89.524 194.508
108.250 195.840
98.080 186.854
96.460 194.060
108.880 195.601
97.323 187.263
92.022 176.345
104.782 172.722
98.315 173.917
104.755 196.808
105.621 182.067
87.865 181.255
94.464 184.112
88.111 176.141
111.357 188.202
92.687 195.533
109.347 176.380
97.360 175.195
94.508 189.847
88.544 183.045
98.166 190.587
88.478 172.503
91.285 177.083
96.699 195.815
101.440 176.954
106.534 179.469
105.496 187.062
88.054 187.125
93.328 180.771
95.552 175.618
95.751 194.480
94.521 186.392
102.440 182.961
91.351 180.135
91.941 182.176
90.762 188.369
73.428 192.645
76.830 196.104
84.044 184.162
85.268 188.381
71.869 182.150
93.436 186.518
74.568 180.632
82.715 202.543
86.841 188.211
78.630 200.786
80.852 194.947
78.666 201.482
73.411 179.563
93.148 189.685
76.323 196.004
93.016 184.001
79.842 202.179
72.344 197.048
95.952 199.783
92.221 195.131
75.042 189.354
71.732 188.225
91.604 185.084
90.093 188.313
85.210 184.890
86.845 193.544
78.883 197.260
74.344 184.164
88.651 190.122
94.393 202.018
71.937 199.287
86.037 198.604
79.218 195.650
78.926 197.113
86.627 179.218
77.492 187.660
86.486 189.767
80.532 201.715
93.569 184.470
73.411 190.870
96.517 192.559
91.009 185.488
94.171 193.170
84.642 196.097
77.144 198.692
78.068 192.462
73.543 197.020
80.520 196.337
71.964 181.175
85.725 184.235
71.918 179.433
95.330 180.347
93.648 201.462
93.417 195.949
74.628 194.521
90.384 199.094
76.195 184.943
81.025 194.645
78.360 200.235
84.721 190.115
94.971 197.436
79.672 200.207
88.890 186.432
95.292 202.788
92.341 183.632
73.733 194.707
92.768 186.465
75.171 187.568
77.991 196.425
82.520 185.190
84.052 199.237
92.660 188.824
90.548 185.194
92.994 190.472
80.310 184.599
76.707 180.883
90.263 187.845
74.000 184.275
96.358 186.065
96.487 196.359
94.588 190.466
73.668 194.692
91.472 196.052
79.186 196.650
82.254 187.395
92.293 187.751
89.700 193.909
78.746 191.634
89.627 188.810
86.855 183.838
84.110 202.635
79.381 184.960
83.133 187.093
96.577 190.064
77.024 202.832
79.009 189.874
88.228 201.908
89.534 181.152
82.143 194.324
87.624 193.493
80.118 179.787
88.588 196.153
72.813 202.392
94.499 195.202
92.775 185.122
93.137 200.019
89.281 188.562
72.724 185.922
95.084 180.338
83.877 193.282
74.992 180.372
74.561 194.856
74.627 185.945
77.582 188.795
92.957 189.635
91.906 180.949
87.010 200.986
73.964 195.176
88.722 180.351
88.121 190.947
82.363 191.360
76.720 192.640
72.916 185.706
89.736 180.671
87.420 182.208
81.030 192.968
74.123 193.152
76.309 199.568
79.404 185.973
74.123 188.128
84.712 195.171
80.248 182.318
84.660 179.201
85.348 200.827
80.668 201.528
95.190 186.822
93.742 192.896
86.697 197.752
92.542 193.181
78.547 197.827
90.816 200.434
81.894 197.556
84.200 193.474
86.903 194.453
87.196 181.168
75.772 184.234
94.195 192.298
86.499 180.774
88.307 180.594
89.916 197.417
85.539 202.306
72.785 184.313
92.492 179.165
93.432 199.500
77.283 197.526
81.007 190.775
93.584 179.106
83.445 201.014
94.904 183.820
