1000 7
250.000 250.000
325.594 222.888
363.597 231.696
346.487 269.387
365.102 263.079
346.182 254.593
361.023 271.103
345.373 252.012
323.759 253.385
354.120 234.530
364.692 231.068
343.823 234.371
374.631 270.381
368.632 247.821
337.566 229.274
329.343 233.122
344.392 256.643
353.259 258.254
363.812 243.962
328.485 222.610
373.959 236.965
322.445 265.110
337.400 231.662
325.820 218.848
342.468 259.100
343.118 260.249
336.262 268.036
347.845 256.793
374.145 253.091
351.146 244.877
328.642 225.451
323.955 234.032
355.580 232.483
349.725 243.849
328.651 239.682
331.402 267.202
361.751 271.108
372.416 218.746
355.355 222.567
354.024 265.021
332.357 264.750
339.430 232.602
341.422 270.964
371.458 263.112
331.671 259.961
375.961 233.633
361.923 265.952
334.405 227.081
339.913 217.443
337.573 268.334
338.117 236.647
341.946 231.037
364.441 246.988
327.219 226.718
339.472 251.880
349.264 231.418
364.980 247.794
358.181 234.785
349.081 262.958
334.723 225.072
374.708 241.209
366.297 230.138
372.420 238.720
363.467 233.063
368.855 245.759
368.041 232.012
374.987 267.147
324.813 218.384
350.369 268.806
364.074 272.546
337.293 236.394
334.935 242.732
324.823 266.010
342.126 256.294
335.642 256.503
361.106 217.836
368.296 252.839
377.533 246.070
359.608 266.436
360.356 253.441
373.658 260.069
323.475 243.315
349.282 255.630
334.952 271.058
355.046 247.363
347.413 257.241
331.229 237.875
352.571 256.607
371.072 271.367
341.119 221.061
349.382 226.020
354.724 246.477
375.047 255.312
373.769 233.590
351.104 250.148
342.081 219.721
360.748 251.425
372.876 249.033
334.484 251.550
377.113 236.989
343.048 221.222
371.060 253.534
364.217 243.765
331.981 260.616
324.581 264.876
351.121 223.103
347.602 244.202
367.307 229.728
342.761 256.373
356.200 260.727
358.398 219.839
328.376 240.115
372.199 250.121
353.389 265.719
376.031 269.389
340.339 233.888
349.290 239.343
322.428 262.683
340.214 253.733
336.714 232.080
375.879 232.995
327.298 250.109
352.030 220.859
369.388 237.786
345.676 217.429
322.559 243.429
362.856 223.207
355.468 270.573
355.479 258.824
363.542 222.085
329.930 253.212
336.349 228.865
329.292 257.758
377.437 245.149
330.471 257.478
334.567 237.021
353.312 262.538
362.262 266.745
328.860 217.243
349.726 243.652
356.262 236.361
359.211 260.761
366.891 253.503
335.263 246.448
359.338 253.155
352.589 248.101
373.787 246.584
336.295 238.303
322.869 218.373
375.070 234.721
325.277 260.196
335.136 268.579
364.645 222.327
363.948 229.531
329.252 234.622
322.623 234.722
370.299 222.521
335.181 218.758
366.714 252.598
366.650 238.485
348.794 269.351
329.294 266.331
374.157 261.340
342.979 227.764
364.968 219.244
373.447 236.052
332.182 248.168
335.250 227.254
337.176 249.550
336.675 249.373
354.910 250.330
357.942 245.895
375.755 217.279
362.681 220.856
345.999 224.654
353.888 249.418
373.565 263.883
375.880 270.650
373.738 249.784
332.711 231.978
351.441 229.774
336.160 217.884
331.014 225.814
367.803 260.253
351.138 250.494
337.410 223.256
337.110 246.184
362.030 254.824
367.388 219.714
371.710 244.902
357.573 249.527
329.040 262.216
339.205 239.071
331.234 267.488
347.329 225.615
327.988 221.153
352.155 217.308
365.563 224.690
369.421 248.365
327.551 226.842
325.360 250.501
327.159 249.050
354.135 260.176
348.250 227.318
357.325 251.432
330.657 243.710
338.522 227.376
369.294 230.401
353.195 241.184
371.409 217.838
323.204 253.850
328.746 226.026
325.230 249.056
332.965 226.170
355.147 246.487
344.301 240.210
347.329 230.973
376.114 262.079
337.244 262.718
370.668 227.094
345.880 239.110
371.548 263.560
376.110 254.570
322.255 219.913
368.423 261.361
352.094 257.008
326.451 238.160
323.595 251.979
323.004 256.743
376.711 249.839
342.243 220.538
344.206 238.504
351.936 234.790
343.081 217.208
375.418 243.303
360.376 226.659
339.349 270.201
348.177 256.425
357.600 251.689
350.412 252.901
333.956 262.196
327.464 219.059
349.546 219.703
373.760 242.160
358.289 268.741
374.789 259.385
359.564 257.857
337.602 262.153
335.786 218.250
340.573 225.193
329.482 229.606
327.239 244.004
376.666 251.744
341.621 219.262
343.992 249.377
361.508 259.083
372.504 253.057
361.829 230.015
357.809 224.844
363.461 221.903
376.309 252.809
338.779 265.472
366.658 259.810
330.101 262.228
340.291 254.978
323.943 244.885
326.351 234.980
344.796 241.149
333.452 265.513
340.801 265.372
362.716 219.981
323.733 258.104
243.225 347.321
226.755 339.082
257.406 368.274
237.959 356.144
230.005 358.345
223.539 349.221
214.363 362.833
211.193 339.277
237.221 344.948
211.806 348.328
226.352 341.297
253.200 326.213
228.659 339.513
212.311 374.679
231.076 362.775
241.420 367.781
252.556 374.629
240.791 373.589
255.277 325.321
227.668 370.701
266.260 342.212
242.412 360.061
262.962 338.382
225.491 349.521
212.459 354.682
264.830 376.274
264.383 366.692
222.503 368.733
258.538 323.697
241.706 339.628
258.765 359.309
251.002 326.004
237.779 375.683
256.625 345.912
217.344 348.403
245.655 368.516
231.155 325.729
251.738 360.563
216.653 349.316
222.490 353.290
237.095 335.235
241.421 323.878
227.646 341.954
237.652 335.566
233.358 336.315
218.224 330.859
237.139 333.798
252.855 326.012
253.102 329.333
226.876 370.038
213.605 342.826
216.318 351.350
264.658 357.543
234.368 360.565
244.186 359.617
217.968 365.388
218.349 369.656
223.871 324.248
226.676 322.246
260.022 375.997
259.412 352.933
263.104 344.690
238.956 354.652
216.822 354.611
221.111 346.267
215.344 330.261
218.027 323.154
251.710 373.807
212.248 342.814
259.399 349.460
224.340 328.843
252.783 357.943
212.091 345.386
248.768 351.000
230.710 373.402
216.826 367.461
232.358 337.704
258.466 357.359
256.308 359.986
222.956 356.099
262.705 332.557
227.330 342.759
251.515 361.218
240.900 346.464
243.798 328.694
232.923 365.045
226.854 331.811
237.954 327.335
216.573 354.090
242.115 323.603
212.206 349.559
222.807 324.118
220.538 357.076
222.309 345.629
251.408 364.223
250.577 343.812
232.083 372.761
242.352 327.842
255.773 375.769
263.596 370.979
241.383 325.172
258.083 361.295
246.409 337.026
228.840 374.175
241.379 338.352
214.895 369.104
234.769 337.317
213.685 344.855
240.409 355.274
235.687 345.049
236.548 368.465
221.223 334.913
246.697 364.410
265.613 340.076
223.969 364.581
239.838 327.196
263.506 346.043
228.031 367.383
217.244 349.365
246.125 327.117
232.059 355.755
224.542 364.407
234.039 345.623
260.481 332.210
242.500 328.936
214.136 347.624
212.841 349.414
254.095 356.053
258.969 329.510
253.191 366.515
265.103 375.245
244.398 361.489
225.640 346.143
227.132 323.524
245.373 368.469
220.082 371.916
241.250 349.798
226.999 332.116
211.257 343.567
262.885 370.617
222.742 361.393
248.949 340.237
213.907 336.103
217.657 324.369
251.528 323.363
264.654 345.778
251.691 330.595
214.052 368.607
222.901 344.952
236.817 341.922
231.283 340.264
216.440 360.919
250.255 326.716
231.593 374.772
250.428 344.643
237.588 333.305
216.439 321.729
239.202 325.630
243.960 339.065
244.689 358.227
218.631 364.545
263.468 330.464
263.812 366.723
232.179 324.900
252.491 350.858
248.171 363.315
214.708 335.593
245.924 327.601
234.495 372.136
220.237 354.353
222.371 349.174
220.912 356.370
240.302 364.991
264.199 341.668
224.973 326.800
233.963 359.452
256.984 348.044
230.451 369.872
219.803 369.450
218.204 375.109
237.186 354.438
231.270 360.602
247.334 338.119
216.339 358.765
217.273 369.373
235.373 336.509
214.583 328.317
227.264 337.090
252.186 355.836
219.476 369.812
259.961 371.952
258.729 363.203
265.644 356.678
243.136 335.483
233.957 352.856
265.634 346.918
245.029 336.284
221.362 351.042
230.819 375.479
253.238 370.492
262.551 335.591
216.424 347.951
248.097 329.743
242.259 335.143
227.364 354.558
266.148 323.310
246.545 351.869
233.948 333.580
241.056 343.257
237.344 356.733
233.105 367.389
219.446 338.355
223.585 337.116
229.082 347.884
214.152 341.228
225.074 344.702
235.671 374.573
249.972 364.489
218.901 339.785
242.073 347.254
263.308 372.668
224.519 346.811
266.226 368.265
216.839 373.038
230.768 374.789
253.063 325.313
214.038 358.390
262.075 366.250
255.734 352.997
218.263 375.364
256.118 327.331
211.550 325.709
230.097 376.325
243.202 359.837
252.756 355.749
214.835 325.859
229.928 357.028
255.502 330.331
214.587 351.052
265.152 332.340
211.130 322.237
260.839 351.148
261.640 326.293
244.564 329.321
261.324 355.895
222.792 338.577
211.464 372.600
222.832 345.395
239.288 335.374
253.037 348.567
243.917 346.161
232.896 345.886
246.656 347.307
232.676 329.719
242.657 358.205
253.817 344.771
222.231 358.074
241.053 358.995
244.457 355.167
224.917 357.041
249.361 371.790
236.168 343.257
218.278 335.576
224.797 336.152
263.964 362.980
232.957 367.860
156.044 250.014
169.562 280.030
128.000 274.504
144.521 238.819
145.551 288.593
141.898 287.719
140.226 251.843
166.770 268.588
154.020 241.625
129.488 283.994
155.847 277.320
124.990 287.779
171.826 256.101
124.019 285.119
141.776 262.966
176.424 235.949
173.176 252.854
162.896 235.728
146.146 261.651
127.088 261.913
142.314 245.269
164.836 263.488
137.437 252.629
141.477 256.509
151.079 271.828
174.828 274.469
130.754 267.677
158.606 258.421
126.255 289.731
138.523 281.504
154.275 263.939
168.454 259.711
135.338 261.563
123.434 286.486
172.490 284.829
123.314 261.314
136.554 238.806
123.152 272.216
136.293 258.315
125.000 251.933
143.624 252.227
166.567 239.519
158.825 255.349
166.166 241.604
140.809 280.186
158.817 272.536
127.489 253.811
155.865 268.766
123.986 269.360
162.798 267.569
139.341 273.283
171.954 239.561
123.806 277.193
132.959 279.942
152.284 262.530
153.495 240.140
175.674 273.988
153.434 269.146
160.912 288.521
133.510 263.245
123.795 241.725
144.142 256.268
172.293 237.969
150.405 238.868
134.922 287.075
132.380 272.392
177.862 278.229
163.624 286.151
152.061 257.260
160.861 267.258
143.163 267.736
172.813 238.429
168.683 269.176
172.567 247.763
164.277 262.282
133.534 283.979
133.157 246.205
139.382 260.431
131.069 259.056
135.266 278.851
132.717 261.808
150.869 267.163
126.255 266.296
166.860 248.244
149.055 255.500
151.461 285.487
125.711 260.920
164.957 243.475
136.004 247.180
149.207 287.206
164.655 243.099
147.309 286.962
169.427 287.137
152.994 272.878
131.208 260.200
128.864 271.503
163.254 250.473
157.183 264.528
134.413 242.983
155.321 290.262
147.199 270.721
150.475 236.075
177.558 248.318
141.587 256.321
127.798 250.516
139.513 263.778
133.045 279.802
130.248 247.899
172.206 244.880
174.106 267.860
145.558 263.679
143.237 237.908
161.721 267.101
153.919 269.909
160.345 235.624
155.527 254.920
162.618 286.200
152.192 250.384
142.055 245.496
173.188 287.219
164.784 242.727
161.454 278.063
125.826 235.514
177.078 261.652
129.999 265.060
146.244 241.000
143.635 251.767
151.867 253.994
165.319 263.648
140.513 269.091
148.975 284.067
171.918 253.917
141.986 266.963
159.875 274.668
168.730 237.115
156.436 250.968
143.153 265.049
145.280 249.451
174.513 245.883
167.705 286.792
141.589 277.793
169.131 278.240
132.715 289.947
134.540 267.964
141.845 253.514
175.689 253.400
148.333 287.068
177.189 242.833
143.859 258.060
153.547 240.125
163.714 250.417
161.365 251.440
135.967 278.226
171.395 272.166
148.277 241.076
130.747 238.231
124.925 239.690
134.140 266.314
123.214 252.873
150.518 237.310
132.760 261.195
150.506 285.683
148.242 240.449
128.306 248.203
171.804 276.278
165.442 290.337
142.355 286.722
137.893 272.049
150.857 267.140
124.812 258.518
130.868 272.238
165.632 278.508
169.475 272.502
172.824 243.031
155.012 274.092
126.204 264.408
167.861 271.909
152.352 283.789
174.811 270.354
141.690 235.187
148.626 275.333
165.702 270.000
170.443 276.433
177.281 260.949
149.957 249.216
158.944 267.325
130.109 288.302
127.185 238.253
165.431 271.642
142.950 274.426
170.586 238.179
146.219 264.453
133.414 238.396
137.896 236.559
142.974 277.927
129.573 242.860
147.924 242.223
144.504 248.239
145.326 251.486
123.421 288.695
170.139 290.390
166.240 266.927
176.552 266.531
149.299 271.310
125.979 239.876
152.282 256.002
125.072 260.081
150.277 288.518
158.006 259.093
143.446 274.615
137.412 253.461
151.215 278.133
145.876 284.295
149.865 270.674
170.694 263.310
124.084 251.168
153.057 277.998
275.400 139.380
260.801 124.546
268.152 145.286
266.650 126.787
245.451 171.065
268.000 124.906
256.074 148.557
278.284 177.437
265.851 154.567
266.679 136.693
266.007 140.897
281.483 158.261
238.864 136.448
274.370 129.393
260.672 158.962
284.960 137.711
236.743 164.728
263.905 138.648
274.219 159.536
267.521 155.399
280.892 163.637
265.328 175.507
249.879 162.374
284.397 171.649
268.251 135.242
280.482 142.090
288.970 174.957
274.373 167.241
270.889 170.607
285.705 159.740
289.420 157.067
252.704 128.697
276.896 147.879
259.619 131.839
241.570 129.931
247.892 142.263
265.244 159.500
246.647 150.507
287.768 134.461
282.141 155.916
271.399 140.608
284.924 160.184
238.573 150.824
264.418 137.328
260.672 158.572
271.912 132.313
247.775 174.248
267.528 147.996
273.348 146.170
245.053 131.387
288.374 153.157
262.532 130.555
252.148 170.653
257.815 130.052
247.177 173.035
242.562 143.581
284.098 177.368
264.706 177.362
263.699 154.208
267.272 147.640
262.230 163.515
255.808 157.152
239.840 126.763
242.316 159.525
266.226 171.163
248.548 139.106
282.080 153.279
278.445 134.970
282.786 150.295
282.244 150.268
258.448 146.621
244.086 145.010
267.100 133.335
236.189 128.232
287.694 127.013
282.792 164.200
286.164 170.747
238.407 168.449
237.837 159.488
249.238 138.124
268.394 177.667
247.222 144.857
256.941 150.418
265.081 165.461
290.096 166.634
279.442 140.849
259.465 135.468
242.603 137.097
270.456 153.134
268.834 157.796
241.918 163.155
279.616 140.006
285.111 149.925
262.153 159.318
277.139 130.153
240.244 177.407
286.487 139.654
288.409 156.049
258.070 167.126
265.048 124.419
279.981 165.852
284.493 142.937
260.316 129.310
268.884 148.121
280.662 131.735
285.108 134.443
252.460 175.492
244.725 133.621
236.361 165.878
287.812 169.012
271.190 148.024
254.512 143.528
256.756 136.572
251.356 136.296
288.047 160.991
238.536 154.500
261.536 167.926
245.842 172.007
238.815 131.723
272.778 145.033
260.576 123.138
288.389 162.036
282.042 142.438
241.757 130.618
285.392 154.391
266.975 134.739
265.667 136.545
286.806 146.547
245.519 156.123
258.108 166.626
282.735 137.790
244.059 124.514
250.462 175.299
240.377 156.906
261.841 137.065
286.684 176.558
249.738 145.106
275.561 131.303
261.362 156.982
259.780 163.705
276.494 125.236
251.052 168.629
243.790 162.385
249.399 176.755
266.699 169.603
249.093 136.691
236.817 161.729
240.578 167.482
268.195 166.162
285.508 152.702
275.013 146.368
252.740 159.530
239.737 129.022
239.633 126.771
281.841 150.625
264.137 124.667
251.308 137.668
286.586 146.629
279.427 146.147
261.769 140.865
268.797 148.619
243.167 177.153
253.283 176.018
252.355 164.521
264.494 130.640
268.363 178.334
283.465 158.522
277.434 157.601
273.630 168.700
265.169 134.114
280.050 156.707
275.922 154.856
247.973 124.947
270.879 137.884
242.388 156.812
270.307 167.216
261.698 149.601
274.133 166.642
244.823 160.693
253.207 146.425
262.158 132.017
281.743 136.843
241.466 133.731
261.105 140.156
273.694 158.112
282.401 145.225
281.799 131.095
262.701 171.240
245.734 171.991
269.391 170.055
278.717 151.649
246.002 128.876
250.158 177.799
275.171 169.923
243.956 178.069
262.032 177.649
276.301 169.639
235.729 167.922
276.953 172.705
266.586 170.214
261.873 149.625
258.604 165.194
290.229 155.943
252.902 155.386
237.325 168.392
238.349 166.013
263.637 145.919
270.757 153.300
272.636 163.089
253.643 129.888
246.914 125.722
261.602 148.508
269.178 143.955
250.265 129.301
259.243 146.037
281.973 155.341
287.030 132.309
262.746 152.765
256.901 133.364
289.294 128.812
235.908 126.793
240.186 139.855
255.681 176.064
280.117 163.543
276.839 138.525
244.806 138.683
272.226 140.168
270.144 165.624
240.980 163.899
243.068 141.748
280.799 130.627
264.100 164.323
284.050 170.313
245.693 166.998
284.529 153.009
289.318 138.845
275.060 139.148
258.245 172.961
252.053 150.047
263.171 136.111
272.010 153.784
262.784 147.476
241.446 143.894
260.822 167.928
259.702 145.384
