500 3
16.666 16.666
191.272 155.456
181.587 132.790
192.239 140.849
188.346 132.743
188.579 132.148
181.104 134.275
186.401 154.823
195.404 143.933
198.784 140.916
184.545 156.093
184.754 137.273
198.692 136.947
204.505 147.293
195.105 139.100
181.710 138.405
191.586 132.174
195.400 151.456
192.060 146.692
189.991 151.673
197.494 139.395
201.086 134.353
196.057 132.262
187.335 138.021
192.775 146.175
191.422 143.187
204.580 144.321
199.890 136.411
193.086 136.598
191.120 136.397
187.675 131.880
200.416 150.654
186.279 148.848
187.313 136.542
187.731 133.848
204.113 151.384
182.434 140.206
188.983 147.240
185.940 150.400
181.865 137.432
195.754 148.497
191.452 136.602
195.746 144.734
183.868 138.318
193.165 133.318
191.830 144.159
199.314 155.874
197.218 154.625
194.306 146.465
181.743 148.629
203.074 133.252
201.228 154.152
192.741 133.931
204.313 149.841
200.384 131.801
203.807 150.933
185.674 152.506
180.014 154.588
188.661 132.409
196.639 151.097
192.397 147.916
187.719 150.836
189.592 137.991
203.738 150.002
192.289 149.609
187.934 144.991
192.407 140.560
192.689 149.035
184.832 139.384
179.934 136.637
204.656 141.806
189.218 152.699
203.458 139.689
200.660 137.646
185.755 152.181
203.697 133.468
202.523 147.379
199.117 141.640
192.138 135.694
194.732 143.424
189.720 155.058
191.958 134.315
195.996 146.261
193.710 140.546
183.935 154.179
199.078 137.709
200.868 140.956
197.587 145.113
190.214 146.505
203.707 155.198
190.738 155.767
189.750 142.926
202.651 136.019
200.500 139.236
184.886 140.741
181.886 132.724
199.016 148.724
192.029 139.209
187.827 140.390
203.837 148.261
195.789 141.196
187.633 154.989
202.765 138.039
203.340 137.850
128.536 174.172
130.946 160.113
110.770 173.326
118.859 170.696
127.763 156.490
122.915 166.345
124.724 152.925
115.531 168.269
128.467 164.177
121.902 169.302
115.888 166.998
119.571 158.808
112.161 170.972
127.060 176.366
114.965 164.425
125.217 175.573
122.679 162.036
116.726 169.972
124.617 163.173
115.503 157.681
124.325 176.312
122.070 161.716
112.914 157.336
110.751 169.286
113.402 155.273
127.373 169.179
110.738 154.888
119.836 174.925
129.086 161.646
107.638 160.333
113.398 160.311
113.736 152.530
114.136 156.369
114.342 158.811
115.219 164.931
114.500 159.957
110.675 163.210
122.444 173.253
110.212 174.934
112.988 169.463
128.038 158.498
116.529 162.897
107.870 162.758
114.061 168.562
122.082 169.153
125.990 161.649
132.023 169.051
131.144 171.246
115.589 155.947
124.511 166.061
126.813 153.928
129.412 158.329
109.072 156.233
119.656 161.341
110.631 153.200
128.022 170.058
130.414 163.130
119.812 171.161
130.825 167.726
128.601 176.667
114.227 177.156
114.575 173.923
108.873 169.752
118.718 166.878
111.438 156.365
115.815 152.507
110.914 159.454
121.908 157.117
110.223 159.001
124.979 166.907
116.686 157.114
120.990 176.147
125.241 173.121
125.478 156.348
131.120 168.748
112.535 163.523
123.031 169.516
119.397 174.635
122.139 159.909
125.118 171.386
123.547 164.093
118.660 173.630
129.065 154.877
123.644 168.702
116.271 163.526
124.673 156.546
126.896 168.343
118.203 164.541
120.759 159.446
107.642 163.168
124.710 162.549
131.233 171.941
122.025 154.981
117.994 160.032
129.277 164.492
125.037 154.482
119.676 155.882
118.349 168.375
129.481 159.946
107.913 162.115
115.651 173.897
122.435 172.019
110.940 169.648
125.479 167.219
131.315 161.102
112.955 166.749
119.322 170.977
112.595 154.755
115.670 167.780
108.552 175.761
109.594 169.267
119.222 159.146
107.712 169.205
125.864 155.949
118.771 154.310
114.764 161.590
122.057 172.468
113.776 171.682
123.791 165.954
126.806 155.315
112.012 162.493
114.027 155.816
123.585 177.188
117.805 159.309
111.927 170.472
116.056 170.274
119.509 167.327
108.352 153.851
112.105 155.309
129.859 161.242
122.592 176.971
131.600 155.056
127.884 175.968
128.523 176.239
116.702 161.208
93.809 118.197
79.656 131.880
80.761 125.424
87.868 124.536
74.868 116.152
90.802 124.266
90.161 128.742
86.211 129.395
75.353 132.800
79.264 119.457
97.530 137.156
73.403 124.224
95.553 131.043
88.526 121.151
86.502 136.839
96.814 117.933
88.829 128.344
95.282 114.592
75.213 133.852
81.209 126.833
90.875 115.376
94.565 130.466
97.724 117.487
96.601 124.995
81.383 119.607
83.036 136.609
96.286 129.971
87.001 113.353
84.896 136.482
91.174 132.075
80.751 119.448
94.551 135.316
97.299 123.865
91.202 117.932
80.756 134.052
73.483 119.116
85.614 135.989
82.565 136.742
78.781 133.543
95.307 134.912
86.968 124.587
91.076 120.561
95.856 131.733
76.302 123.957
92.319 123.085
85.578 137.643
87.312 114.181
79.664 132.981
93.108 128.718
75.241 119.429
81.361 113.340
93.639 124.373
85.010 129.598
78.565 125.770
91.264 115.263
81.650 126.331
73.108 125.565
80.460 132.213
88.094 135.792
84.780 125.698
77.404 134.608
89.707 121.838
78.888 122.991
95.012 125.808
89.001 125.721
95.013 118.715
77.370 129.877
90.895 134.225
94.419 127.597
88.523 135.368
94.567 114.859
82.601 128.517
84.311 136.942
96.272 137.764
94.961 135.579
73.346 119.836
82.501 115.329
81.688 126.430
88.364 138.204
78.731 131.404
95.419 129.708
77.271 117.548
89.539 126.429
74.815 116.305
94.528 129.607
76.823 132.316
76.920 127.732
75.850 113.336
87.537 121.682
81.165 137.814
81.885 132.952
88.210 124.690
76.136 135.337
85.459 132.275
92.361 128.552
86.306 115.978
87.164 114.624
91.472 133.458
74.490 137.888
94.349 122.861
84.236 118.040
90.355 132.214
95.072 137.502
87.640 126.237
85.415 116.786
78.789 122.410
73.925 121.992
80.004 132.844
89.031 127.789
81.372 118.824
77.217 114.387
81.947 130.710
82.774 120.974
80.472 137.221
95.624 133.517
96.107 131.366
77.174 127.550
75.232 117.652
74.494 117.264
83.709 131.926
97.374 116.248
91.610 127.851
148.548 106.220
155.770 87.688
159.902 89.823
149.877 88.064
167.552 103.860
170.060 93.120
167.970 92.388
169.228 110.446
146.902 103.880
161.285 105.797
165.275 104.472
163.472 89.295
154.126 97.613
161.773 100.047
164.715 91.654
166.731 92.535
149.865 111.110
154.008 97.605
151.855 109.937
146.585 105.202
161.493 96.659
170.039 93.391
162.904 100.573
159.121 108.686
156.803 107.981
159.970 104.084
162.045 96.207
150.287 92.678
163.200 102.152
170.617 93.506
161.638 104.232
155.031 107.765
158.927 98.535
165.496 91.317
167.900 107.243
170.898 91.056
155.954 95.836
160.157 98.431
150.765 87.241
158.627 109.718
154.969 107.752
155.607 100.607
154.597 108.014
159.873 99.306
147.298 104.184
158.574 94.045
149.317 89.333
166.312 101.563
157.096 86.370
155.204 88.632
158.464 102.570
150.814 87.266
148.217 101.820
157.920 110.886
151.287 108.292
168.953 90.379
161.975 104.631
163.291 108.937
164.017 104.561
151.502 104.203
154.499 91.000
160.583 108.685
168.317 99.452
160.550 105.359
149.384 96.463
150.728 102.190
148.144 102.763
151.768 110.858
167.307 87.052
162.251 100.758
153.655 110.789
146.758 96.034
147.265 89.661
163.865 90.909
158.049 97.853
147.248 86.506
152.697 101.821
154.616 107.998
165.099 104.538
166.815 95.941
153.855 111.051
169.309 107.194
168.442 108.704
161.052 105.714
158.881 109.590
169.584 104.400
164.089 107.113
152.267 104.441
147.977 106.426
146.642 110.379
164.562 97.429
168.646 99.703
158.894 105.866
149.027 99.641
165.632 90.211
165.495 106.717
154.645 92.743
148.513 90.800
151.027 94.828
156.758 92.709
157.757 109.078
146.793 101.921
160.493 100.506
146.227 104.437
169.688 109.356
155.647 107.643
146.392 105.424
147.757 96.482
167.313 107.791
149.625 98.981
149.769 93.383
160.048 102.371
156.409 104.555
163.497 108.228
160.482 96.977
150.793 93.566
161.323 96.110
151.488 93.698
168.315 104.532
148.159 87.029
151.393 98.066
155.606 99.808
165.172 91.552
158.406 109.487
149.042 96.626
158.932 106.965
157.764 92.780
169.982 106.306
156.263 95.011
165.488 107.120
150.612 96.403
153.122 106.647
151.288 105.377
157.130 105.801
170.709 86.376
152.709 90.211
150.845 90.514
168.518 86.940
166.097 91.944
