50 3
12.500 12.500
25.000 9.786
20.670 17.239
25.000 6.551
23.231 13.313
22.632 12.666
19.601 15.794
25.000 10.316
21.037 16.105
24.358 11.328
23.164 15.854
21.697 6.677
24.400 8.191
19.781 12.896
10.291 22.671
8.308 25.000
14.647 24.421
13.200 25.000
14.062 25.000
3.367 25.000
13.053 23.996
6.730 25.000
11.500 22.178
6.172 25.000
12.143 23.459
5.712 21.062
9.770 25.000
3.467 17.449
0.000 10.150
0.000 17.787
1.337 20.892
1.657 18.626
0.714 10.356
0.000 14.394
0.000 11.109
2.899 10.718
0.000 9.471
3.875 14.803
0.000 19.857
5.251 4.282
13.615 5.074
11.672 0.000
8.704 0.000
13.721 0.000
3.952 0.000
5.693 0.034
14.362 1.730
12.352 5.333
5.866 1.484
5.751 2.864
