50 5
12.500 12.500
25.000 12.975
23.130 5.182
22.379 16.489
23.600 10.921
19.142 12.182
25.000 4.928
25.000 5.242
25.000 5.668
25.000 14.197
22.307 4.634
23.705 4.671
22.347 14.046
24.047 8.891
25.000 14.456
23.998 5.174
0.000 25.000
2.117 25.000
0.730 25.000
6.151 25.000
3.470 21.708
6.584 22.858
0.000 19.470
0.000 21.147
1.975 22.318
1.335 19.404
1.554 20.230
4.845 25.000
3.686 23.177
0.767 25.000
6.502 25.000
7.624 21.762
2.465 21.577
4.904 21.612
10.243 0.000
9.057 0.000
1.209 0.000
4.870 0.000
6.188 4.539
4.921 0.000
5.985 0.000
10.879 0.000
6.223 0.000
7.772 3.353
2.713 5.747
1.922 0.000
3.470 0.000
8.017 0.000
11.518 0.000
4.929 0.292
