1000 5
250.000 250.000
360.569 209.772
336.668 237.374
347.718 203.540
355.381 227.217
360.935 227.957
372.478 256.020
326.893 203.103
367.044 239.886
358.339 217.279
333.088 213.329
374.305 236.566
331.515 257.372
333.138 209.094
333.263 216.102
323.454 223.485
349.489 205.206
325.693 209.317
360.272 254.987
332.272 252.054
328.633 253.218
337.564 230.355
351.180 206.093
334.323 210.815
326.739 253.812
345.053 246.614
340.303 236.166
352.853 249.357
346.433 248.491
325.726 207.855
369.353 222.286
357.960 207.007
375.470 241.831
363.278 248.314
328.498 218.130
332.501 245.315
355.935 244.668
361.112 252.079
359.651 235.178
329.983 214.029
336.912 203.684
335.659 232.959
359.957 246.988
358.145 222.029
375.496 223.649
368.444 220.411
352.764 253.996
356.765 236.060
330.298 251.806
366.113 233.223
325.635 211.292
347.286 224.735
338.667 212.862
367.028 234.762
358.522 204.127
374.198 240.657
348.953 244.268
338.000 206.281
374.277 211.411
375.122 203.188
373.283 235.994
374.756 235.771
339.420 242.699
321.068 250.467
334.632 227.416
349.012 247.451
333.456 203.120
327.092 207.094
329.020 246.432
360.304 235.559
347.695 231.147
337.772 225.513
327.070 240.170
334.732 231.936
367.296 215.290
322.200 202.442
348.476 237.719
356.887 257.060
346.355 214.943
347.115 211.780
341.987 243.381
357.421 232.929
366.602 255.709
370.307 222.820
353.342 241.666
332.154 212.894
368.895 216.367
359.654 238.764
343.646 229.783
330.824 229.073
348.861 214.882
344.447 243.059
349.860 242.410
357.913 234.177
340.548 257.462
367.184 220.860
324.130 246.208
355.850 227.842
365.610 242.880
331.897 247.350
348.933 228.133
325.586 244.985
356.165 253.800
345.790 220.344
321.478 223.016
374.447 239.905
327.945 213.094
355.067 216.465
348.764 230.904
346.102 257.350
321.682 203.517
334.306 225.677
322.453 254.343
365.722 252.097
345.737 227.872
333.384 224.126
355.038 209.566
375.512 219.911
356.947 209.293
320.433 256.046
335.295 245.852
348.504 203.686
351.673 254.433
348.607 249.380
348.754 232.809
373.497 232.402
349.910 251.707
326.720 231.708
346.206 214.716
347.759 255.718
334.372 211.229
342.677 217.230
366.798 248.980
358.717 253.769
354.436 245.544
372.888 235.450
331.087 228.225
349.823 239.475
369.242 223.836
354.686 206.320
327.721 233.343
337.763 218.658
358.303 216.924
358.141 231.700
344.866 217.545
330.538 254.688
345.684 204.743
341.037 241.276
336.179 239.707
342.262 230.854
321.591 211.216
370.351 240.943
363.976 224.233
329.299 234.519
340.939 222.625
335.893 257.621
369.269 237.950
352.144 248.217
342.669 238.630
361.496 217.912
353.701 217.745
333.319 235.508
344.830 211.952
352.873 210.640
345.806 214.800
357.292 216.077
357.941 256.334
361.691 236.968
360.089 231.646
340.561 229.679
324.754 211.505
333.019 222.619
328.458 225.012
362.136 256.104
341.200 226.000
323.666 247.477
334.101 225.809
350.017 244.857
371.546 203.273
355.959 251.325
324.024 216.566
360.696 253.203
353.803 217.284
330.175 234.071
325.484 210.477
364.549 216.163
360.779 214.986
342.954 213.309
350.899 242.311
375.333 226.008
349.375 255.830
349.602 235.527
345.764 253.299
330.824 232.513
359.484 211.479
326.050 241.292
331.129 223.144
326.783 205.114
338.846 207.924
339.083 212.716
342.308 228.781
330.317 241.111
355.343 216.601
330.210 220.374
331.687 211.376
368.809 215.662
351.615 252.145
345.894 209.231
356.327 241.876
367.097 214.489
374.820 230.935
353.254 255.143
323.501 208.314
322.596 231.485
370.366 240.407
367.971 247.818
340.810 242.939
363.892 218.536
321.186 215.097
353.059 248.388
336.602 254.897
371.135 238.431
337.054 245.045
342.837 232.901
356.972 214.275
339.026 221.894
368.757 217.638
254.978 336.237
231.587 326.597
239.404 376.763
251.349 323.899
225.339 347.809
248.859 351.405
226.248 360.856
254.821 362.872
223.218 328.663
209.743 375.910
239.488 354.083
242.027 321.553
246.573 376.738
230.013 336.049
219.813 349.939
223.355 324.644
214.412 332.735
237.144 359.198
211.371 327.625
237.975 337.078
228.888 349.024
241.862 332.118
221.702 358.158
216.548 346.944
260.298 326.788
262.508 321.772
217.699 367.918
244.704 360.319
235.618 323.843
252.474 323.356
255.689 366.045
240.187 366.216
249.299 348.907
255.458 363.728
210.619 373.258
254.460 322.639
240.762 357.027
259.210 370.535
239.820 369.491
259.978 337.285
213.109 370.073
248.362 330.359
255.281 361.050
264.077 360.028
261.984 337.460
232.669 361.244
256.379 372.131
220.082 338.853
261.545 326.177
222.128 338.177
242.821 372.534
248.088 370.672
248.597 365.033
259.893 370.627
229.886 345.744
240.348 323.293
225.032 344.683
215.051 357.131
234.012 366.609
263.827 344.995
231.309 342.341
256.925 332.952
246.799 336.731
231.246 334.222
222.223 360.510
235.954 375.056
213.712 365.447
224.488 350.360
218.101 347.339
229.735 332.964
246.078 340.784
210.095 375.215
218.724 324.594
222.091 335.994
245.085 324.996
251.729 356.058
262.513 364.859
244.425 350.143
247.052 357.297
219.944 343.359
235.933 337.709
232.356 374.579
223.269 366.328
231.973 356.090
262.897 349.812
257.194 348.853
227.338 353.913
235.001 351.187
252.840 350.448
215.198 367.194
238.475 322.847
212.955 352.158
252.559 326.093
264.733 366.773
248.901 329.127
250.662 340.277
250.507 358.195
242.349 375.693
252.134 328.768
216.482 347.069
249.659 345.161
244.032 367.861
237.776 376.265
243.466 346.777
248.031 365.844
222.112 355.648
259.319 372.418
253.751 350.940
231.313 365.963
220.586 354.438
213.431 365.776
235.863 355.417
263.033 344.104
228.288 344.811
228.097 365.005
260.988 334.833
212.535 363.394
242.171 362.882
231.543 358.225
234.623 360.460
264.075 366.551
263.182 369.139
245.403 356.059
259.866 341.881
213.373 367.539
250.233 365.223
258.431 349.197
228.082 334.998
231.193 353.934
217.430 325.945
213.000 365.916
241.010 332.514
240.504 375.332
244.806 349.835
235.832 350.859
242.887 337.858
220.155 362.611
227.075 331.380
261.261 366.144
242.124 345.538
213.379 369.241
257.047 337.840
235.163 342.452
245.532 370.165
260.062 340.218
255.372 341.243
214.174 350.182
225.368 328.555
236.525 358.220
239.101 328.214
252.859 337.749
221.630 365.503
237.645 342.956
211.625 328.345
213.749 362.189
227.396 327.535
259.896 323.101
216.691 367.355
258.010 356.133
236.882 363.272
232.896 328.469
227.757 375.397
239.859 332.396
262.065 344.178
239.997 372.156
244.762 349.804
244.146 353.608
238.018 376.237
227.034 327.902
217.247 333.379
238.954 351.461
251.770 354.163
247.350 321.437
258.336 343.434
243.650 362.208
224.300 334.480
217.546 341.839
230.825 336.689
218.491 332.850
242.088 354.496
231.452 353.341
260.563 355.505
265.082 332.450
236.356 321.836
211.931 346.073
217.498 352.139
252.366 364.777
237.404 343.489
209.717 360.270
249.769 335.240
259.698 353.738
218.890 357.621
255.207 323.867
225.298 369.222
230.456 340.810
241.141 363.964
232.035 348.148
213.204 325.726
230.186 363.519
233.705 322.346
220.505 371.469
243.606 338.630
213.644 347.344
256.563 346.557
253.430 355.685
223.569 369.254
238.087 360.255
229.163 361.725
245.803 374.365
214.976 352.129
249.850 361.757
246.901 359.736
221.028 322.526
226.114 337.940
229.866 333.381
221.802 359.080
259.414 370.459
222.894 337.021
211.904 347.409
218.551 351.968
232.527 324.420
241.242 352.129
252.616 350.696
213.574 344.463
243.067 373.500
246.638 359.906
223.126 324.331
213.351 375.975
213.043 352.168
260.583 349.759
233.600 349.945
239.830 363.971
217.972 347.339
212.573 323.204
229.335 362.878
211.556 347.634
260.277 370.283
221.883 343.587
215.175 333.241
247.883 357.116
264.430 327.231
243.278 330.291
263.994 372.163
233.344 365.885
221.702 341.670
256.043 326.085
219.462 329.191
221.538 328.682
264.211 324.036
223.027 332.422
215.271 357.854
260.995 331.756
240.702 330.060
257.834 374.355
238.680 371.582
242.402 321.600
233.797 370.496
244.934 322.625
221.080 321.957
219.904 328.140
243.977 359.996
227.958 370.767
213.917 346.805
231.699 360.263
224.034 346.030
221.173 336.766
227.155 357.854
244.834 356.830
248.518 336.461
250.870 323.107
212.598 333.309
218.259 340.508
133.338 254.935
164.994 225.457
133.770 253.259
161.586 209.168
177.113 219.896
128.406 242.584
173.952 233.271
145.961 231.922
142.056 239.766
146.077 246.765
171.996 215.722
134.974 221.278
149.425 229.358
154.332 252.471
164.702 240.296
150.252 222.505
139.115 227.933
176.879 202.568
179.519 210.622
175.327 248.750
137.812 249.417
172.708 215.914
177.661 250.359
162.891 243.065
124.813 217.386
175.583 242.530
139.757 223.713
166.442 254.588
135.313 246.763
134.274 248.746
169.943 237.527
138.342 251.629
137.434 216.193
125.763 215.473
137.760 227.089
172.764 248.174
152.522 210.284
146.424 239.683
172.076 252.648
139.826 228.017
157.213 202.895
129.717 230.898
174.547 236.781
148.955 232.478
143.363 252.784
147.233 250.403
173.894 233.443
137.117 218.082
160.541 232.409
152.246 239.813
161.038 210.945
170.296 218.992
171.875 214.542
156.167 240.258
153.462 208.823
140.549 214.786
155.248 209.879
125.735 251.315
170.389 222.170
144.639 211.170
169.270 238.002
168.381 230.689
170.430 256.351
162.588 219.151
148.114 209.474
162.010 238.016
157.301 234.423
144.512 204.076
173.376 216.028
138.084 208.994
158.897 244.741
146.712 219.885
175.790 238.580
153.526 221.201
162.685 204.601
146.232 237.067
167.998 220.298
141.682 236.359
154.398 205.299
139.449 232.523
137.585 229.568
136.234 214.878
131.839 232.405
163.125 211.566
141.259 223.227
135.857 231.242
139.787 216.614
142.876 213.835
145.180 206.840
142.139 207.326
145.791 237.036
159.075 211.437
172.484 239.083
171.737 228.894
166.567 226.878
154.211 227.166
170.630 205.756
166.541 215.952
156.906 225.780
126.032 201.657
148.255 237.020
128.515 223.220
177.383 204.293
147.630 213.766
150.863 250.128
160.108 249.509
139.075 243.125
174.483 240.098
131.424 234.423
146.393 245.803
148.537 210.010
125.143 237.617
159.208 213.967
165.953 203.866
126.278 201.758
148.251 252.729
164.627 229.765
159.616 246.990
156.445 213.542
162.190 235.721
133.905 226.500
139.560 230.781
137.162 228.803
158.176 239.098
126.711 211.398
166.081 210.234
146.250 206.174
158.317 207.019
149.245 234.399
179.706 210.578
139.739 211.284
170.029 249.487
153.427 244.313
127.993 208.294
170.952 203.832
160.022 241.953
153.406 204.220
158.518 248.133
165.809 247.460
174.844 241.393
164.404 203.741
171.379 250.823
136.390 216.129
143.446 227.317
133.644 241.070
130.321 207.314
153.560 227.002
138.704 233.667
159.495 255.645
173.050 222.308
157.884 209.328
125.892 211.631
155.196 256.050
175.474 254.038
143.393 239.436
144.248 238.712
148.970 252.472
176.190 203.833
151.816 237.131
174.382 214.047
145.246 201.547
173.793 212.620
145.680 230.724
161.340 247.202
137.481 219.235
176.860 204.377
154.153 219.184
147.579 217.936
140.459 211.923
162.221 224.166
153.162 231.134
170.482 249.695
159.133 248.785
156.261 246.597
142.259 245.587
142.097 250.015
129.021 236.323
127.537 204.027
156.015 255.407
170.848 203.303
132.062 243.040
131.257 225.129
131.112 247.089
158.434 229.518
165.087 239.235
151.554 206.448
179.656 249.306
134.901 223.426
179.282 250.062
139.591 241.258
168.594 248.943
158.960 250.737
127.952 238.595
167.433 213.243
146.496 210.829
173.103 237.178
126.245 226.929
147.740 206.725
174.899 205.085
171.657 237.768
154.135 217.274
171.576 231.658
148.729 231.129
141.635 208.178
138.683 251.631
175.352 241.828
159.068 213.452
170.519 237.511
140.798 255.371
158.474 219.558
137.886 248.919
131.660 256.092
143.139 223.364
133.337 234.625
130.627 236.655
171.391 221.774
167.051 231.573
179.836 207.433
146.610 249.066
170.966 205.274
163.338 253.878
131.660 220.123
141.925 209.401
147.371 236.999
156.560 231.185
125.328 235.706
134.022 232.505
127.943 219.031
174.690 206.537
175.568 225.074
155.392 251.539
141.370 238.341
136.207 210.069
167.118 242.123
271.420 161.691
247.530 145.208
283.999 141.309
235.468 129.872
261.319 125.735
259.953 159.048
283.940 137.296
276.623 133.665
231.351 129.459
263.716 152.237
259.222 164.915
271.733 129.707
261.018 141.957
264.286 143.721
246.321 134.854
264.393 170.981
236.264 139.980
266.671 176.085
281.618 126.608
282.926 169.290
284.704 140.520
275.040 136.322
279.869 174.091
271.178 136.618
250.304 158.154
266.105 164.311
252.507 173.913
269.111 131.182
257.560 156.465
275.429 132.896
274.629 124.082
273.129 163.796
241.716 141.818
236.447 155.869
234.481 162.135
278.555 168.542
273.050 168.141
280.755 169.710
233.030 127.887
260.652 147.267
254.623 149.151
261.055 150.929
255.294 130.712
260.110 173.827
270.281 153.779
232.034 139.016
259.724 150.510
249.299 171.531
271.140 170.300
245.956 125.591
240.403 128.730
243.870 172.960
278.295 141.577
254.277 172.987
283.341 134.819
245.114 133.225
236.123 156.157
266.671 129.415
277.296 152.250
263.937 163.069
239.296 173.265
233.394 148.991
242.795 174.484
249.425 144.146
272.422 149.360
232.454 124.565
284.738 141.340
281.758 144.329
257.932 131.739
254.096 177.764
252.249 139.337
281.654 168.695
250.154 133.830
246.151 136.718
256.992 165.975
256.171 143.157
254.353 141.390
242.088 126.935
241.407 162.107
240.551 131.116
265.052 162.205
239.678 164.141
266.485 149.690
243.231 150.670
273.606 126.335
234.468 170.574
281.114 171.785
260.273 166.092
232.164 125.583
283.760 137.387
256.071 152.018
249.564 125.292
279.378 155.461
231.783 170.448
264.514 138.009
275.441 158.095
239.236 160.929
252.524 138.632
261.327 175.841
242.292 137.315
238.093 173.443
244.656 146.592
255.161 149.616
274.027 134.533
253.236 138.266
239.840 124.834
251.482 168.669
276.099 127.831
235.168 130.362
278.640 174.788
271.373 166.949
276.515 126.254
230.939 154.331
257.779 171.600
256.443 173.797
285.524 131.412
261.448 176.900
252.216 141.080
232.250 148.217
247.693 139.654
281.794 163.463
282.611 141.511
241.891 137.632
237.986 130.164
272.184 131.327
250.368 134.319
279.212 160.432
250.035 135.866
263.677 143.449
241.532 123.394
268.585 150.809
246.342 126.452
258.779 156.023
234.608 170.399
256.973 133.588
276.372 134.948
233.368 134.921
257.277 132.257
278.830 136.725
247.690 162.427
275.284 178.110
240.684 135.599
276.586 147.336
273.806 166.149
273.453 148.269
284.218 164.575
258.576 122.794
285.788 154.988
258.837 176.184
280.065 147.106
241.050 153.520
247.716 140.058
281.878 147.163
236.746 155.774
262.105 147.083
250.291 136.724
269.791 140.417
249.850 162.487
273.897 165.275
262.563 167.200
246.941 159.584
277.434 152.404
285.381 125.960
247.995 164.618
255.631 131.578
272.113 166.744
239.557 177.535
265.587 126.876
284.640 163.627
240.028 167.330
272.479 123.164
233.609 138.227
251.639 145.950
232.947 142.266
261.941 174.641
263.513 166.659
233.338 128.799
278.986 162.976
281.600 161.970
232.088 161.541
260.911 173.933
282.626 169.879
273.255 149.499
234.974 126.198
261.780 130.504
264.858 173.568
248.327 131.312
261.975 157.213
265.510 132.965
240.634 141.072
273.275 159.460
278.466 151.254
244.751 123.056
272.212 138.727
252.240 129.679
253.949 136.191
246.324 145.949
235.620 171.822
274.840 139.812
262.211 139.835
258.260 135.203
239.789 137.681
265.423 141.752
285.372 134.222
265.251 157.945
280.061 132.417
235.126 159.382
271.655 133.842
278.843 135.601
275.008 123.826
267.042 165.661
285.797 143.466
261.095 140.610
243.007 140.254
280.406 130.931
249.430 122.902
278.711 171.257
257.381 164.434
237.326 130.211
240.292 140.494
276.675 153.741
249.921 177.154
248.685 172.250
265.070 157.061
274.901 170.083
261.310 169.253
282.891 159.197
233.607 125.896
258.465 143.400
275.051 137.939
238.069 129.129
270.738 124.109
285.677 169.845
258.084 163.162
241.221 144.063
274.698 131.335
271.252 153.157
234.015 162.912
280.767 153.153
286.429 128.180
243.565 174.603
261.534 146.653
260.061 125.052
231.980 161.744
278.101 170.394
285.731 161.594
266.813 161.123
233.475 158.345
262.818 157.700
269.501 126.161
266.219 163.439
234.960 125.785
245.437 171.468
258.800 122.670
285.465 135.805
240.185 157.843
242.613 126.343
280.591 146.913
242.850 173.482
238.958 156.712
265.299 135.033
266.906 167.705
283.597 170.124
281.708 138.750
286.281 175.339
249.464 172.884
281.584 161.498
