5000 3
1250.000 1250.000
1840.568 1457.393
1681.677 1242.885
1672.048 1261.790
1772.731 1349.155
1783.791 1385.502
1825.872 1355.092
1758.278 1223.060
1857.154 1205.327
1763.801 1327.710
1610.197 1307.265
1655.654 1402.077
1661.324 1322.047
1837.347 1323.666
1831.443 1214.124
1697.695 1373.192
1837.622 1347.632
1717.812 1398.828
1860.822 1296.893
1864.351 1414.115
1854.659 1318.558
1690.240 1449.284
1636.167 1341.967
1751.626 1478.066
1676.592 1410.179
1701.142 1311.649
1809.586 1308.035
1672.531 1277.780
1730.774 1436.228
1669.097 1329.028
1842.955 1367.924
1863.717 1302.136
1731.490 1410.832
1679.069 1397.558
1710.239 1380.979
1767.882 1419.696
1816.711 1380.909
1644.036 1370.836
1637.816 1276.078
1741.727 1225.306
1865.758 1240.539
1867.999 1230.910
1642.775 1386.639
1715.211 1394.826
1647.251 1236.728
1865.646 1312.308
1661.851 1219.350
1659.313 1238.288
1712.045 1379.877
1800.442 1297.379
1836.964 1459.157
1795.301 1463.790
1640.530 1245.471
1672.002 1284.602
1624.517 1457.028
1622.581 1370.430
1700.632 1346.510
1645.767 1290.159
1748.080 1453.308
1824.159 1365.798
1630.039 1253.683
1868.437 1290.283
1720.116 1212.694
1729.885 1405.125
1674.511 1477.670
1606.999 1271.401
1711.435 1477.233
1675.845 1341.395
1823.293 1425.227
1792.438 1359.735
1688.594 1312.298
1759.215 1354.908
1743.575 1433.745
1688.676 1465.320
1786.960 1249.108
1793.865 1453.469
1727.435 1327.873
1738.324 1305.737
1669.881 1420.476
1661.025 1420.272
1632.007 1275.037
1806.605 1215.314
1721.284 1358.049
1678.794 1442.478
1604.479 1209.716
1830.147 1301.450
1832.668 1287.772
1735.054 1477.179
1824.653 1295.475
1864.244 1279.794
1666.561 1237.701
1869.271 1470.417
1848.520 1321.303
1789.037 1229.095
1825.452 1212.042
1783.436 1283.230
1682.094 1403.959
1678.816 1320.784
1734.952 1226.396
1781.965 1324.296
1878.244 1430.013
1603.794 1365.269
1727.190 1282.043
1636.777 1338.156
1740.299 1305.573
1762.893 1333.908
1766.132 1413.865
1775.572 1263.384
1861.304 1334.450
1828.416 1437.947
1612.216 1463.345
1829.063 1242.034
1698.926 1255.843
1646.395 1250.313
1621.626 1223.926
1640.691 1303.356
1815.276 1264.623
1716.067 1205.243
1666.909 1283.855
1715.455 1397.362
1680.252 1299.818
1814.893 1340.757
1659.279 1437.570
1766.265 1457.797
1836.410 1364.170
1604.344 1313.134
1703.863 1429.836
1613.538 1388.026
1780.932 1378.212
1852.047 1474.695
1607.440 1342.395
1735.931 1444.664
1831.995 1397.227
1746.828 1427.366
1693.462 1204.647
1723.395 1367.611
1616.575 1213.566
1783.901 1308.684
1774.343 1331.931
1736.856 1281.862
1787.559 1296.773
1727.071 1440.831
1782.832 1409.601
1758.713 1225.874
1685.073 1341.975
1720.049 1262.242
1725.449 1300.282
1670.431 1397.632
1648.490 1255.667
1805.107 1373.911
1780.772 1245.078
1833.509 1252.449
1694.598 1304.195
1727.535 1402.773
1809.083 1255.336
1824.085 1217.908
1808.748 1278.057
1624.286 1294.685
1731.187 1428.032
1789.087 1292.375
1620.670 1228.331
1793.486 1339.907
1775.190 1447.494
1664.478 1251.546
1784.049 1466.366
1725.820 1202.485
1844.398 1397.187
1717.052 1285.124
1831.174 1386.343
1853.090 1376.003
1654.757 1276.058
1681.770 1245.060
1619.194 1413.070
1655.159 1271.492
1716.878 1323.070
1749.756 1468.459
1732.915 1207.679
1692.627 1258.758
1861.456 1408.708
1861.422 1331.416
1833.895 1441.343
1739.930 1369.315
1695.001 1317.302
1777.882 1476.063
1792.828 1304.836
1826.987 1455.024
1616.059 1279.600
1690.309 1390.982
1711.514 1373.052
1662.543 1221.380
1876.775 1303.983
1692.798 1425.853
1817.341 1256.117
1608.712 1415.460
1841.746 1250.659
1642.179 1259.322
1613.177 1265.371
1615.946 1394.809
1660.481 1327.938
1870.183 1474.000
1676.634 1357.799
1693.158 1249.119
1813.277 1252.797
1834.234 1295.829
1681.202 1220.518
1777.772 1442.822
1654.225 1365.123
1777.368 1384.282
1651.035 1232.530
1878.612 1347.394
1692.945 1307.623
1657.251 1314.863
1713.866 1334.155
1727.029 1443.733
1756.788 1447.114
1754.778 1226.631
1752.318 1457.397
1767.715 1242.419
1797.146 1349.782
1715.270 1370.413
1685.697 1372.182
1717.725 1210.088
1836.164 1428.564
1754.403 1252.737
1877.566 1475.719
1857.230 1239.715
1647.476 1438.417
1756.043 1324.454
1685.865 1421.699
1786.789 1273.155
1765.471 1387.862
1683.963 1275.184
1624.976 1413.371
1668.228 1242.067
1649.826 1263.492
1820.320 1364.021
1718.525 1207.152
1876.655 1424.560
1811.764 1442.204
1681.998 1260.839
1876.493 1294.240
1851.092 1257.418
1651.761 1464.341
1604.893 1251.416
1705.369 1268.947
1644.900 1404.252
1618.197 1351.166
1875.681 1315.908
1716.227 1249.684
1818.817 1427.119
1772.769 1424.396
1755.526 1213.863
1671.817 1456.461
1613.789 1335.052
1621.444 1474.947
1855.709 1459.346
1719.413 1245.563
1720.362 1338.155
1852.738 1223.156
1713.483 1231.739
1789.052 1356.321
1784.890 1206.910
1750.728 1390.052
1852.198 1352.154
1658.925 1274.337
1785.603 1341.767
1757.644 1424.784
1769.300 1242.138
1671.345 1306.689
1710.338 1388.933
1673.914 1213.559
1620.794 1356.124
1739.726 1417.425
1845.568 1336.850
1684.619 1383.385
1690.376 1312.350
1839.573 1335.007
1683.548 1213.092
1859.121 1439.651
1754.688 1217.224
1788.018 1383.225
1845.473 1339.707
1857.909 1347.616
1765.097 1251.068
1627.993 1339.379
1666.918 1395.050
1812.679 1332.859
1852.145 1416.697
1707.752 1340.782
1793.212 1267.292
1853.045 1270.362
1802.953 1309.526
1610.964 1223.447
1698.942 1340.104
1615.791 1351.745
1685.981 1293.486
1623.369 1323.994
1709.756 1436.501
1853.467 1259.205
1674.821 1303.516
1757.502 1204.529
1740.069 1430.626
1631.367 1319.741
1866.729 1453.334
1785.967 1472.329
1767.418 1403.876
1734.363 1346.846
1849.234 1223.934
1732.971 1386.452
1768.978 1208.621
1876.405 1283.377
1722.791 1341.429
1719.298 1442.001
1629.033 1306.804
1688.990 1234.727
1833.736 1230.391
1738.261 1281.515
1753.159 1438.021
1770.654 1231.482
1849.515 1203.871
1658.303 1432.252
1684.864 1280.024
1689.161 1440.053
1646.715 1454.046
1695.154 1284.458
1757.389 1261.228
1847.601 1208.799
1823.907 1381.578
1634.165 1255.040
1812.940 1324.837
1833.116 1295.528
1685.925 1439.889
1640.164 1338.389
1746.772 1420.856
1663.258 1309.475
1860.834 1425.249
1813.222 1349.960
1661.446 1395.956
1750.937 1383.642
1632.497 1408.313
1816.668 1220.720
1755.171 1323.910
1791.590 1468.768
1843.541 1270.318
1623.884 1332.459
1771.393 1314.381
1629.749 1463.540
1739.584 1364.335
1606.650 1344.845
1744.579 1301.465
1798.215 1376.862
1875.947 1312.621
1790.855 1263.886
1723.576 1380.132
1620.792 1322.899
1847.487 1346.488
1692.332 1253.610
1858.760 1475.233
1684.027 1447.348
1617.978 1248.675
1651.420 1429.990
1714.958 1274.345
1690.706 1474.744
1682.751 1331.065
1692.682 1215.566
1852.026 1429.221
1794.013 1390.548
1726.677 1430.626
1835.332 1335.080
1870.989 1220.378
1634.732 1420.437
1653.423 1312.777
1719.067 1348.387
1800.103 1401.666
1833.840 1205.589
1837.408 1318.635
1602.985 1432.229
1867.564 1359.788
1862.874 1432.523
1665.354 1266.527
1667.457 1454.215
1625.382 1236.769
1843.599 1288.723
1746.464 1456.230
1752.410 1438.929
1761.258 1386.667
1788.435 1204.392
1651.356 1452.525
1719.957 1240.056
1791.050 1460.170
1726.291 1230.225
1634.444 1331.947
1866.618 1415.876
1814.034 1210.975
1834.440 1428.623
1613.607 1436.418
1807.937 1230.088
1790.256 1248.091
1689.455 1240.865
1843.332 1202.571
1796.798 1471.298
1727.000 1302.729
1832.658 1376.656
1630.091 1203.957
1819.247 1388.448
1686.859 1463.341
1712.571 1344.434
1840.053 1433.155
1727.705 1278.810
1869.469 1244.967
1797.300 1375.097
1629.115 1377.993
1740.493 1218.751
1604.297 1246.636
1710.650 1214.613
1716.489 1207.719
1805.088 1319.494
1794.124 1407.512
1791.987 1330.216
1815.930 1427.313
1662.462 1450.999
1656.967 1441.999
1797.113 1385.042
1653.929 1474.039
1842.807 1473.610
1845.036 1315.221
1873.780 1314.976
1671.862 1332.028
1788.660 1289.811
1866.537 1434.222
1728.983 1232.821
1673.156 1419.360
1845.421 1296.103
1632.784 1250.292
1869.364 1277.754
1777.252 1247.263
1744.453 1363.325
1664.259 1340.522
1640.337 1251.822
1723.688 1441.291
1729.754 1232.781
1612.877 1427.788
1648.032 1345.919
1654.303 1438.480
1617.203 1278.155
1700.665 1460.252
1646.959 1447.624
1704.838 1352.358
1643.222 1313.797
1699.812 1339.313
1742.585 1422.885
1724.364 1298.058
1641.393 1292.084
1604.394 1345.385
1803.074 1203.519
1754.141 1295.458
1830.857 1364.272
1759.474 1378.966
1806.924 1327.124
1833.879 1436.678
1858.288 1316.019
1673.577 1259.043
1784.898 1285.991
1723.826 1375.523
1606.384 1330.764
1771.428 1260.867
1688.600 1393.557
1794.881 1479.641
1674.350 1281.525
1744.497 1205.207
1641.628 1297.342
1878.233 1346.177
1759.159 1413.086
1760.318 1455.359
1617.999 1207.813
1862.280 1454.319
1725.156 1203.526
1639.156 1320.194
1719.356 1448.311
1869.848 1231.307
1676.885 1241.063
1826.056 1401.552
1781.162 1284.040
1615.171 1458.489
1866.233 1323.826
1609.399 1471.330
1835.801 1399.228
1851.044 1266.704
1722.642 1296.011
1662.845 1370.854
1863.254 1310.612
1662.914 1317.669
1845.065 1203.367
1869.708 1220.534
1716.868 1311.660
1638.803 1445.745
1738.522 1417.784
1768.701 1283.715
1670.201 1273.405
1685.475 1380.893
1730.588 1377.650
1717.089 1432.327
1855.342 1224.642
1742.053 1231.444
1738.296 1255.696
1745.844 1352.430
1720.847 1272.064
1665.925 1231.064
1792.033 1216.466
1837.578 1261.236
1865.774 1320.907
1729.296 1315.425
1702.313 1416.130
1740.118 1468.157
1748.511 1347.920
1874.892 1213.827
1672.909 1262.643
1616.034 1269.371
1852.584 1370.645
1679.033 1337.213
1830.229 1205.419
1671.282 1399.020
1706.472 1324.149
1666.826 1425.825
1660.476 1394.825
1813.266 1468.243
1646.090 1460.844
1866.110 1446.980
1774.324 1475.731
1682.797 1239.083
1796.245 1458.483
1782.226 1289.086
1802.727 1230.569
1820.794 1425.652
1686.800 1346.907
1718.101 1231.812
1849.409 1270.363
1679.656 1298.925
1699.760 1322.850
1837.154 1438.695
1720.169 1367.557
1707.866 1233.684
1690.274 1448.337
1684.359 1319.286
1624.171 1339.663
1777.421 1419.143
1794.959 1410.130
1805.311 1348.203
1674.295 1252.860
1695.100 1345.257
1646.540 1291.867
1712.448 1338.500
1698.911 1466.142
1805.828 1284.391
1714.335 1445.824
1712.923 1298.131
1675.468 1237.334
1831.596 1310.635
1718.428 1279.664
1856.512 1471.626
1720.101 1433.674
1620.438 1242.656
1626.971 1268.347
1793.034 1235.198
1676.319 1289.415
1603.872 1393.459
1710.756 1437.325
1629.747 1263.128
1696.236 1358.725
1812.440 1203.968
1629.827 1228.012
1804.212 1247.021
1650.072 1306.947
1669.115 1313.536
1659.275 1301.499
1670.034 1423.013
1619.076 1416.240
1838.525 1257.774
1694.883 1241.855
1779.898 1293.035
1734.365 1400.805
1843.991 1395.535
1880.210 1431.483
1668.106 1443.205
1678.976 1287.271
1755.197 1398.478
1640.875 1437.091
1740.388 1273.725
1830.034 1455.983
1792.047 1477.718
1616.641 1460.041
1853.212 1339.369
1750.081 1270.736
1818.047 1470.573
1793.817 1422.492
1641.122 1234.725
1844.880 1382.401
1779.511 1263.496
1836.700 1431.554
1680.865 1469.047
1621.362 1252.453
1652.050 1428.133
1605.003 1465.104
1738.599 1447.922
1659.531 1461.826
1703.943 1407.126
1790.433 1458.211
1745.376 1281.789
1639.964 1367.396
1761.324 1428.154
1806.495 1269.268
1782.933 1288.639
1817.988 1276.933
1858.246 1210.214
1623.147 1292.512
1642.527 1401.348
1831.463 1253.789
1837.581 1380.540
1623.965 1421.470
1675.870 1479.500
1620.475 1412.440
1615.328 1244.344
1737.743 1207.571
1833.017 1234.065
1619.523 1476.493
1738.510 1337.389
1850.436 1452.138
1610.290 1278.295
1664.693 1463.956
1683.198 1408.721
1806.406 1365.957
1675.525 1317.810
1771.961 1340.445
1696.736 1440.036
1806.986 1217.281
1729.197 1464.219
1760.772 1409.446
1720.185 1271.519
1777.068 1232.643
1741.730 1242.842
1641.226 1370.074
1762.163 1399.946
1781.493 1276.030
1774.995 1250.522
1624.052 1475.538
1779.434 1316.687
1609.898 1398.432
1723.258 1388.545
1715.397 1238.811
1872.741 1342.686
1759.166 1302.162
1625.020 1235.802
1818.682 1435.515
1784.114 1214.962
1855.947 1417.378
1847.463 1331.610
1674.326 1244.595
1646.818 1217.245
1646.482 1244.712
1619.712 1316.495
1789.453 1335.065
1861.700 1405.250
1766.590 1389.920
1689.547 1237.442
1748.361 1387.257
1605.906 1260.813
1654.827 1424.483
1657.973 1347.381
1631.412 1244.300
1838.384 1221.466
1706.975 1443.135
1739.437 1394.276
1662.426 1278.997
1805.106 1274.155
1838.574 1216.515
1847.779 1245.170
1745.420 1286.529
1813.563 1465.375
1807.118 1352.001
1795.090 1454.601
1772.187 1215.328
1698.430 1441.663
1851.645 1370.414
1728.403 1306.206
1768.825 1400.851
1746.235 1439.340
1664.051 1238.245
1717.968 1260.737
1691.570 1214.233
1691.274 1208.830
1775.245 1232.971
1687.303 1333.678
1836.715 1289.524
1870.831 1412.819
1603.662 1438.962
1701.035 1311.506
1790.305 1286.061
1769.178 1439.524
1782.228 1287.659
1682.343 1451.749
1780.839 1207.252
1808.651 1295.579
1838.197 1325.879
1633.808 1428.085
1701.037 1431.761
1848.006 1260.915
1843.416 1271.615
1866.906 1273.981
1674.255 1322.618
1846.646 1304.248
1670.278 1450.355
1856.484 1395.793
1827.111 1365.018
1605.841 1327.670
1728.404 1299.055
1796.966 1442.129
1617.711 1223.959
1731.423 1464.283
1747.165 1338.447
1749.130 1378.283
1830.956 1352.819
1621.099 1244.036
1699.498 1207.830
1795.054 1230.775
1645.890 1282.677
1848.816 1368.313
1845.081 1228.314
1656.691 1273.790
1622.367 1391.432
1710.146 1466.446
1701.794 1365.179
1855.756 1272.414
1763.695 1448.632
1646.655 1383.948
1736.624 1326.186
1653.576 1385.149
1614.362 1262.854
1821.877 1420.067
1849.884 1420.691
1819.116 1226.940
1714.182 1224.488
1880.020 1311.616
1742.737 1253.959
1728.528 1407.712
1605.349 1440.633
1799.863 1264.666
1639.744 1234.616
1698.311 1220.087
1658.948 1239.389
1686.913 1280.630
1690.198 1274.290
1873.771 1373.339
1840.758 1303.577
1608.950 1372.649
1669.657 1362.132
1638.926 1438.217
1618.963 1479.546
1603.032 1392.595
1655.540 1310.860
1876.827 1209.840
1688.144 1342.974
1856.635 1232.449
1793.195 1305.439
1783.617 1367.727
1633.134 1314.303
1664.127 1401.745
1675.601 1452.494
1618.125 1439.415
1699.489 1299.082
1757.218 1237.657
1782.782 1345.597
1659.911 1303.607
1613.797 1353.089
1801.539 1435.962
1672.658 1271.698
1833.603 1213.356
1815.490 1442.679
1849.118 1240.438
1631.656 1326.561
1837.186 1401.630
1848.491 1351.255
1830.683 1457.272
1679.111 1276.517
1815.087 1446.759
1795.649 1350.498
1876.407 1456.390
1649.441 1260.435
1736.020 1373.866
1707.703 1306.556
1801.319 1209.895
1795.377 1250.657
1688.450 1467.311
1798.229 1479.231
1645.417 1472.011
1667.483 1260.746
1819.955 1451.390
1661.287 1257.434
1863.764 1450.002
1732.852 1304.733
1739.769 1474.259
1742.560 1346.678
1644.391 1331.758
1701.835 1342.007
1715.269 1349.707
1663.831 1339.477
1616.144 1403.134
1769.065 1236.179
1677.868 1429.558
1854.833 1446.996
1765.915 1452.800
1764.233 1448.543
1808.837 1463.874
1641.653 1288.406
1771.321 1336.268
1841.952 1414.159
1749.270 1404.984
1665.462 1287.592
1798.830 1321.875
1864.200 1324.884
1853.961 1213.495
1853.986 1290.818
1830.783 1255.030
1667.156 1408.917
1700.687 1292.634
1731.940 1474.727
1782.996 1292.396
1863.163 1433.919
1849.951 1273.320
1660.585 1380.180
1831.524 1362.735
1825.999 1368.459
1692.576 1453.762
1771.165 1231.523
1766.358 1407.893
1678.205 1348.376
1871.166 1373.486
1802.840 1367.094
1688.094 1405.093
1850.582 1290.633
1851.325 1402.482
1802.759 1275.736
1826.662 1312.816
1664.592 1204.337
1656.999 1423.304
1757.451 1252.520
1639.097 1302.113
1764.260 1459.029
1663.657 1375.470
1877.666 1466.972
1813.109 1315.837
1835.846 1235.856
1703.937 1387.789
1693.895 1230.837
1671.250 1462.574
1690.000 1366.024
1813.966 1241.436
1666.796 1321.844
1751.199 1408.491
1668.884 1372.528
1621.892 1266.510
1674.936 1401.536
1688.288 1295.825
1716.083 1268.323
1620.678 1324.929
1826.355 1474.033
1760.096 1390.985
1704.526 1306.388
1607.287 1468.556
1766.772 1205.928
1741.751 1255.143
1837.647 1275.268
1732.974 1237.023
1607.297 1478.265
1776.679 1448.402
1676.438 1381.502
1857.115 1303.151
1693.651 1414.085
1791.805 1271.041
1755.011 1238.798
1831.923 1380.291
1723.599 1396.828
1707.786 1418.947
1661.348 1349.218
1761.593 1284.914
1710.402 1374.133
1681.991 1255.969
1701.524 1407.607
1753.046 1385.147
1722.814 1224.392
1871.177 1251.938
1647.989 1307.178
1635.388 1274.713
1757.930 1340.683
1733.513 1249.000
1741.980 1325.303
1611.983 1344.188
1747.587 1223.209
1864.430 1231.338
1638.636 1392.159
1686.499 1327.908
1624.269 1425.926
1810.166 1448.631
1617.020 1449.873
1777.977 1386.481
1756.450 1452.919
1688.021 1465.727
1725.822 1297.234
1763.978 1470.915
1789.460 1435.096
1754.313 1246.054
1867.421 1237.374
1774.064 1468.492
1819.263 1263.098
1772.011 1228.452
1611.865 1448.297
1745.700 1407.543
1603.543 1463.892
1680.468 1413.516
1735.604 1341.458
1650.428 1469.724
1736.813 1354.875
1733.602 1295.612
1877.516 1428.367
1774.714 1411.736
1752.611 1298.943
1672.335 1411.964
1834.324 1213.891
1616.598 1433.082
1652.812 1348.810
1745.485 1363.693
1734.515 1319.937
1687.263 1401.102
1797.816 1328.836
1868.278 1327.116
1781.309 1273.934
1816.765 1412.222
1870.757 1220.734
1841.212 1238.384
1741.179 1447.206
1769.618 1263.983
1643.035 1382.175
1863.916 1459.984
1806.117 1394.592
1826.314 1301.284
1730.389 1413.508
1777.751 1421.039
1814.755 1270.349
1827.739 1281.283
1876.565 1238.088
1801.053 1213.574
1655.126 1219.015
1679.833 1217.525
1746.091 1249.393
1698.775 1240.868
1760.016 1278.910
1682.618 1348.458
1716.378 1206.135
1865.765 1409.577
1865.046 1281.078
1880.402 1363.101
1795.450 1449.226
1792.663 1398.501
1857.398 1371.706
1810.810 1404.859
1823.593 1277.464
1801.794 1386.353
1874.298 1320.937
1803.874 1201.933
1646.184 1377.129
1614.759 1331.291
1855.679 1221.768
1619.554 1425.812
1680.668 1422.799
1628.019 1321.358
1776.588 1312.963
1680.932 1284.122
1650.839 1219.928
1816.300 1230.237
1696.679 1315.415
1841.614 1216.800
1868.521 1302.100
1817.885 1271.682
1672.016 1467.179
1823.556 1381.930
1655.630 1438.729
1832.224 1296.876
1628.664 1335.036
1766.049 1372.661
1649.035 1214.176
1689.742 1436.718
1635.441 1347.803
1707.043 1289.467
1665.025 1222.667
1813.143 1457.374
1706.232 1237.456
1793.867 1230.705
1793.112 1302.834
1814.583 1459.286
1848.903 1293.182
1832.397 1297.451
1825.765 1407.874
1746.886 1386.822
1707.800 1392.214
1824.165 1242.653
1665.954 1303.101
1683.104 1268.978
1854.892 1378.500
1648.533 1356.100
1710.755 1457.415
1711.322 1287.549
1734.439 1206.252
1669.826 1209.309
1743.775 1446.314
1772.415 1416.799
1781.155 1288.782
1623.869 1299.222
1679.589 1323.335
1790.807 1362.499
1680.475 1409.229
1852.064 1356.260
1790.860 1250.490
1819.615 1398.178
1777.174 1350.029
1855.898 1211.628
1849.648 1268.640
1858.309 1372.944
1812.533 1257.689
1769.047 1389.086
1641.915 1347.667
1728.363 1243.752
1719.870 1341.520
1765.335 1342.304
1621.782 1408.710
1830.564 1317.120
1878.882 1317.267
1657.563 1269.432
1741.537 1380.135
1607.293 1318.644
1794.297 1445.600
1692.262 1430.368
1634.789 1268.300
1770.455 1221.178
1664.988 1246.880
1652.330 1330.512
1652.600 1419.739
1821.558 1292.951
1858.645 1479.205
1791.271 1427.062
1705.878 1397.548
1618.190 1460.806
1871.463 1444.313
1636.866 1373.790
1751.900 1215.261
1674.417 1466.283
1825.386 1375.016
1785.124 1351.961
1675.266 1461.811
1845.821 1325.774
1856.266 1432.513
1815.252 1274.681
1813.737 1355.133
1604.763 1325.773
1605.637 1283.751
1620.456 1390.167
1682.633 1319.058
1806.838 1339.190
1714.702 1231.530
1700.088 1450.298
1634.365 1476.349
1625.983 1227.098
1869.810 1270.624
1637.609 1317.450
1655.647 1414.835
1667.572 1298.384
1796.996 1316.304
1879.415 1288.141
1632.281 1342.591
1726.758 1453.184
1653.044 1374.530
1828.903 1238.610
1752.294 1230.489
1675.608 1395.940
1752.866 1211.612
1752.654 1365.376
1614.210 1479.634
1608.774 1471.112
1695.670 1364.766
1763.677 1423.546
1756.280 1258.328
1877.803 1322.238
1761.738 1217.140
1781.322 1477.915
1817.849 1453.407
1694.941 1256.455
1665.328 1303.670
1870.207 1422.438
1745.974 1336.509
1724.767 1265.320
1822.592 1478.917
1626.611 1390.900
1685.111 1359.597
1700.991 1256.189
1864.985 1414.826
1638.365 1367.547
1712.090 1431.991
1674.804 1337.402
1823.524 1317.170
1766.933 1296.911
1868.139 1213.544
1858.488 1287.967
1618.839 1445.786
1727.969 1291.951
1741.314 1361.545
1726.977 1459.592
1830.380 1219.241
1879.107 1257.762
1708.637 1386.643
1791.241 1436.385
1728.481 1322.975
1761.716 1398.356
1804.077 1290.571
1761.246 1290.627
1722.222 1358.363
1667.587 1434.611
1701.860 1355.588
1880.033 1221.897
1720.027 1464.637
1653.283 1410.575
1803.922 1345.529
1809.608 1270.740
1775.518 1468.404
1621.880 1314.281
1717.298 1379.377
1817.299 1376.655
1848.340 1333.394
1792.694 1431.035
1705.766 1391.156
1741.941 1302.805
1841.816 1281.143
1645.995 1273.160
1852.335 1321.837
1710.399 1290.033
1851.846 1475.010
1620.513 1350.289
1813.804 1271.764
1748.662 1416.029
1759.799 1204.351
1660.138 1354.854
1691.257 1388.467
1810.225 1422.049
1794.610 1405.375
1663.883 1277.612
1721.859 1341.699
1760.704 1435.895
1801.298 1226.284
1761.953 1244.969
1801.935 1318.738
1625.858 1465.375
1855.262 1271.605
1787.564 1291.477
1782.414 1467.296
1690.866 1349.087
1868.216 1323.135
1666.852 1304.661
1792.238 1207.376
1606.394 1245.958
1672.156 1237.544
1648.541 1255.480
1766.602 1374.702
1696.239 1220.728
1623.785 1267.709
1754.983 1468.745
1626.063 1417.674
1840.734 1415.352
1836.352 1347.494
1619.817 1345.833
1842.253 1472.284
1794.320 1446.391
1704.738 1228.482
1748.235 1412.693
1877.886 1371.546
1854.887 1478.291
1814.967 1461.812
1764.766 1357.193
1754.411 1411.320
1698.268 1320.260
1736.870 1221.754
1722.185 1350.085
1817.884 1265.081
1828.161 1249.797
1647.535 1444.175
1834.229 1429.382
1622.540 1402.641
1819.757 1317.928
1684.217 1229.697
1617.578 1449.798
1675.207 1293.565
1682.603 1292.367
1699.410 1315.109
1777.332 1375.072
1641.830 1365.429
1724.333 1422.208
1622.213 1469.328
1846.021 1382.980
1649.694 1247.234
1639.722 1221.367
1672.647 1296.293
1873.289 1290.304
1858.694 1397.095
1842.772 1470.477
1655.000 1374.111
1659.449 1360.263
1734.170 1274.969
1843.116 1310.553
1637.019 1253.046
1817.852 1331.908
1879.582 1227.685
1817.555 1389.896
1847.356 1325.906
1646.485 1313.902
1710.814 1259.166
1672.781 1401.228
1631.931 1313.863
1851.757 1469.228
1611.705 1331.367
1661.405 1365.741
1780.883 1267.747
1880.495 1378.491
1609.147 1326.481
1713.785 1428.950
1644.249 1331.399
1747.460 1253.149
1616.310 1460.998
1835.520 1323.615
1837.199 1326.020
1859.385 1413.166
1794.376 1366.596
1736.870 1229.837
1880.455 1245.378
1804.142 1392.730
1745.374 1342.754
1796.916 1380.365
1672.119 1478.170
1743.605 1337.767
1867.589 1409.598
1760.928 1425.595
1801.496 1442.614
1802.522 1218.055
1827.990 1469.407
1693.407 1450.814
1650.382 1280.209
1681.348 1316.429
1663.656 1437.788
1673.748 1327.394
1627.076 1303.608
1729.894 1469.350
1809.730 1331.701
1702.320 1345.537
1753.950 1458.872
1848.510 1240.492
1673.799 1287.154
1628.934 1444.267
1741.401 1261.052
1864.332 1304.092
1856.700 1294.042
1871.407 1378.478
1782.198 1387.917
1866.304 1329.783
1830.504 1384.363
1831.332 1308.289
1606.951 1379.628
1840.359 1363.837
1847.530 1404.420
1851.531 1357.346
1868.962 1296.747
1690.774 1236.791
1847.169 1202.487
1668.702 1346.060
1844.053 1416.174
1866.123 1317.616
1783.199 1297.331
1724.622 1391.214
1745.359 1426.445
1647.468 1440.677
1684.225 1389.924
1732.951 1342.432
1875.255 1476.474
1814.667 1344.730
1811.130 1407.471
1696.945 1343.389
1838.808 1405.820
1695.193 1390.104
1779.017 1239.088
1705.630 1468.068
1618.993 1281.422
1764.216 1208.903
1689.273 1436.616
1617.095 1376.608
1784.962 1453.749
1824.946 1382.918
1804.921 1292.021
1878.857 1255.367
1636.963 1447.420
1720.840 1457.901
1663.357 1298.194
1851.285 1255.613
1680.086 1285.384
1646.023 1403.422
1730.792 1385.702
1708.833 1445.032
1758.699 1445.651
1655.396 1257.140
1636.831 1324.074
1711.344 1259.854
1734.586 1446.087
1703.174 1416.375
1875.146 1431.988
1702.622 1288.455
1656.546 1475.573
1603.679 1280.215
1299.674 1718.204
1315.542 1747.801
1239.671 1718.093
1266.774 1803.100
1367.440 1866.411
1237.045 1871.804
1365.398 1694.677
1227.492 1853.982
1267.111 1812.956
1350.088 1642.506
1352.971 1824.711
1248.507 1782.919
1263.300 1620.428
1329.491 1817.656
1237.064 1712.805
1208.871 1774.529
1207.701 1772.577
1320.111 1654.011
1148.957 1624.169
1382.559 1646.123
1211.208 1846.890
1238.786 1765.937
1248.745 1691.335
1142.181 1659.627
1353.211 1794.045
1153.734 1683.148
1161.473 1833.155
1309.158 1639.609
1231.622 1705.948
1169.525 1716.255
1356.713 1625.186
1146.169 1799.533
1220.643 1838.351
1306.718 1688.720
1181.976 1797.065
1206.832 1882.702
1392.842 1661.449
1289.512 1623.144
1387.298 1735.520
1260.460 1832.887
1172.849 1853.236
1333.396 1656.716
1368.595 1645.210
1251.259 1664.419
1180.798 1650.746
1349.966 1866.033
1174.422 1861.364
1348.334 1652.202
1254.728 1623.961
1141.899 1750.591
1396.065 1821.164
1184.110 1887.387
1216.628 1636.159
1345.525 1719.441
1375.668 1647.438
1247.695 1668.598
1314.017 1651.197
1284.902 1784.925
1397.308 1702.080
1356.904 1714.640
1355.185 1830.929
1277.435 1816.534
1218.203 1613.400
1334.201 1882.139
1149.284 1823.105
1243.150 1791.618
1240.245 1751.555
1171.323 1661.162
1193.756 1612.598
1171.535 1687.778
1163.699 1614.940
1295.252 1746.832
1264.279 1688.485
1322.829 1833.530
1271.605 1661.143
1225.142 1715.238
1158.327 1795.496
1283.408 1867.916
1233.228 1642.887
1177.711 1675.315
1305.583 1811.514
1308.385 1730.760
1178.651 1705.213
1343.611 1727.003
1255.913 1876.281
1247.799 1718.570
1385.077 1644.807
1221.642 1864.757
1394.093 1857.453
1373.929 1779.747
1355.055 1883.801
1192.188 1773.370
1146.572 1782.094
1397.029 1773.202
1326.467 1855.172
1373.954 1872.625
1135.075 1733.901
1319.305 1696.224
1246.979 1662.785
1385.738 1704.931
1324.496 1767.921
1329.964 1877.022
1154.434 1685.852
1323.340 1824.303
1312.144 1701.534
1401.443 1660.695
1227.063 1765.938
1229.212 1649.772
1347.838 1718.752
1139.279 1681.217
1216.164 1830.950
1350.014 1875.088
1288.721 1850.340
1138.898 1696.428
1253.213 1784.817
1238.435 1645.276
1215.835 1819.470
1131.573 1620.682
1339.453 1624.354
1367.262 1692.889
1147.250 1733.233
1184.335 1667.465
1303.251 1797.826
1313.990 1635.850
1384.629 1822.974
1282.170 1852.978
1312.160 1770.502
1287.339 1847.167
1143.268 1741.269
1253.443 1728.505
1298.313 1852.731
1301.503 1750.766
1366.881 1733.530
1301.303 1767.662
1235.256 1758.563
1238.101 1813.426
1343.771 1675.641
1357.224 1655.454
1342.439 1676.288
1214.485 1820.240
1273.365 1638.867
1384.939 1818.387
1224.226 1742.652
1148.978 1673.810
1344.343 1855.693
1198.183 1872.391
1178.281 1876.609
1298.840 1745.724
1266.317 1619.356
1390.880 1668.035
1385.093 1832.394
1223.913 1825.861
1203.921 1793.289
1290.194 1699.852
1281.755 1716.531
1151.964 1807.163
1157.975 1845.205
1159.110 1854.513
1215.394 1731.928
1327.676 1840.427
1194.765 1763.228
1323.274 1703.571
1196.398 1741.102
1163.308 1885.632
1360.898 1679.186
1147.776 1673.891
1209.607 1615.035
1197.545 1720.676
1126.267 1868.391
1142.089 1802.575
1239.906 1851.674
1211.624 1628.629
1191.179 1865.329
1152.066 1881.356
1203.645 1699.075
1401.411 1844.170
1224.666 1774.204
1326.942 1669.499
1307.176 1692.521
1331.135 1725.311
1154.431 1747.835
1139.260 1702.498
1192.054 1662.877
1357.939 1612.897
1174.301 1689.268
1326.036 1652.292
1206.838 1655.653
1205.492 1734.793
1211.061 1784.132
1309.986 1816.067
1320.577 1867.603
1304.317 1851.711
1164.677 1808.075
1157.122 1706.570
1244.095 1799.370
1156.069 1768.442
1134.984 1864.489
1191.995 1757.123
1376.280 1659.636
1145.616 1718.785
1222.072 1803.794
1341.824 1732.799
1344.004 1753.109
1369.508 1886.724
1150.097 1684.781
1164.481 1616.644
1154.612 1848.682
1187.841 1627.822
1294.952 1741.584
1182.963 1844.174
1304.840 1684.385
1202.097 1646.892
1369.932 1730.486
1163.077 1727.305
1390.286 1813.287
1187.590 1612.592
1374.449 1631.944
1258.749 1800.946
1334.517 1664.711
1170.089 1673.569
1363.065 1829.666
1347.492 1885.993
1362.257 1616.287
1203.572 1812.130
1272.417 1716.455
1351.639 1796.291
1130.970 1639.911
1233.461 1721.488
1283.625 1825.568
1251.131 1618.922
1341.117 1638.708
1372.787 1628.418
1275.175 1860.274
1225.755 1688.381
1213.973 1703.747
1253.913 1612.731
1143.584 1796.238
1354.726 1830.806
1400.820 1874.742
1331.657 1633.718
1402.384 1774.374
1397.011 1715.444
1350.621 1836.147
1228.404 1816.150
1401.311 1861.294
1395.776 1821.416
1355.224 1718.629
1248.709 1865.287
1282.517 1631.558
1185.343 1649.026
1262.138 1747.958
1380.453 1842.518
1177.281 1811.973
1267.761 1655.946
1387.797 1662.660
1342.844 1837.170
1323.522 1665.805
1393.373 1821.186
1392.064 1870.681
1133.678 1629.186
1380.704 1819.170
1325.580 1770.950
1211.830 1656.818
1197.750 1776.837
1368.309 1751.767
1344.607 1743.254
1247.598 1687.694
1164.147 1621.266
1142.298 1868.770
1383.303 1793.900
1161.207 1679.489
1176.880 1723.098
1388.820 1788.739
1126.831 1881.858
1336.219 1866.083
1345.921 1827.803
1153.833 1627.008
1219.761 1883.047
1196.167 1710.978
1223.306 1831.824
1289.655 1817.646
1299.901 1875.947
1255.430 1762.379
1367.568 1810.382
1328.273 1674.580
1309.411 1814.455
1149.941 1653.702
1192.779 1682.671
1173.782 1666.555
1176.118 1794.634
1308.326 1829.154
1308.500 1773.288
1400.784 1623.899
1198.199 1673.566
1320.785 1725.456
1341.204 1629.000
1154.739 1671.522
1257.081 1616.364
1388.416 1618.737
1317.982 1648.131
1202.512 1758.559
1164.322 1691.066
1214.334 1841.565
1165.391 1650.129
1316.402 1827.960
1267.347 1868.400
1278.553 1670.180
1292.703 1658.206
1209.459 1812.533
1131.264 1883.548
1313.247 1758.533
1374.034 1775.239
1400.586 1651.254
1140.223 1777.268
1165.371 1811.198
1193.909 1718.475
1180.862 1784.618
1293.845 1689.806
1188.750 1724.428
1394.137 1697.941
1229.513 1872.101
1176.579 1661.262
1156.886 1683.743
1245.034 1614.631
1199.487 1785.163
1140.855 1742.604
1187.636 1802.263
1279.710 1770.138
1204.910 1696.716
1299.411 1879.418
1185.486 1731.415
1356.255 1698.994
1141.391 1791.225
1176.144 1772.218
1271.714 1748.361
1231.086 1792.069
1319.063 1764.945
1359.452 1795.727
1232.291 1771.053
1128.940 1673.442
1202.558 1643.745
1133.134 1738.656
1205.096 1807.287
1187.847 1721.783
1280.709 1785.982
1247.065 1620.236
1237.012 1743.342
1379.498 1767.771
1277.358 1658.298
1350.269 1857.748
1306.780 1741.071
1315.411 1887.638
1152.028 1701.835
1264.442 1858.827
1187.608 1851.802
1139.017 1792.552
1337.042 1687.273
1309.709 1828.331
1395.726 1793.915
1323.157 1678.903
1314.423 1849.248
1287.897 1631.312
1195.537 1750.004
1281.383 1712.530
1175.896 1856.222
1272.966 1819.634
1343.651 1825.337
1399.057 1877.449
1159.925 1670.663
1151.576 1667.415
1373.331 1748.196
1232.203 1717.828
1272.250 1738.172
1353.659 1632.338
1278.057 1844.365
1387.962 1656.436
1317.460 1634.977
1339.638 1809.738
1208.796 1739.894
1254.097 1850.015
1274.976 1680.120
1152.232 1643.465
1171.073 1711.800
1304.103 1703.446
1220.641 1758.563
1217.127 1807.676
1308.045 1830.900
1275.790 1736.665
1368.621 1710.067
1383.422 1658.540
1210.341 1799.994
1266.006 1653.392
1125.665 1759.800
1200.382 1782.231
1364.831 1699.632
1275.455 1732.165
1362.286 1661.426
1257.018 1833.930
1251.064 1702.775
1380.251 1743.418
1181.534 1878.330
1166.915 1626.823
1180.098 1842.077
1345.487 1626.861
1367.737 1641.259
1262.142 1678.582
1230.458 1718.224
1167.728 1654.518
1160.340 1825.364
1386.913 1750.615
1396.136 1865.149
1388.036 1657.408
1242.164 1807.561
1197.466 1868.851
1322.693 1629.558
1272.988 1644.959
1249.007 1883.116
1172.178 1846.267
1202.032 1648.165
1381.057 1829.420
1135.869 1643.453
1334.928 1878.794
1266.637 1884.370
1152.424 1663.662
1277.492 1675.508
1136.787 1726.108
1293.455 1674.195
1192.038 1646.692
1193.289 1834.409
1190.162 1723.041
1302.427 1833.596
1208.183 1629.957
1321.701 1682.890
1332.866 1621.552
1168.239 1811.424
1171.181 1663.530
1329.330 1780.905
1127.987 1882.131
1252.587 1643.995
1301.432 1682.051
1239.755 1869.642
1319.629 1817.103
1203.656 1855.459
1334.653 1729.266
1264.671 1708.717
1383.115 1643.927
1396.127 1664.243
1281.405 1782.474
1306.323 1658.895
1168.446 1696.385
1348.633 1726.641
1335.544 1687.987
1276.333 1630.337
1190.334 1836.859
1319.578 1860.393
1155.688 1751.006
1245.429 1777.571
1261.513 1809.683
1266.709 1878.407
1367.124 1669.220
1127.569 1885.072
1359.047 1828.540
1181.028 1817.100
1167.524 1883.006
1205.118 1630.551
1303.964 1766.130
1336.610 1740.446
1170.177 1842.163
1269.251 1884.957
1299.824 1788.287
1211.464 1869.301
1401.023 1755.191
1386.636 1725.348
1263.183 1793.673
1293.073 1748.022
1291.978 1690.671
1337.095 1713.054
1266.963 1694.465
1164.339 1873.123
1152.587 1648.345
1272.420 1786.941
1247.978 1833.387
1306.307 1787.229
1217.794 1814.478
1336.766 1638.566
1316.727 1734.666
1281.440 1705.401
1340.854 1835.476
1283.804 1647.208
1367.217 1730.902
1309.090 1835.988
1211.545 1880.447
1311.598 1744.694
1284.097 1778.956
1192.445 1755.042
1402.149 1755.821
1226.034 1753.004
1395.098 1728.735
1390.114 1848.591
1396.972 1863.732
1318.735 1873.358
1388.221 1876.307
1297.027 1751.793
1400.673 1749.391
1262.148 1834.394
1162.752 1745.361
1270.955 1844.014
1165.249 1728.163
1352.411 1626.406
1205.625 1790.868
1373.888 1780.795
1199.648 1774.889
1380.547 1693.482
1292.629 1761.564
1207.036 1887.798
1151.813 1640.114
1389.143 1768.447
1125.101 1821.609
1346.967 1641.750
1279.856 1700.948
1264.988 1805.401
1212.668 1879.433
1141.531 1726.580
1366.574 1661.933
1306.023 1809.649
1152.714 1749.407
1240.245 1743.486
1230.269 1848.228
1217.186 1809.338
1213.813 1791.812
1224.230 1730.430
1310.871 1844.769
1254.248 1658.992
1314.060 1784.090
1149.760 1694.871
1131.120 1620.031
1252.236 1854.607
1274.797 1706.034
1257.840 1638.831
1178.386 1702.513
1336.552 1620.416
1340.459 1817.982
1136.394 1683.471
1173.418 1689.139
1269.190 1810.130
1151.959 1756.351
1324.663 1806.716
1143.592 1677.285
1356.252 1624.964
1227.137 1745.491
1210.159 1643.647
1396.628 1679.418
1298.052 1731.426
1189.599 1804.399
1228.775 1738.112
1275.529 1730.951
1376.895 1776.676
1308.653 1699.836
1185.359 1880.594
1200.485 1823.860
1314.141 1753.281
1217.332 1803.552
1180.716 1702.441
1197.812 1712.763
1317.696 1636.156
1369.557 1726.051
1177.859 1729.674
1242.546 1681.775
1369.674 1828.765
1307.964 1673.882
1308.827 1815.192
1228.964 1645.351
1329.669 1676.625
1331.432 1625.487
1363.981 1652.593
1373.207 1648.185
1269.723 1688.126
1139.831 1837.525
1210.024 1824.373
1291.538 1636.092
1330.944 1793.620
1341.437 1884.410
1129.297 1638.273
1158.470 1772.794
1318.112 1722.774
1166.443 1611.208
1340.766 1796.462
1356.287 1648.479
1287.069 1778.147
1151.419 1712.838
1381.899 1666.154
1136.206 1819.310
1211.343 1857.746
1133.568 1613.134
1354.108 1878.116
1157.849 1642.038
1272.951 1827.592
1189.103 1658.348
1213.571 1616.425
1390.805 1794.513
1261.329 1637.811
1174.303 1860.413
1326.710 1792.593
1250.867 1816.494
1278.627 1758.863
1127.087 1840.201
1132.408 1883.486
1346.249 1708.604
1241.285 1673.721
1348.055 1865.531
1246.689 1837.143
1286.162 1847.882
1328.773 1864.939
1150.348 1680.503
1294.683 1695.345
1323.771 1831.653
1156.934 1643.006
1281.196 1719.404
1260.236 1674.169
1171.197 1776.871
1215.378 1877.977
1169.968 1815.578
1254.050 1886.234
1395.743 1643.388
1214.672 1669.733
1129.226 1822.080
1254.746 1840.950
1329.335 1744.056
1178.503 1851.783
1203.555 1885.508
1206.553 1815.873
1286.998 1824.697
1137.281 1645.073
1313.198 1647.668
1129.289 1766.890
1302.940 1624.741
1158.733 1821.827
1399.224 1689.609
1368.102 1771.120
1179.540 1773.191
1260.192 1722.838
1192.963 1868.073
1365.226 1819.361
1213.256 1612.246
1234.235 1626.143
1193.447 1634.016
1163.574 1812.949
1230.073 1832.514
1201.294 1688.948
1353.932 1833.211
1176.200 1675.255
1242.042 1662.273
1350.182 1868.306
1329.077 1628.369
1314.711 1817.472
1386.588 1750.972
1395.572 1642.640
1177.733 1821.431
1221.379 1695.710
1220.775 1690.779
1236.967 1822.323
1161.872 1867.398
1360.409 1640.689
1257.523 1683.709
1147.537 1759.557
1135.382 1698.304
1279.520 1639.155
1140.555 1717.121
1141.911 1834.772
1283.328 1613.647
1207.985 1809.171
1193.036 1689.930
1352.573 1775.144
1394.248 1762.058
1232.409 1698.045
1182.700 1684.676
1161.383 1725.736
1216.128 1719.333
1317.661 1673.688
1129.038 1869.859
1344.930 1639.155
1166.802 1707.386
1150.556 1668.981
1161.150 1840.886
1382.789 1780.633
1147.450 1788.671
1253.463 1812.967
1131.370 1617.668
1266.039 1886.204
1150.120 1693.074
1196.323 1872.727
1258.254 1785.523
1209.856 1809.323
1160.761 1775.714
1234.928 1725.689
1175.466 1614.374
1372.279 1656.144
1309.408 1617.365
1317.487 1698.682
1156.809 1661.484
1156.911 1847.668
1383.679 1782.405
1130.977 1641.659
1325.514 1708.540
1263.737 1884.375
1295.444 1750.205
1258.377 1732.756
1244.342 1828.350
1350.324 1854.854
1228.302 1752.872
1383.452 1808.358
1279.358 1735.211
1128.471 1701.099
1228.284 1814.185
1178.610 1814.294
1177.271 1883.880
1199.081 1642.089
1196.346 1842.821
1396.132 1856.928
1247.298 1642.590
1277.351 1791.828
1166.103 1875.974
1314.342 1755.534
1251.833 1883.681
1230.419 1733.457
1377.500 1844.113
1127.199 1832.334
1172.513 1882.300
1204.802 1698.114
1212.258 1637.269
1299.331 1859.835
1208.397 1695.485
1367.932 1626.330
1270.956 1680.171
1149.473 1657.367
1153.072 1701.511
1371.630 1825.354
1266.332 1704.350
1329.594 1714.503
1143.319 1620.898
1204.605 1874.158
1134.156 1610.945
1198.397 1842.017
1153.921 1833.026
1156.358 1660.839
1344.303 1683.786
1225.982 1709.059
1148.867 1693.247
1301.733 1636.576
1383.420 1765.464
1132.745 1650.168
1312.833 1736.550
1375.783 1758.355
1214.885 1727.224
1255.837 1818.099
1163.100 1812.554
1297.739 1663.914
1342.483 1665.071
1296.800 1876.011
1132.860 1618.812
1366.031 1875.122
1334.417 1858.373
1302.417 1660.442
1366.831 1754.976
1392.993 1708.543
1192.474 1727.093
1278.268 1739.805
1165.911 1757.266
1327.780 1815.957
1332.858 1644.967
1193.974 1630.264
1132.811 1684.235
1322.848 1750.007
1390.701 1836.541
1172.886 1688.668
1260.358 1871.153
1313.027 1796.496
1396.576 1733.191
1176.655 1864.804
1187.805 1748.629
1370.691 1808.733
1271.957 1709.077
1199.682 1618.094
1357.860 1836.952
1337.822 1833.099
1283.917 1848.289
1227.192 1614.257
1270.082 1737.351
1372.895 1643.738
1333.785 1726.487
1318.546 1886.610
1389.773 1612.132
1391.625 1647.383
1273.671 1681.387
1294.911 1779.410
1173.013 1613.930
1211.490 1634.458
1402.709 1880.942
1290.208 1796.539
1243.696 1872.933
1228.472 1805.070
1268.124 1663.680
1295.059 1662.113
1298.519 1766.072
1173.396 1789.465
1184.674 1831.912
1218.112 1837.555
1393.455 1724.377
1373.712 1659.262
1280.516 1798.380
1135.566 1812.028
1239.006 1865.057
1320.141 1646.990
1237.801 1616.206
1294.773 1810.367
1145.168 1641.392
1131.613 1837.034
1339.576 1791.876
1136.406 1624.477
1360.896 1673.692
1223.116 1715.639
1256.227 1683.916
1303.662 1619.219
1304.116 1744.384
1229.850 1859.409
1311.477 1733.245
1246.881 1854.920
1226.721 1776.657
1306.453 1716.723
1246.050 1717.964
1249.859 1662.724
1156.971 1638.680
1295.913 1786.866
1336.458 1782.603
1318.249 1655.132
1252.429 1684.570
1400.184 1672.653
1367.749 1630.976
1346.771 1778.671
1300.991 1724.241
1308.258 1642.061
1286.881 1777.653
1178.767 1612.231
1167.001 1808.971
1395.730 1835.285
1187.298 1783.382
1197.489 1808.635
1315.015 1845.002
1318.879 1870.746
1154.945 1788.325
1362.097 1746.858
1145.329 1782.335
1189.332 1835.302
1158.473 1650.206
1340.571 1881.473
1297.950 1851.515
1167.875 1813.591
1226.783 1852.159
1357.475 1780.823
1303.607 1621.039
1283.215 1761.697
1266.051 1835.539
1136.382 1612.251
1362.472 1615.651
1209.507 1782.713
1261.591 1876.404
1208.768 1680.943
1328.716 1663.291
1131.411 1774.311
1225.088 1632.489
1255.732 1826.248
1238.171 1634.329
1128.931 1665.147
1243.472 1853.057
1165.281 1660.515
1273.320 1885.158
1260.143 1802.287
1186.307 1868.396
1390.369 1652.438
1288.148 1687.570
1182.248 1689.374
1269.612 1686.958
1286.411 1763.544
1136.638 1730.912
1329.913 1613.593
1227.351 1620.376
1208.927 1846.708
1218.458 1839.736
1398.670 1839.519
1194.726 1698.559
1372.377 1648.770
1389.599 1755.248
1177.843 1832.263
1345.661 1820.214
1363.602 1885.813
1218.697 1676.351
1232.530 1671.957
1177.126 1654.983
1183.811 1811.761
1185.701 1663.361
1273.839 1774.855
1402.452 1873.427
1151.692 1775.446
1190.459 1689.500
1130.359 1611.703
1400.071 1786.094
1241.726 1819.146
1385.867 1720.076
1379.426 1834.853
1296.793 1862.525
1394.407 1688.276
1300.423 1873.340
1155.339 1867.779
1164.844 1703.499
1384.762 1869.521
1319.974 1810.869
1177.949 1880.621
1197.580 1821.952
1126.590 1758.235
1279.959 1783.621
1369.723 1830.077
1216.415 1809.298
1241.362 1795.162
1355.346 1875.399
1154.491 1794.338
1233.758 1696.250
1286.621 1722.530
1325.241 1628.389
1237.429 1626.767
1145.660 1756.715
1261.777 1757.541
1216.310 1687.391
1276.761 1853.785
1313.922 1857.730
1207.994 1642.573
1236.278 1803.475
1212.176 1691.523
1204.138 1655.469
1215.193 1677.266
1164.920 1668.226
1278.682 1741.159
1171.085 1724.620
1205.668 1827.753
1258.852 1881.745
1202.180 1710.921
1330.118 1687.475
1254.797 1652.960
1346.159 1752.695
1319.471 1615.060
1337.278 1765.898
1134.099 1728.462
1293.997 1874.478
1242.727 1652.392
1281.669 1720.915
1203.878 1813.146
1353.164 1865.801
1362.712 1864.955
1369.096 1720.287
1126.319 1628.976
1396.577 1740.879
1155.977 1866.419
1295.050 1753.951
1152.605 1701.355
1333.275 1726.558
1204.214 1881.470
1356.361 1851.079
1367.511 1673.851
1386.240 1809.566
1271.278 1658.733
1196.774 1728.980
1158.357 1882.049
1194.300 1769.408
1277.126 1679.801
1352.947 1756.780
1380.021 1644.170
1231.808 1814.763
1277.870 1670.967
1172.655 1724.822
1396.914 1881.273
1192.557 1680.315
1358.090 1820.962
1369.434 1675.390
1349.500 1802.702
1374.229 1804.074
1190.780 1860.577
1358.415 1659.053
1256.575 1660.990
1298.513 1736.778
1173.922 1844.173
1320.968 1794.650
1387.511 1747.053
1256.363 1833.282
1288.513 1663.802
1285.896 1885.510
1173.796 1769.017
1348.077 1841.801
1309.168 1674.872
1335.627 1784.002
1397.396 1870.050
1235.770 1718.303
1305.470 1729.921
1320.224 1697.732
1402.378 1742.663
1335.147 1887.272
1261.427 1734.863
1284.789 1680.634
1334.080 1851.005
1184.073 1633.175
1382.832 1864.504
1161.638 1716.803
1305.931 1663.517
1351.011 1827.795
1246.327 1886.816
1393.560 1659.671
1265.176 1840.061
1203.503 1852.908
1149.138 1721.188
1130.836 1887.870
1370.079 1679.751
1325.569 1732.901
1179.847 1676.455
1261.695 1836.957
1313.691 1718.478
1330.034 1874.379
1303.174 1805.868
1354.146 1729.105
1238.580 1679.478
1271.810 1655.195
1234.066 1666.105
1197.188 1772.870
1148.255 1698.257
1334.104 1654.610
1190.546 1705.171
1301.981 1820.537
1252.635 1780.369
1293.711 1731.884
1174.655 1696.120
1137.456 1691.361
1258.159 1730.505
1256.361 1774.474
1276.722 1732.863
1349.298 1836.207
1266.811 1804.426
1170.387 1771.411
1240.325 1790.883
1129.711 1651.412
1203.991 1628.912
1280.443 1854.721
1366.382 1781.121
1283.185 1756.147
1198.985 1767.457
1236.225 1783.461
1329.778 1780.938
1188.186 1628.281
1131.715 1837.798
1325.735 1690.659
1338.271 1723.186
1176.002 1707.487
1232.227 1686.826
1290.113 1679.483
1245.169 1637.976
1171.054 1844.738
1169.890 1692.820
1372.055 1854.676
1259.741 1850.257
1279.031 1821.558
1298.344 1845.177
1191.392 1739.438
1139.442 1835.328
1239.837 1770.930
1375.969 1706.931
1257.644 1800.014
1248.806 1810.899
1212.504 1806.487
1136.946 1792.981
1230.114 1622.798
1242.336 1632.622
1182.569 1678.828
1229.234 1873.489
1235.129 1698.719
1345.824 1710.047
1382.687 1858.563
1312.797 1632.862
1355.070 1724.964
1152.945 1616.050
1348.631 1745.406
1223.831 1613.134
1194.730 1611.458
1319.820 1808.417
1255.575 1633.725
1141.383 1682.884
1290.229 1855.680
1146.852 1764.402
1298.921 1654.072
1389.154 1810.112
1268.822 1796.629
1132.251 1802.552
1212.038 1680.132
1282.622 1654.352
1297.936 1654.438
1388.996 1686.218
1363.560 1670.923
1234.318 1782.385
1153.295 1695.532
1273.421 1614.280
1318.898 1728.627
1256.297 1627.259
1355.802 1707.431
1183.818 1656.865
1251.243 1848.541
1335.829 1716.175
1226.610 1692.639
1303.971 1833.965
1309.038 1714.505
1235.894 1633.798
1207.271 1657.175
1213.744 1658.344
1207.212 1736.946
1206.755 1821.231
1272.570 1636.168
1369.560 1634.071
1225.040 1874.296
1208.674 1651.125
1293.427 1882.688
1356.270 1844.497
1333.595 1718.585
1353.900 1855.422
1144.885 1823.064
1354.846 1752.012
1126.643 1828.532
1286.461 1852.569
1395.016 1786.584
1214.026 1838.372
1217.774 1653.146
1365.146 1681.678
1191.944 1685.642
1173.025 1836.531
1207.209 1697.846
1294.670 1730.302
1139.393 1649.395
1397.005 1784.349
1322.334 1710.604
1217.674 1694.720
1188.630 1695.189
1134.144 1739.362
1302.861 1667.073
1342.589 1718.874
1297.326 1645.438
1170.530 1639.703
1359.340 1838.353
1340.040 1647.569
1162.413 1863.044
1215.299 1627.111
1175.458 1719.743
1370.703 1811.539
1297.993 1788.515
1240.378 1742.851
1142.269 1739.075
1182.662 1751.416
1299.434 1720.647
1317.637 1679.241
1376.277 1873.406
1214.001 1648.412
1266.791 1656.558
1248.944 1626.557
1129.426 1731.009
1268.725 1647.545
1290.952 1684.465
1384.177 1708.284
1326.249 1731.650
1200.412 1725.420
1367.920 1680.205
1241.635 1612.583
1178.567 1841.165
1202.750 1667.334
1172.748 1647.202
1130.666 1650.220
1362.779 1868.643
1212.552 1737.564
1181.135 1822.388
1247.211 1628.816
1333.727 1631.937
1137.269 1873.703
1325.410 1729.096
1272.173 1769.361
1311.858 1799.857
1258.996 1828.614
1253.497 1774.852
1319.637 1834.272
1143.896 1715.570
1363.529 1778.119
1155.880 1724.653
1231.546 1711.549
1169.709 1688.998
1217.207 1633.865
1336.570 1670.956
1209.884 1623.579
1235.653 1735.874
1186.211 1683.599
1302.536 1768.084
1235.927 1747.437
1330.778 1702.145
1388.908 1870.985
1293.403 1788.334
1280.939 1785.242
1208.863 1880.749
1348.790 1747.714
1141.567 1860.067
1141.815 1678.401
1217.103 1700.112
1337.061 1817.308
1265.322 1622.181
1324.391 1717.832
1294.805 1651.114
1387.969 1793.038
1156.351 1857.124
1335.530 1639.737
1265.864 1725.132
1342.409 1711.743
1280.884 1684.857
1165.005 1635.693
1263.869 1680.463
1355.476 1623.414
1269.731 1692.726
1153.566 1639.579
1278.556 1888.381
1180.796 1723.886
1365.494 1706.358
1399.243 1632.794
1223.245 1675.898
1282.830 1838.575
1154.956 1716.941
1152.654 1886.889
1140.396 1755.516
1200.888 1838.454
1234.063 1826.572
1152.490 1859.975
1176.334 1707.922
1133.029 1716.214
1244.715 1871.233
1223.656 1772.926
1362.201 1661.381
1235.207 1799.864
1148.449 1632.119
1257.597 1782.664
1317.303 1681.237
1318.142 1858.744
1300.045 1637.993
1302.719 1748.630
1214.012 1788.896
1362.036 1737.376
1156.589 1620.523
1198.717 1835.559
1233.337 1875.679
1141.284 1612.421
1157.592 1810.820
1382.352 1800.614
1295.412 1698.155
1397.574 1613.729
1258.720 1618.728
1162.828 1703.682
1215.945 1734.256
1363.413 1885.433
1141.187 1748.498
1317.520 1848.604
1281.834 1672.618
1187.798 1613.011
1343.844 1764.024
1219.518 1650.264
1290.757 1798.065
1320.415 1859.046
1295.351 1669.403
1344.458 1693.654
1232.704 1722.141
1240.569 1636.660
1347.499 1847.990
1154.892 1755.666
1237.950 1662.474
1366.582 1739.620
1141.423 1678.274
1304.910 1710.189
1239.141 1664.212
1382.289 1772.762
1283.467 1688.293
1306.860 1718.853
1182.083 1721.576
1202.411 1655.605
1149.328 1760.461
1201.589 1734.564
1289.309 1625.865
1211.794 1727.746
1209.736 1817.578
1222.907 1725.719
1251.722 1811.668
1129.851 1792.181
1340.902 1756.219
1377.282 1869.075
1223.328 1851.149
1152.878 1795.174
1209.819 1878.599
858.595 1220.943
835.470 1132.294
851.858 1286.309
872.362 1240.148
647.267 1142.114
838.032 1404.135
662.212 1145.237
803.334 1240.265
617.776 1342.039
634.427 1148.371
858.903 1352.956
857.985 1166.942
667.404 1269.710
848.368 1132.733
615.433 1158.333
696.723 1271.858
637.565 1208.232
703.012 1376.032
886.462 1310.686
667.354 1321.782
831.327 1177.733
634.611 1335.497
698.151 1143.866
794.605 1202.176
692.271 1208.542
881.045 1145.205
787.763 1171.106
819.461 1164.327
656.288 1320.638
881.321 1165.065
656.409 1332.043
651.299 1193.590
687.946 1397.649
866.452 1290.210
729.976 1253.848
656.183 1252.611
701.975 1370.447
862.049 1281.268
774.326 1352.796
715.829 1372.378
659.748 1277.426
675.323 1171.618
621.868 1358.371
879.476 1383.877
831.632 1297.167
726.508 1172.474
812.560 1366.129
632.112 1381.942
635.315 1270.413
849.409 1330.084
620.458 1289.731
804.748 1191.639
689.403 1245.160
808.126 1259.770
696.495 1284.323
854.333 1263.148
833.312 1191.195
646.408 1226.066
618.284 1370.544
811.883 1204.550
756.330 1135.478
628.197 1177.192
734.123 1151.397
744.773 1321.165
880.628 1386.950
831.101 1326.309
759.483 1182.838
852.683 1180.223
740.701 1393.829
652.977 1366.431
786.511 1154.107
675.867 1329.406
781.406 1360.873
691.028 1333.007
679.524 1403.042
652.943 1195.643
759.837 1244.724
750.523 1197.505
872.694 1349.177
622.415 1281.775
690.234 1290.444
806.804 1249.755
619.068 1380.385
635.126 1238.121
617.115 1319.675
647.715 1132.808
691.054 1263.560
839.568 1350.237
883.629 1358.097
724.790 1213.264
624.104 1369.321
877.263 1289.280
847.108 1306.414
738.977 1205.970
730.807 1340.672
648.888 1157.557
661.882 1280.557
660.207 1143.944
639.965 1371.141
726.291 1282.997
725.775 1128.811
654.713 1354.296
849.143 1388.070
820.781 1164.586
745.166 1389.758
667.433 1286.042
783.262 1271.374
727.043 1254.896
693.734 1224.332
884.755 1258.454
708.062 1402.082
799.919 1255.177
655.900 1198.832
661.172 1203.643
840.836 1338.471
820.389 1267.827
681.244 1159.211
880.803 1187.548
729.496 1238.201
675.479 1248.831
800.716 1299.704
687.676 1179.145
810.147 1289.515
718.876 1333.075
644.682 1364.742
613.598 1256.352
814.598 1279.249
799.254 1152.667
622.875 1166.686
799.314 1242.787
888.359 1353.736
808.588 1261.440
724.153 1304.623
736.556 1200.280
739.374 1276.801
720.992 1374.148
690.408 1132.296
847.417 1347.282
641.742 1385.251
850.860 1155.216
755.945 1194.077
640.936 1194.995
662.733 1335.235
810.791 1353.710
627.376 1267.509
883.887 1341.480
628.940 1382.592
810.830 1200.747
887.380 1152.538
706.003 1151.998
777.284 1144.229
680.675 1271.893
663.968 1387.850
846.490 1244.893
779.595 1296.021
807.280 1158.780
831.079 1200.822
672.991 1184.122
847.356 1134.385
887.747 1149.461
802.429 1320.431
636.124 1289.426
861.249 1247.653
854.042 1381.668
807.209 1328.155
737.370 1156.238
845.455 1199.731
853.712 1228.500
817.347 1308.988
815.417 1287.798
832.653 1292.501
721.619 1151.276
869.864 1331.336
749.245 1378.283
686.856 1388.659
843.648 1232.882
659.885 1243.058
870.643 1368.984
629.264 1359.808
801.086 1330.348
733.926 1278.167
888.639 1359.207
689.741 1320.585
715.383 1183.447
810.163 1330.307
801.520 1181.881
803.796 1195.357
728.929 1272.202
706.335 1190.749
810.682 1259.931
693.649 1246.753
670.567 1261.078
854.562 1309.584
653.584 1324.056
644.096 1403.947
657.337 1285.432
835.241 1286.997
659.987 1219.693
816.054 1155.281
664.773 1309.127
695.765 1149.812
621.735 1138.230
836.407 1343.950
798.162 1396.431
692.477 1311.104
813.231 1344.804
759.522 1238.857
758.650 1362.188
624.077 1202.117
725.747 1313.498
835.799 1385.876
887.805 1393.321
887.147 1197.989
631.245 1288.278
717.379 1143.446
625.980 1281.595
771.464 1127.597
880.429 1368.104
794.423 1295.233
847.205 1271.989
866.703 1332.334
887.761 1166.468
697.527 1368.012
752.821 1204.513
720.304 1200.440
871.946 1201.175
650.050 1223.187
617.287 1314.494
793.229 1344.677
844.911 1196.857
813.140 1183.663
725.036 1158.804
660.967 1148.518
712.448 1244.358
741.650 1259.830
748.892 1294.507
814.802 1188.307
668.181 1169.552
723.618 1267.976
682.388 1325.213
785.182 1317.987
713.918 1292.638
781.749 1377.526
628.072 1240.653
802.828 1366.554
815.693 1175.602
649.314 1380.348
845.952 1316.528
689.876 1131.034
814.728 1150.612
764.472 1266.769
829.952 1139.343
798.036 1238.542
823.067 1194.731
670.236 1370.459
794.037 1373.153
769.260 1259.521
785.691 1207.353
844.833 1186.455
800.119 1365.450
632.181 1207.068
801.471 1217.451
883.502 1221.097
641.504 1127.574
883.075 1391.093
630.492 1161.326
869.152 1350.085
640.315 1290.420
808.740 1132.051
871.335 1309.676
803.824 1354.679
755.377 1192.035
752.254 1279.226
742.043 1159.434
762.969 1159.795
723.660 1334.543
811.703 1369.060
692.399 1297.069
638.212 1394.807
680.421 1357.451
822.064 1223.096
815.202 1260.082
722.668 1191.207
843.994 1213.925
746.513 1319.860
698.485 1183.142
710.802 1387.345
634.347 1404.840
612.161 1292.619
782.774 1267.788
665.807 1292.465
715.917 1296.832
758.753 1142.169
644.963 1127.895
746.461 1399.693
725.737 1350.527
841.517 1302.996
726.533 1397.887
760.497 1347.082
811.677 1201.664
881.511 1286.375
709.487 1142.032
739.118 1157.428
653.708 1307.086
863.491 1391.272
818.011 1185.224
622.003 1339.408
876.303 1262.878
646.218 1179.454
723.667 1358.191
847.850 1157.564
800.585 1222.191
712.935 1233.818
739.069 1151.517
728.803 1134.267
781.204 1163.060
842.304 1339.706
764.757 1208.039
640.519 1135.357
733.361 1353.101
711.099 1324.520
718.621 1246.679
647.780 1236.396
816.722 1134.027
706.583 1216.548
867.900 1267.830
619.413 1323.946
801.228 1228.091
712.149 1384.774
768.175 1258.024
671.110 1180.932
700.640 1284.571
642.468 1231.338
767.577 1210.040
656.533 1188.292
646.732 1287.337
770.018 1273.215
668.559 1130.228
692.948 1135.527
755.954 1379.856
855.230 1244.913
738.982 1318.886
867.530 1269.228
797.868 1358.549
640.396 1292.036
676.724 1203.421
648.611 1225.708
694.839 1305.483
834.311 1245.465
637.944 1236.516
626.597 1349.336
855.690 1239.997
847.083 1159.521
855.186 1185.589
655.016 1225.806
717.413 1282.712
882.738 1337.907
789.912 1253.366
875.509 1343.628
647.879 1146.811
735.339 1401.445
886.576 1169.626
877.248 1249.958
726.520 1398.435
773.677 1301.673
850.944 1222.396
721.302 1275.537
673.505 1370.959
785.236 1305.105
740.254 1327.328
619.850 1249.947
834.645 1366.849
647.884 1135.402
873.608 1314.164
875.387 1360.263
831.695 1130.546
677.016 1247.252
802.391 1212.672
888.457 1211.473
669.611 1366.717
785.173 1361.387
744.015 1230.371
862.419 1335.645
880.129 1341.656
681.513 1401.453
854.366 1276.937
637.664 1269.436
875.360 1312.730
675.385 1131.359
732.541 1295.151
876.626 1141.733
733.376 1360.939
649.067 1217.529
830.970 1215.845
773.177 1246.222
663.406 1250.299
703.205 1201.615
736.411 1275.309
878.565 1394.496
750.524 1135.187
721.514 1373.382
795.548 1204.254
764.697 1269.286
710.568 1212.389
730.691 1374.717
875.644 1315.574
787.382 1258.110
638.962 1357.459
816.911 1283.514
816.820 1278.811
855.831 1314.580
742.146 1337.488
755.956 1210.821
843.588 1354.930
753.983 1155.345
805.217 1172.816
615.487 1142.223
747.860 1142.212
786.882 1231.102
685.072 1214.803
821.620 1157.889
674.480 1279.106
664.298 1360.363
782.934 1305.299
667.450 1268.272
803.745 1386.765
799.954 1312.550
799.780 1380.705
671.156 1201.984
671.037 1252.245
819.665 1254.267
835.052 1341.466
785.605 1281.513
879.585 1362.995
740.060 1207.763
673.211 1341.128
670.792 1232.546
675.591 1160.115
828.656 1194.971
828.388 1344.197
804.603 1175.722
721.266 1162.442
657.289 1324.439
886.571 1178.042
782.881 1273.457
860.763 1140.521
712.325 1388.939
857.682 1304.076
670.315 1269.347
734.836 1297.786
731.971 1366.893
641.459 1398.213
783.919 1155.154
880.170 1221.672
842.288 1304.398
860.177 1366.864
725.545 1146.683
757.043 1387.501
873.373 1267.566
662.243 1362.014
661.475 1227.404
735.934 1264.989
621.129 1171.665
847.892 1278.409
858.984 1149.853
657.147 1361.330
765.806 1366.525
747.150 1355.415
762.273 1215.592
635.498 1388.949
839.012 1344.862
792.166 1293.517
716.278 1261.857
649.606 1161.689
844.733 1215.306
772.111 1338.441
648.336 1245.299
753.662 1193.686
876.458 1299.526
845.272 1381.205
775.547 1279.300
613.544 1156.548
846.026 1365.720
621.753 1337.808
631.809 1148.092
709.370 1276.330
705.654 1309.241
698.390 1383.706
725.032 1157.959
856.013 1397.084
620.488 1398.338
883.945 1172.397
703.675 1301.368
761.290 1349.440
815.686 1225.494
668.037 1337.952
729.953 1129.101
683.398 1291.879
818.464 1348.959
663.853 1150.402
709.052 1180.013
648.751 1342.611
766.710 1396.563
625.081 1361.169
625.607 1313.922
625.533 1284.904
800.165 1205.466
659.979 1182.932
617.568 1396.462
764.784 1371.842
862.035 1171.010
887.312 1161.592
868.887 1221.727
723.415 1340.851
785.259 1285.934
693.310 1349.101
656.451 1261.079
667.716 1254.350
828.342 1154.772
668.377 1168.250
886.805 1193.446
728.470 1401.175
880.483 1301.815
746.393 1175.176
691.870 1164.110
821.004 1248.360
783.819 1136.156
801.339 1221.340
692.888 1142.794
644.963 1229.425
832.740 1381.948
683.561 1203.085
868.888 1367.014
796.128 1197.482
828.359 1260.074
821.592 1167.476
800.822 1314.706
831.797 1395.700
759.110 1316.901
627.781 1394.256
706.568 1257.957
825.414 1296.780
641.789 1275.824
640.366 1293.424
674.181 1251.116
651.383 1346.697
817.307 1138.966
827.396 1350.526
876.890 1381.551
730.021 1149.923
702.811 1217.754
879.523 1174.838
722.455 1339.885
618.642 1213.167
646.673 1169.264
846.823 1155.318
632.535 1305.040
683.851 1366.081
751.697 1392.448
789.221 1197.604
715.941 1253.297
637.564 1318.010
807.557 1262.398
649.855 1296.848
695.851 1200.286
799.608 1243.913
822.341 1295.828
740.247 1391.333
798.664 1298.463
761.326 1160.121
687.002 1247.604
664.548 1208.857
861.389 1288.005
793.879 1285.348
712.730 1268.962
655.312 1361.026
698.873 1345.805
691.667 1159.755
669.501 1323.733
738.409 1132.626
793.734 1375.988
880.730 1254.800
708.871 1404.145
771.924 1263.064
711.236 1127.886
832.586 1165.124
728.736 1392.198
790.590 1209.982
695.517 1228.963
754.249 1134.364
824.318 1322.721
809.124 1155.719
765.281 1175.620
841.123 1278.399
717.720 1264.737
734.147 1213.783
721.733 1133.388
866.747 1346.046
683.862 1216.217
864.029 1234.441
885.019 1171.249
639.799 1180.688
707.091 1360.292
618.383 1369.737
823.948 1258.353
816.093 1371.589
741.936 1239.393
757.505 1384.080
792.777 1221.775
620.085 1143.370
860.297 1196.374
721.540 1195.082
792.101 1165.733
887.423 1133.826
730.971 1356.023
884.783 1372.211
760.959 1229.567
793.189 1224.876
770.556 1182.955
626.108 1195.750
727.121 1243.150
687.144 1233.475
620.080 1354.005
635.816 1251.132
670.801 1364.395
640.871 1345.813
833.950 1292.700
744.184 1340.116
665.830 1199.470
620.253 1396.663
642.154 1223.907
727.896 1358.758
757.126 1132.907
808.017 1231.075
661.219 1221.434
836.603 1261.111
650.721 1318.066
692.642 1401.701
626.199 1173.606
694.166 1134.515
675.947 1359.844
803.071 1270.080
683.188 1324.424
618.436 1366.222
624.395 1253.043
717.029 1145.768
707.218 1346.656
743.087 1266.421
846.974 1270.790
736.464 1243.583
702.412 1175.082
827.617 1375.016
810.853 1177.002
833.244 1213.953
849.950 1359.727
687.348 1190.716
750.285 1231.642
751.434 1144.428
819.191 1232.089
680.063 1170.536
671.613 1348.692
825.144 1210.028
796.388 1141.704
884.800 1313.344
658.024 1339.810
801.676 1384.247
663.653 1217.096
699.619 1230.152
795.805 1403.193
834.969 1316.412
820.576 1183.747
751.909 1182.333
802.203 1186.066
814.530 1195.253
749.699 1170.209
625.311 1162.459
702.689 1346.953
767.211 1380.120
811.458 1338.885
718.161 1293.014
866.055 1263.105
845.857 1269.753
635.395 1313.911
819.858 1153.575
768.526 1195.172
650.880 1284.834
800.473 1158.269
825.783 1370.249
709.138 1382.138
869.395 1336.253
876.525 1315.233
641.677 1266.344
807.119 1178.823
664.739 1354.477
756.452 1359.510
635.797 1361.053
712.744 1316.945
883.188 1288.209
651.843 1176.226
836.995 1193.671
625.516 1342.322
723.855 1261.125
859.015 1330.174
706.558 1276.788
648.186 1384.402
845.104 1220.169
797.634 1215.772
764.142 1200.712
710.321 1181.465
629.492 1157.013
785.826 1199.483
784.441 1224.425
673.636 1299.443
866.627 1199.285
822.229 1376.243
658.908 1222.117
681.789 1303.447
887.673 1370.746
667.110 1297.318
679.896 1165.587
706.663 1335.334
762.968 1222.029
665.092 1257.057
712.170 1288.174
653.339 1318.640
617.790 1193.288
670.103 1227.110
739.531 1319.992
811.823 1171.207
786.918 1233.499
736.190 1164.259
871.721 1204.814
629.930 1150.218
654.924 1300.624
715.302 1309.911
784.079 1366.344
675.100 1189.036
731.766 1162.621
714.067 1292.873
810.181 1180.440
724.356 1229.951
709.080 1182.670
708.917 1191.946
838.159 1393.423
873.736 1266.453
795.617 1310.202
824.156 1267.760
708.736 1255.460
694.650 1246.950
807.606 1233.245
754.939 1383.349
835.432 1389.509
798.870 1148.232
702.323 1378.744
876.955 1332.800
734.269 1149.929
638.444 1349.056
672.710 1177.261
628.158 1232.295
709.921 1186.623
823.415 1392.321
708.552 1334.745
654.054 1307.144
612.675 1146.942
886.800 1209.064
854.377 1312.973
841.428 1174.669
640.835 1192.989
794.038 1296.670
771.930 1205.374
696.001 1240.575
843.395 1169.103
849.423 1333.363
738.454 1394.034
841.176 1292.978
727.946 1306.074
819.638 1315.976
755.129 1344.445
860.414 1263.667
754.418 1186.877
868.931 1403.982
622.000 1199.573
633.159 1136.260
759.428 1228.567
743.474 1258.797
871.998 1355.788
854.751 1161.933
634.915 1390.125
866.914 1329.998
872.578 1263.259
783.624 1383.981
683.811 1315.401
725.361 1242.867
813.263 1239.684
797.887 1392.516
626.748 1241.187
632.415 1186.931
694.708 1282.973
840.423 1252.062
685.740 1331.393
665.409 1174.783
866.774 1316.167
806.321 1235.470
644.803 1284.526
721.717 1357.886
705.484 1255.512
854.360 1300.443
779.894 1348.764
789.528 1266.112
692.249 1280.205
812.832 1153.707
749.129 1356.219
730.073 1229.458
732.252 1344.871
887.100 1253.631
767.374 1332.216
716.453 1397.511
712.868 1139.008
802.660 1148.596
755.821 1300.383
780.451 1148.335
659.350 1317.077
750.300 1356.324
655.843 1386.755
877.332 1379.334
848.217 1238.802
835.064 1298.384
707.380 1208.583
722.392 1130.110
803.517 1326.479
693.801 1184.506
778.067 1215.381
884.787 1368.138
875.017 1297.839
867.206 1361.450
700.096 1185.169
615.552 1139.872
743.982 1396.027
640.359 1370.666
696.418 1338.710
724.998 1393.578
768.220 1271.199
705.955 1347.493
839.056 1283.678
637.799 1150.523
711.622 1354.853
702.451 1299.836
798.759 1190.460
647.305 1287.036
872.100 1266.396
770.498 1250.604
631.612 1152.848
613.927 1186.609
705.027 1266.597
628.286 1325.530
759.187 1264.165
790.456 1357.266
641.058 1363.305
784.308 1184.087
780.165 1310.701
616.835 1193.314
796.977 1344.550
708.488 1197.669
661.556 1293.733
834.112 1297.730
702.491 1338.089
648.872 1316.311
864.527 1168.592
812.250 1403.809
807.065 1229.289
865.670 1385.957
888.391 1387.249
822.646 1361.479
805.002 1129.034
680.899 1250.856
884.943 1187.982
735.987 1354.107
658.852 1301.546
731.413 1197.677
872.056 1320.831
792.886 1183.106
727.996 1319.504
672.102 1284.488
638.332 1230.783
841.180 1214.193
680.960 1258.856
779.781 1240.783
692.350 1369.914
616.550 1145.208
712.761 1135.050
677.340 1207.976
694.536 1383.061
654.783 1186.041
638.560 1196.571
832.471 1283.857
647.947 1239.526
808.497 1280.334
813.363 1243.300
817.764 1268.219
687.442 1160.321
636.558 1261.715
801.131 1357.282
770.826 1230.422
877.491 1172.333
753.612 1201.272
650.004 1200.536
643.891 1318.845
640.599 1363.416
742.531 1401.290
700.868 1340.553
650.254 1183.911
736.777 1336.294
701.651 1297.661
767.607 1326.403
742.341 1158.548
757.521 1273.494
649.950 1294.031
690.498 1179.225
781.777 1308.094
628.755 1151.897
685.023 1258.652
846.203 1248.417
805.606 1182.754
649.372 1228.033
880.970 1355.184
858.116 1381.221
618.160 1291.903
730.755 1221.301
787.447 1131.212
760.003 1186.940
870.106 1283.535
882.205 1130.710
868.417 1366.289
831.503 1333.170
628.610 1259.233
775.420 1192.356
628.234 1145.338
613.613 1237.668
742.290 1299.136
738.904 1193.994
788.136 1239.736
624.872 1343.355
653.411 1299.722
673.193 1294.373
826.006 1293.125
657.767 1180.482
695.974 1195.020
846.184 1394.889
709.900 1329.448
692.580 1355.466
733.436 1263.520
635.455 1375.897
752.589 1238.523
611.389 1348.668
716.691 1235.010
799.578 1381.719
719.277 1272.003
680.821 1247.507
867.638 1323.449
645.560 1377.379
644.558 1252.649
812.158 1165.788
752.610 1266.704
682.314 1350.798
875.279 1271.587
665.552 1391.800
748.304 1397.698
782.962 1212.742
792.968 1242.633
631.640 1280.198
770.089 1229.376
813.319 1338.974
677.570 1397.435
837.316 1327.441
860.574 1338.615
756.621 1328.817
837.317 1199.998
859.882 1209.784
729.523 1164.930
672.650 1389.573
831.352 1238.647
727.943 1169.331
768.210 1384.118
674.284 1155.118
812.881 1191.867
710.878 1231.776
761.990 1375.729
662.155 1352.636
744.046 1189.025
770.398 1295.819
656.138 1161.921
855.841 1190.746
775.865 1331.939
623.351 1222.164
779.481 1218.902
740.175 1180.388
630.999 1364.522
874.905 1236.667
668.973 1341.027
738.484 1340.787
740.422 1356.328
834.259 1211.362
854.686 1248.258
699.525 1164.139
716.531 1312.945
656.638 1260.284
617.232 1302.520
676.092 1174.192
884.405 1272.298
830.964 1134.809
800.980 1260.710
625.866 1140.600
684.016 1146.207
673.050 1142.916
883.131 1307.616
702.232 1377.139
759.641 1147.490
694.277 1170.042
881.093 1186.141
695.171 1309.445
824.031 1390.781
791.817 1404.853
687.489 1135.175
703.156 1347.403
622.239 1322.131
663.107 1213.874
867.237 1166.710
678.217 1255.408
827.263 1293.624
723.631 1169.424
748.583 1324.946
615.132 1253.578
647.724 1393.459
721.848 1165.328
638.347 1305.132
871.980 1332.315
638.668 1289.184
790.808 1245.936
841.003 1391.855
685.578 1385.552
851.478 1290.946
802.359 1153.014
779.225 1297.646
856.455 1265.588
775.071 1396.688
761.366 1262.470
764.374 1143.842
805.294 1362.358
675.528 1214.086
658.615 1175.397
646.701 1153.793
735.654 1254.694
805.578 1172.479
617.077 1209.889
726.891 1325.218
624.142 1362.510
865.726 1175.325
814.275 1361.068
786.220 1189.722
885.851 1145.238
655.940 1296.235
720.437 1182.467
813.015 1196.254
744.179 1268.120
812.632 1184.246
621.928 1394.293
752.787 1204.688
690.770 1389.023
871.351 1186.059
676.710 1191.554
683.890 1214.044
742.865 1215.364
822.493 1341.706
677.406 1184.177
753.311 1405.060
723.553 1292.027
831.520 1181.409
771.201 1197.659
714.181 1211.194
680.675 1200.822
798.565 1217.144
698.764 1375.596
619.011 1228.702
858.794 1284.986
643.220 1227.588
845.603 1369.598
706.376 1148.008
783.180 1359.223
863.846 1177.056
850.693 1242.462
836.893 1335.172
763.253 1235.145
777.163 1180.602
639.039 1241.101
851.456 1264.693
777.148 1228.301
792.406 1232.792
647.740 1256.088
626.791 1259.179
658.362 1217.316
711.788 1268.507
871.944 1212.104
821.826 1393.789
730.796 1224.547
786.044 1295.670
861.545 1229.579
887.343 1365.016
675.957 1282.727
676.493 1128.389
740.047 1135.476
773.540 1352.209
645.297 1400.689
801.695 1327.896
636.721 1219.380
665.583 1182.667
851.065 1136.457
820.099 1369.417
787.539 1159.077
783.482 1219.446
637.419 1156.447
743.223 1164.725
821.683 1169.359
874.600 1139.090
681.993 1267.827
723.228 1226.343
825.138 1156.457
724.718 1189.264
652.640 1137.785
715.346 1395.133
842.144 1343.828
802.917 1299.359
638.512 1159.092
723.978 1374.143
832.338 1184.816
820.521 1261.205
780.488 1179.860
886.232 1137.991
846.683 1181.322
769.099 1305.771
724.755 1167.110
826.537 1186.961
807.224 1365.315
840.644 1144.685
691.809 1326.203
774.538 1209.287
800.865 1252.149
613.114 1271.010
636.822 1327.374
852.104 1182.323
612.705 1132.741
655.201 1158.844
691.700 1138.306
689.282 1279.375
699.948 1194.795
625.006 1328.318
707.931 1260.969
715.344 1323.327
692.493 1209.681
876.045 1156.502
643.693 1311.059
795.705 1340.977
700.667 1141.410
718.407 1139.950
744.376 1207.659
721.880 1186.172
823.463 1333.980
739.800 1327.272
779.326 1262.284
809.397 1163.371
729.943 1234.539
849.905 1290.428
721.034 1238.808
669.218 1344.921
840.877 1363.454
701.631 1403.380
645.897 1345.268
884.748 1134.474
640.736 1167.289
800.226 1312.614
727.908 1219.882
670.766 1130.681
876.209 1146.981
755.597 1226.077
769.458 1377.820
881.055 1191.734
881.261 1138.447
727.585 1146.924
670.241 1127.644
823.277 1218.436
781.740 1197.807
830.670 1138.366
883.804 1231.893
806.624 1321.307
727.621 1282.876
712.897 1249.050
871.020 1379.214
671.405 1235.602
847.295 1339.572
875.999 1298.639
793.765 1228.909
716.653 1147.958
783.175 1154.238
768.323 1293.766
706.686 1192.069
688.321 1229.368
808.843 1175.830
714.847 1314.261
750.716 1294.188
776.199 1214.042
727.020 1219.410
822.283 1327.786
783.091 1281.074
738.909 1279.724
619.839 1274.856
708.577 1170.356
631.929 1211.994
870.887 1395.377
724.420 1177.712
830.934 1152.026
863.045 1336.430
644.242 1346.791
823.603 1269.155
793.713 1216.072
822.794 1145.394
778.225 1178.931
729.020 1340.916
726.514 1380.800
797.539 1365.871
771.307 1188.000
806.191 1299.936
730.942 1136.448
854.372 1137.609
789.431 1384.511
883.606 1389.358
691.163 1390.559
620.516 1155.775
706.356 1293.275
765.108 1345.693
675.038 1335.725
695.469 1185.582
886.955 1269.340
650.586 1307.097
722.066 1375.063
711.813 1212.443
771.364 1382.535
719.127 1310.519
613.293 1198.585
694.046 1281.432
756.653 1264.043
740.963 1283.402
839.975 1372.113
824.128 1383.168
679.601 1307.265
799.871 1394.868
659.410 1313.201
809.044 1348.104
755.139 1304.210
637.826 1340.350
625.916 1360.202
870.797 1379.492
647.953 1217.630
757.559 1348.873
761.918 1168.543
882.768 1362.402
713.507 1251.583
701.198 1287.653
661.474 1212.506
618.657 1394.668
842.205 1314.134
680.177 1149.567
888.391 1293.415
802.586 1208.521
615.910 1359.404
882.440 1389.999
878.452 1146.735
859.291 1322.478
832.371 1305.130
861.831 1230.148
731.736 1199.615
835.374 1394.570
622.670 1182.368
850.542 1403.624
654.140 1395.986
723.999 1261.267
620.200 1246.793
629.678 1162.478
639.025 1385.278
669.256 1298.010
666.180 1218.514
860.197 1128.401
788.259 1249.379
712.434 1224.000
743.801 1388.407
741.473 1262.564
811.838 1400.996
764.183 1302.638
820.533 1286.070
871.278 1308.288
729.047 1339.340
629.502 1299.185
875.867 1384.243
668.218 1173.680
751.087 1235.759
665.187 1347.535
815.460 1343.883
641.140 1304.152
856.544 1172.767
862.533 1279.914
861.815 1211.627
657.770 1254.415
678.991 1312.112
854.063 1282.756
864.697 1257.767
867.424 1284.165
764.644 1141.447
765.224 1286.899
713.349 1314.497
614.267 1281.107
726.809 1380.746
827.460 1403.897
759.464 1259.176
742.916 1368.068
805.333 1350.037
774.799 1178.106
857.278 1393.699
825.224 1230.771
681.777 1151.566
754.353 1163.078
859.132 1242.985
844.033 1379.968
850.369 1158.999
759.541 1149.096
831.115 1266.687
636.893 1365.265
887.574 1253.343
655.421 1208.217
855.601 1131.189
758.368 1400.701
797.676 1247.400
813.700 1139.694
813.975 1353.121
841.321 1264.726
699.544 1364.861
857.352 1208.731
771.873 1341.392
747.409 1167.117
778.168 1315.401
864.346 1174.927
864.027 1288.170
812.843 1362.533
795.296 1402.396
659.940 1297.842
801.373 1325.418
646.696 1171.495
824.555 1225.434
615.469 1232.474
883.884 1358.041
694.144 1333.044
755.460 1338.024
777.619 1319.958
865.066 1355.711
755.824 1255.412
827.996 1361.523
787.000 1137.141
631.664 1197.005
673.305 1228.229
831.512 1323.123
650.642 1311.217
637.391 1136.447
749.893 1388.596
736.015 1264.870
853.475 1136.059
757.327 1299.130
768.507 1310.713
805.680 1274.148
692.420 1177.926
730.808 1266.543
791.043 1256.611
1119.522 645.507
1231.049 797.790
1112.063 713.849
1202.223 829.508
1283.986 833.179
1324.119 631.199
1333.223 644.673
1168.662 667.015
1333.296 856.767
1280.378 675.225
1110.725 811.589
1097.965 823.075
1335.512 861.588
1141.721 791.906
1367.612 806.045
1120.801 747.872
1290.056 762.819
1182.685 763.443
1341.543 875.069
1342.632 830.806
1266.579 678.130
1330.146 782.129
1304.700 806.595
1173.825 660.674
1201.478 848.848
1200.333 712.209
1197.128 707.542
1253.741 822.718
1150.513 677.773
1358.297 816.605
1111.892 735.024
1289.457 684.119
1351.338 615.253
1140.125 619.039
1164.980 806.796
1206.070 808.969
1259.664 644.236
1216.782 679.505
1113.129 701.746
1169.055 820.234
1160.701 618.263
1235.703 779.820
1232.450 833.874
1134.456 657.620
1363.939 862.417
1196.811 721.056
1172.796 690.808
1278.385 724.607
1122.259 817.047
1305.473 628.684
1264.237 720.067
1211.386 660.903
1253.073 779.389
1331.957 693.837
1353.475 843.793
1318.209 842.081
1341.288 644.277
1117.174 888.830
1269.540 747.103
1229.605 618.662
1158.488 825.403
1293.028 792.765
1306.452 692.807
1372.315 635.642
1190.281 616.805
1231.316 865.854
1279.291 761.708
1259.804 819.571
1250.565 885.058
1249.193 643.658
1250.482 645.021
1271.880 858.756
1279.409 648.100
1112.881 628.676
1186.591 886.285
1194.396 674.292
1244.542 886.717
1195.717 665.449
1243.302 670.295
1373.719 838.495
1299.866 864.815
1243.191 717.492
1184.348 878.946
1288.071 646.626
1222.833 712.541
1185.852 695.158
1130.109 753.079
1167.069 853.850
1220.017 712.167
1286.468 792.383
1286.155 881.321
1230.387 709.013
1251.436 780.273
1364.125 875.154
1147.054 698.069
1358.541 662.773
1132.121 762.931
1319.875 747.091
1326.956 663.716
1342.542 642.550
1182.200 816.302
1336.141 821.777
1249.318 800.052
1285.091 740.597
1170.246 820.463
1355.356 649.568
1147.043 729.859
1232.288 636.439
1125.930 754.847
1273.763 878.223
1299.331 726.707
1363.249 862.634
1133.915 714.632
1208.005 863.460
1243.498 641.309
1174.772 828.772
1096.721 614.617
1119.681 617.489
1254.009 886.980
1320.149 666.201
1118.375 755.921
1103.645 781.069
1332.920 702.965
1191.998 635.866
1110.171 830.086
1255.772 867.873
1250.912 617.831
1295.362 659.222
1232.358 884.281
1315.216 778.250
1278.495 812.768
1348.682 611.351
1132.361 757.040
1208.407 838.034
1147.435 863.031
1128.418 674.184
1347.173 809.574
1123.957 640.021
1127.652 642.606
1099.437 752.949
1335.144 630.657
1267.429 845.255
1367.198 704.486
1132.090 733.114
1298.943 788.754
1330.357 648.713
1198.033 801.189
1227.009 872.495
1120.210 669.927
1288.388 804.211
1145.272 675.478
1338.716 715.667
1329.895 693.674
1351.292 695.430
1284.563 775.093
1196.610 659.087
1175.613 790.942
1250.363 820.684
1128.481 840.980
1345.423 856.625
1371.482 838.435
1280.303 658.474
1284.581 631.138
1150.865 727.491
1235.759 799.777
1202.411 772.369
1112.568 851.513
1307.249 694.230
1164.520 852.974
1227.058 860.890
1258.129 651.070
1128.346 865.370
1183.888 672.830
1259.037 647.169
1145.274 861.721
1333.096 629.708
1174.917 836.322
1171.069 848.951
1365.002 844.577
1362.946 817.712
1143.402 782.288
1229.702 850.379
1098.756 825.845
1138.656 779.417
1367.551 732.334
1227.884 752.318
1358.749 754.716
1201.933 818.040
1176.403 782.144
1167.369 667.576
1148.512 841.447
1266.042 851.009
1120.362 834.299
1157.303 703.460
1136.937 640.700
1134.236 643.594
1323.312 615.507
1372.298 669.976
1367.722 753.334
1137.037 636.172
1347.137 799.618
1312.963 701.219
1169.929 622.398
1356.947 646.856
1237.241 846.322
1270.619 728.954
1353.506 836.336
1099.081 805.149
1200.903 783.118
1203.495 763.541
1220.399 752.118
1154.128 668.996
1214.298 857.570
1215.774 861.306
1215.583 744.100
1149.583 631.397
1302.939 646.431
1106.034 780.134
1238.527 862.391
1133.803 756.051
1185.857 779.767
1124.809 751.687
1171.388 832.544
1175.244 850.362
1187.004 837.700
1202.344 710.657
1281.884 884.539
1291.855 741.990
1278.492 617.625
1097.401 815.336
1286.440 623.829
1150.001 670.199
1214.419 854.764
1101.214 881.066
1301.688 666.355
1147.444 706.208
1264.986 711.363
1150.316 843.092
1253.768 746.642
1153.773 686.053
1258.865 657.887
1295.454 693.689
1283.019 848.474
1249.375 626.568
1266.604 870.535
1336.627 815.041
1213.615 728.642
1220.621 860.591
1341.113 874.740
1289.001 722.832
1344.639 740.919
1180.081 705.217
1251.243 680.642
1286.894 653.715
1108.768 639.117
1111.684 653.127
1137.435 642.382
1200.935 612.477
1213.641 644.920
1220.872 677.254
1356.321 783.356
1211.894 634.925
1134.217 611.981
1291.967 665.722
1108.184 802.520
1225.014 820.895
1263.179 775.921
1164.304 787.252
1356.794 788.917
1115.438 828.592
1192.323 833.589
1244.849 629.541
1359.232 668.396
1302.402 872.747
1105.716 717.942
1258.370 769.021
1342.638 716.270
1330.236 881.561
1302.885 732.357
1335.657 824.843
1226.906 721.891
1216.759 623.906
1369.955 829.672
1241.547 770.453
1233.742 760.727
1103.162 732.444
1118.823 641.722
1159.769 691.268
1209.311 634.392
1192.367 721.842
1332.890 746.394
1310.091 848.849
1229.760 707.605
1316.014 792.093
1134.421 763.175
1358.271 780.060
1299.380 870.812
1372.529 729.485
1239.837 689.419
1321.798 690.997
1285.254 747.744
1322.722 770.303
1351.377 838.096
1272.545 624.254
1273.419 841.847
1316.404 801.803
1170.878 770.620
1341.980 798.649
1189.509 806.501
1228.732 704.286
1105.174 841.938
1232.079 799.061
1181.603 745.418
1253.589 858.937
1233.838 875.823
1184.563 813.390
1193.245 707.544
1132.928 850.546
1163.932 830.178
1351.182 874.622
1149.645 612.553
1357.329 629.274
1341.854 671.591
1293.328 623.112
1262.899 829.688
1363.474 666.085
1136.823 709.437
1160.049 853.342
1152.978 655.606
1367.574 790.052
1239.882 744.537
1280.186 637.385
1253.121 796.460
1180.578 681.225
1314.043 637.640
1196.035 675.230
1127.608 836.584
1345.717 761.138
1098.237 842.389
1312.886 699.979
1197.650 635.991
1311.357 751.888
1368.211 752.272
1373.498 839.665
1110.474 615.048
1354.189 850.498
1166.102 829.531
1191.292 818.524
1158.063 872.878
1281.875 643.861
1257.910 832.160
1342.365 689.278
1367.273 706.988
1354.372 806.717
1300.398 647.941
1115.197 762.054
1227.723 673.558
1282.056 685.428
1335.633 766.194
1132.106 650.176
1122.614 728.286
1233.736 824.826
1215.734 791.024
1296.398 784.232
1219.659 720.725
1110.470 625.282
1112.225 793.497
1198.220 767.030
1139.621 710.313
1107.352 640.305
1211.383 676.762
1137.607 682.720
1195.478 621.156
1273.137 860.191
1197.816 737.889
1241.652 843.268
1323.868 877.540
1284.133 888.260
1151.503 823.844
1295.093 854.391
1370.256 682.213
1266.371 846.486
1106.191 661.605
1303.421 777.798
1345.318 637.007
1131.543 701.978
1164.052 820.359
1317.168 675.363
1322.182 765.529
1191.791 738.777
1215.532 741.729
1261.883 857.779
1109.008 864.557
1361.513 818.706
1198.494 724.267
1292.096 664.305
1124.531 634.747
1321.957 741.572
1214.081 836.962
1144.483 730.940
1109.191 721.790
1147.849 822.273
1129.289 669.434
1346.143 735.371
1108.277 781.790
1267.845 884.191
1325.036 669.873
1137.652 834.421
1364.400 823.547
1182.517 864.119
1139.411 703.702
1138.630 886.043
1288.946 809.304
1290.235 723.882
1354.823 628.044
1209.297 772.467
1351.819 784.767
1361.361 688.399
1181.292 668.105
1345.173 619.785
1224.275 826.666
1173.305 815.329
1124.301 766.425
1216.848 777.699
1142.092 626.248
1200.481 618.136
1177.155 703.029
1128.767 857.930
1371.061 816.746
1245.971 653.822
1338.052 635.151
1162.786 679.138
1200.455 637.301
1215.465 723.231
1194.517 694.878
1331.054 613.925
1211.927 740.112
1136.636 667.596
1317.849 746.632
1121.481 721.370
1344.832 859.963
1349.091 637.981
1182.812 683.913
1259.053 628.707
1326.427 722.101
1121.438 657.535
1212.565 674.789
1362.834 676.862
1361.533 691.385
1098.153 692.446
1339.621 834.651
1323.976 786.506
1359.932 840.600
1161.020 834.322
1250.078 649.952
1211.500 847.599
1107.068 800.939
1370.985 735.342
1335.624 673.880
1266.164 752.389
1352.559 839.372
1142.279 653.697
1264.903 838.649
1109.115 856.683
1161.327 675.063
1285.918 838.424
1144.628 700.720
1292.126 795.066
1332.331 700.606
1110.125 613.686
1355.074 882.020
1126.509 678.587
1341.590 869.750
1149.889 807.494
1223.400 633.121
1369.607 881.396
1146.981 650.980
1252.597 642.709
1186.440 715.046
1274.314 728.471
1249.433 804.616
1286.301 670.988
1370.713 647.955
1365.647 646.267
1268.008 642.564
1173.517 639.207
1174.297 727.575
1245.090 634.542
1286.877 679.316
1108.705 735.900
1272.039 857.462
1180.653 837.148
1229.727 848.992
1155.610 820.908
1153.334 870.256
1302.989 641.573
1315.204 645.092
1097.824 736.010
1118.817 706.901
1164.772 811.381
1307.394 818.578
1156.723 690.088
1329.561 780.662
1208.683 691.681
1222.795 688.544
1165.710 852.295
1151.161 763.539
1143.401 636.593
1155.889 843.288
1157.682 804.454
1373.238 704.010
1232.449 618.495
1290.516 752.694
1356.116 766.579
1151.284 847.108
1300.145 638.937
1135.180 633.254
1135.106 861.848
1362.754 806.831
1096.557 673.676
1281.910 655.324
1199.214 828.248
1360.245 815.196
1366.497 843.922
1252.544 880.602
1364.844 735.667
1188.692 667.353
1119.271 661.853
1228.908 671.575
1110.032 724.421
1321.175 878.462
1193.286 838.219
1191.957 838.744
1288.974 803.146
1098.622 753.375
1307.889 835.926
1287.816 821.316
1296.443 684.583
1333.996 779.217
1287.413 689.330
1209.465 882.231
1288.498 616.401
1189.698 721.064
1290.275 659.613
1362.750 748.362
1281.741 670.450
1145.931 873.099
1315.348 776.034
1335.330 851.717
1226.567 719.593
1107.065 730.211
1180.199 619.082
1248.753 712.066
1246.590 612.770
1371.800 787.335
1365.465 784.605
1285.155 678.518
1108.915 761.978
1288.170 791.288
1356.474 759.525
1280.837 799.407
1354.181 872.245
1366.591 846.951
1371.394 621.128
1345.141 725.013
1255.530 781.686
1221.080 685.005
1304.928 634.670
1215.215 779.583
1268.269 613.925
1235.668 836.531
1320.836 770.554
1310.417 829.773
1099.181 860.390
1188.620 792.960
1233.432 809.757
1197.611 726.189
1146.199 868.282
1226.867 864.332
1157.761 688.614
1312.829 888.110
1252.967 834.774
1307.245 670.108
1191.022 688.472
1124.166 731.130
1331.897 873.478
1334.711 823.162
1272.704 771.043
1219.116 741.394
1198.500 735.731
1237.573 775.803
1249.684 735.862
1192.822 840.030
1277.967 672.774
1367.588 797.273
1209.661 855.302
1183.056 691.678
1326.047 796.467
1303.759 714.193
1169.923 815.783
1256.338 846.023
1148.117 663.885
1326.161 802.271
1118.707 860.244
1179.724 722.414
1263.185 753.418
1253.048 853.248
1161.169 854.968
1340.809 862.316
1195.430 885.375
1138.870 826.971
1096.577 883.913
1214.129 711.606
1102.724 688.698
1264.629 786.152
1154.114 692.784
1208.426 687.912
1114.819 802.663
1178.607 752.561
1153.475 639.313
1225.229 825.521
1130.284 712.087
1175.716 881.593
1212.203 711.044
1234.810 871.764
1182.603 649.353
1167.084 659.455
1351.556 670.577
1241.025 620.263
1096.899 654.462
1358.634 662.111
1223.212 848.846
1226.775 714.238
1313.646 865.768
1107.610 810.531
1237.159 652.240
1257.172 759.783
1320.446 831.152
1225.063 814.247
1227.112 648.214
1234.135 614.385
1174.205 719.767
1311.860 757.887
1231.842 647.967
1124.017 688.464
1238.919 878.724
1126.003 743.941
1272.629 885.605
1357.879 767.628
1145.092 711.187
1310.912 643.718
1176.394 622.698
1279.499 787.023
1293.352 886.851
1182.832 797.088
1110.297 699.605
1227.068 816.794
1098.650 804.911
1272.100 627.276
1133.842 753.247
1266.017 615.670
1211.525 853.290
1257.554 831.216
1337.105 827.251
1132.819 832.785
1185.197 842.027
1274.022 761.931
1097.036 785.765
1277.001 837.030
1219.414 719.700
1185.047 737.975
1249.188 714.725
1163.939 834.966
1335.832 708.249
1355.311 763.193
1268.604 790.123
1207.890 651.724
1264.825 627.403
1215.476 642.575
1102.732 871.382
1153.875 672.818
1302.857 710.734
1284.744 612.470
1182.459 852.522
1355.952 873.656
1347.801 688.997
1099.263 767.018
1215.508 888.320
1211.936 676.007
1108.399 623.662
1167.977 821.862
1342.582 633.054
1239.261 876.052
1311.829 647.792
1152.059 821.390
1239.249 666.563
1264.984 757.071
1100.062 690.811
1122.079 811.687
1276.333 741.419
1239.473 857.616
1207.396 863.148
1338.077 740.575
1329.670 800.269
1181.414 631.167
1161.970 684.776
1196.400 726.331
1175.192 664.268
1367.863 824.255
1313.160 849.007
1340.300 751.378
1325.648 797.382
1298.748 860.342
1358.758 658.899
1308.470 710.098
1314.792 667.804
1147.342 748.276
1372.770 813.737
1265.012 854.830
1246.075 753.253
1166.824 747.564
1126.787 789.652
1296.299 801.809
1098.357 646.704
1157.686 720.481
1151.317 835.936
1253.246 785.191
1270.464 756.595
1314.491 620.031
1324.299 809.912
1293.069 712.578
1194.610 744.878
1169.145 691.390
1152.387 828.197
1186.315 716.676
1283.599 858.033
1295.616 688.541
1172.618 685.747
1266.160 832.901
1308.221 675.892
1184.781 792.619
1113.526 841.653
1177.387 730.902
1273.632 630.763
1202.804 765.071
1350.753 651.513
1193.592 716.464
1192.810 630.440
1278.639 823.307
1359.796 759.879
1155.905 615.717
1103.519 888.599
1234.866 824.898
1192.138 843.869
1289.461 812.390
1195.027 739.708
1353.579 656.638
1226.416 734.642
1215.565 833.631
1251.828 671.536
1230.026 758.984
1307.062 857.707
1285.412 806.698
1195.565 739.138
1318.279 836.637
1172.826 769.090
1249.420 715.520
1184.850 659.515
1098.366 706.559
1160.165 861.698
1190.233 866.041
1195.735 880.440
1294.104 749.708
1099.063 667.428
1356.411 644.201
1236.222 627.064
1108.661 710.366
1190.310 630.008
1297.578 758.787
1311.957 618.223
1098.226 804.341
1204.890 783.707
1348.564 833.661
1140.508 735.874
1312.744 760.701
1341.278 718.111
1347.682 846.038
1171.163 882.942
1286.259 847.877
1219.731 786.400
1145.441 648.787
1197.416 665.298
1233.802 707.236
1112.070 697.424
1261.805 718.061
1146.984 749.790
1172.245 877.630
1177.276 699.110
1164.826 865.085
1110.446 832.660
1197.594 700.515
1346.676 632.591
1350.032 798.734
1240.485 755.597
1256.175 859.332
1102.128 735.653
1242.243 860.799
1305.051 644.031
1102.573 728.973
1371.327 700.453
1315.436 639.319
1343.172 637.690
1348.938 615.934
1306.828 739.530
1163.438 769.133
1111.383 855.084
1171.447 747.666
1317.192 637.559
1141.173 681.120
1286.072 723.619
1241.177 782.868
1149.674 884.736
1138.733 840.351
1132.219 769.392
1100.800 863.901
1340.170 689.075
1158.558 706.872
1312.477 816.422
1219.505 629.493
1275.627 722.730
1185.776 730.210
1127.629 640.549
1167.389 757.354
1193.350 702.066
1276.774 699.445
1312.131 752.380
1282.321 775.781
1245.970 704.517
1205.209 779.163
1373.223 821.166
1207.882 770.268
1200.979 809.788
1281.911 627.185
1260.771 696.570
1259.897 705.019
1154.257 872.330
1152.297 877.410
1335.912 882.435
1343.607 696.927
1174.738 748.586
1194.437 621.972
1294.174 752.193
1355.684 641.543
1183.952 747.903
1271.104 866.530
1150.271 671.819
1348.257 839.061
1099.471 747.630
1186.590 768.319
1180.316 764.454
1121.125 842.359
1305.930 649.471
1358.879 876.731
1225.000 729.571
1372.910 778.720
1368.255 635.220
1169.330 756.468
1147.462 713.199
1107.893 728.734
1185.524 842.241
1261.652 696.533
1215.492 876.439
1228.990 773.134
1277.035 799.726
1132.800 676.165
1173.311 872.350
1252.724 718.376
1161.990 835.914
1274.530 847.644
1366.875 859.747
1357.012 869.583
1355.793 785.738
1314.511 713.571
1175.797 716.684
1369.885 660.271
1149.161 762.871
1200.141 737.473
1324.631 828.069
1263.404 726.845
1221.194 838.688
1247.238 700.102
1234.696 815.527
1108.638 887.563
1371.264 688.920
1323.588 833.664
1351.608 882.458
1242.912 614.222
1119.329 883.673
1293.650 672.158
1198.676 870.260
1359.290 635.182
1355.605 653.028
1170.449 766.438
1175.301 735.355
1279.951 764.741
1360.838 716.613
1322.719 652.781
1137.904 669.162
1159.933 876.026
1158.760 772.321
1242.887 698.468
1149.932 830.800
1325.329 639.485
1138.198 648.806
1174.484 848.020
1354.708 654.241
1115.829 753.168
1269.922 684.116
1236.395 847.589
1339.608 671.039
1333.543 800.710
1351.309 882.205
1343.254 779.325
1349.650 781.680
1217.956 809.492
1161.341 732.681
1203.546 681.390
1252.523 690.350
1219.626 864.753
1172.304 745.075
1103.607 634.186
1181.732 840.514
1289.382 837.158
1330.765 644.012
1321.885 742.308
1329.606 826.169
1305.689 659.682
1217.065 736.847
1321.886 619.358
1274.261 827.526
1218.494 684.953
1320.450 673.422
1124.034 670.993
1298.365 619.454
1186.911 650.990
1220.477 790.650
1146.991 887.636
1315.926 815.618
1178.152 687.808
1336.351 859.117
1331.114 762.911
1138.883 710.740
1102.196 808.028
1119.695 619.889
1128.272 673.763
1338.926 734.463
1135.483 785.106
1162.686 637.718
1161.980 776.520
1208.162 732.311
1129.638 787.555
1222.607 736.592
1176.860 712.909
1113.558 618.645
1140.497 820.658
1247.880 884.719
1304.016 647.031
1323.457 867.416
1171.173 778.201
1191.591 696.931
1137.993 644.688
1133.388 655.842
1137.730 676.104
1161.676 808.037
1118.669 663.748
1277.680 781.045
1249.571 716.112
1278.880 729.168
1298.402 845.096
1308.701 643.703
1344.606 724.054
1281.029 639.888
1184.113 801.051
1120.158 841.968
1313.592 671.538
1315.987 639.910
1223.080 630.436
1350.149 629.202
1213.604 746.501
1097.191 614.677
1144.840 618.965
1262.500 841.669
1293.194 726.922
1344.980 876.550
1108.904 731.880
1244.418 706.458
1117.644 847.839
1265.478 694.423
1128.324 806.271
1348.499 776.832
1371.989 636.345
1321.547 747.370
