1000 7
33.333 33.333
194.747 191.525
172.071 181.886
209.243 175.019
190.274 190.162
217.874 189.487
192.226 172.998
188.980 208.144
188.915 208.603
206.494 188.350
190.122 189.307
174.616 187.900
220.805 173.326
174.893 216.372
187.818 189.942
205.776 190.204
209.178 207.767
186.288 173.380
215.992 204.568
181.025 197.880
172.665 209.147
191.661 181.524
171.829 178.198
185.649 200.528
218.797 196.404
220.759 174.598
184.449 204.397
211.678 177.205
197.889 173.016
201.221 199.237
172.727 174.483
213.042 202.696
214.195 221.633
194.946 191.461
197.994 219.578
171.353 208.430
176.346 193.534
187.804 192.492
204.212 172.949
205.831 174.676
205.350 190.795
179.682 215.544
203.562 206.261
195.536 178.801
206.943 194.668
174.318 174.802
186.465 201.809
196.613 218.109
209.969 209.215
215.438 182.265
208.472 204.261
190.555 208.778
177.186 200.841
198.584 179.036
211.952 215.648
189.773 205.403
207.068 196.046
214.283 189.002
198.122 200.742
197.682 188.521
197.055 210.590
191.682 200.634
191.960 177.113
189.412 199.176
185.687 196.231
197.971 200.569
190.958 218.469
185.498 179.634
190.907 180.803
176.707 214.820
197.607 190.061
192.131 214.184
194.248 176.392
187.011 221.196
213.497 178.882
175.484 187.569
206.050 184.707
195.115 215.870
177.005 186.601
212.526 177.114
178.901 184.278
215.024 217.917
210.728 200.780
196.045 187.293
197.630 183.079
179.579 199.736
202.966 186.209
197.339 173.817
179.032 182.794
213.964 196.060
204.939 204.384
213.455 208.354
198.894 197.735
175.744 181.815
199.206 220.415
182.153 179.941
182.282 196.782
181.082 213.525
210.267 199.151
196.739 188.626
176.930 174.685
191.285 221.959
180.945 203.109
217.055 179.890
206.854 194.827
182.445 178.346
220.287 183.258
191.936 187.066
190.351 213.988
198.773 190.307
173.758 173.974
219.812 179.083
214.982 200.986
216.767 199.060
201.507 173.108
194.130 200.846
184.775 187.749
177.225 188.459
181.480 196.776
179.970 219.072
193.368 209.734
199.751 183.974
195.967 215.741
208.097 205.233
184.693 218.727
190.878 199.251
180.509 190.756
200.989 200.927
206.831 206.742
171.283 177.846
210.863 207.275
179.422 197.518
188.543 194.905
202.869 215.729
198.788 210.816
211.293 219.848
209.622 190.656
203.030 197.811
218.691 208.698
203.236 184.141
215.227 203.127
212.266 221.964
181.332 185.434
187.210 186.500
181.854 191.166
195.818 211.195
198.139 222.337
187.426 189.869
175.023 178.053
219.169 217.989
202.358 183.289
183.217 221.183
203.749 219.362
203.960 180.273
187.416 198.295
207.901 201.989
219.835 188.573
180.826 205.944
175.527 199.943
218.102 194.199
174.751 213.330
188.376 191.039
210.501 219.570
191.932 184.054
192.961 199.448
195.112 209.661
189.936 184.326
185.617 189.962
201.104 176.274
175.934 209.269
200.305 185.389
204.052 218.538
193.526 215.175
210.660 216.605
179.395 193.805
210.825 177.227
170.912 213.714
180.100 205.198
172.561 205.628
217.328 193.892
216.449 176.432
170.970 210.019
199.529 179.031
184.968 199.700
181.670 201.120
206.749 208.439
183.258 195.749
211.767 207.363
178.785 186.777
211.303 178.599
192.925 195.949
207.877 187.172
210.369 221.827
200.908 204.526
172.414 214.139
191.815 197.934
179.975 194.337
199.335 179.540
217.420 183.981
200.641 191.796
175.663 195.200
191.595 190.027
183.303 189.362
196.630 183.089
202.919 211.821
197.970 208.125
176.654 197.050
215.912 216.383
209.320 180.466
188.002 175.712
174.041 200.404
210.799 184.586
195.354 193.466
206.821 207.915
174.649 177.564
201.684 198.488
206.138 178.156
178.687 180.866
201.801 193.848
200.975 219.092
186.956 211.837
209.379 187.871
192.261 215.169
218.290 181.994
174.224 197.960
187.505 202.113
215.597 211.631
171.287 217.790
177.094 190.909
186.460 190.138
204.376 214.335
210.461 214.427
212.838 210.505
219.285 174.040
198.716 204.652
172.347 222.415
199.060 203.140
178.184 210.820
176.330 212.508
174.952 194.247
202.732 174.055
204.130 184.855
192.307 193.376
178.256 207.902
185.204 178.144
202.067 217.654
194.215 200.342
219.795 178.884
212.867 214.244
209.269 195.775
175.717 215.033
217.263 180.581
210.050 176.059
217.546 194.784
177.101 186.064
179.545 205.516
212.937 215.396
176.714 213.962
171.467 190.785
187.304 215.570
201.106 208.496
202.900 179.168
184.094 216.163
209.064 205.582
182.820 198.040
219.409 221.924
186.042 175.847
203.480 203.481
214.421 208.544
209.495 197.892
178.641 183.493
176.617 214.279
196.096 196.373
192.917 221.131
171.335 192.664
211.627 209.956
206.464 192.261
173.625 197.939
180.052 219.387
211.304 198.054
217.121 199.984
181.220 212.859
170.933 179.423
185.763 173.541
218.150 178.149
195.549 194.483
197.156 201.461
194.674 219.390
202.499 182.235
213.195 177.052
195.606 208.935
178.406 178.472
219.564 199.717
185.007 182.100
178.375 205.245
200.657 204.274
215.073 214.991
218.433 180.950
186.143 193.487
198.647 221.569
188.814 180.281
195.832 196.179
174.598 179.879
215.008 213.254
172.544 216.173
174.821 220.559
208.258 217.053
192.912 191.420
205.541 210.508
200.176 177.708
175.235 209.219
189.667 215.813
209.792 184.167
203.098 220.911
220.622 184.438
211.131 205.239
206.591 219.818
220.574 196.266
220.328 215.119
190.634 184.386
205.139 199.527
205.359 192.603
212.113 200.199
201.778 186.789
197.085 216.482
216.219 178.602
210.056 182.496
187.305 182.917
199.995 203.387
199.066 186.800
213.514 187.195
173.725 212.592
187.941 221.171
203.043 201.040
189.578 203.076
177.192 189.343
182.220 220.339
209.187 206.339
178.619 186.074
179.875 190.945
180.210 179.515
199.044 204.218
215.286 216.720
209.206 201.353
195.686 206.636
203.709 203.532
214.098 216.680
192.367 205.397
187.765 173.349
196.094 188.074
198.525 215.027
215.618 205.851
172.818 188.833
205.032 196.271
175.020 184.402
333.980 259.502
333.854 281.903
369.183 294.087
336.203 269.206
321.772 259.336
324.759 276.414
329.801 292.509
332.799 276.245
348.396 267.195
329.032 280.808
331.018 290.793
348.114 260.353
370.031 257.216
342.994 265.457
334.695 259.573
342.191 254.273
335.506 282.358
339.281 269.206
351.973 267.274
357.129 293.883
352.076 252.232
364.617 276.083
336.047 287.657
357.554 274.917
321.479 295.509
349.226 251.306
329.627 257.308
330.914 297.022
339.709 276.169
332.339 274.008
337.610 265.475
346.763 250.498
368.970 288.546
347.681 294.019
361.607 285.926
345.834 273.979
348.758 271.208
340.084 279.665
364.307 262.161
352.687 261.951
356.943 259.882
359.406 276.041
346.111 267.238
339.072 272.269
345.352 257.504
363.306 298.549
342.473 254.812
330.521 250.676
336.013 276.371
331.007 266.836
364.576 296.943
368.076 252.525
368.768 281.665
354.898 295.570
321.982 257.108
355.964 283.037
338.322 265.623
369.130 290.862
336.959 283.218
369.374 254.559
354.203 269.984
364.174 283.620
320.758 299.379
325.232 278.452
350.351 274.738
331.043 287.793
351.675 263.114
359.578 289.595
340.744 266.159
363.148 277.534
347.060 269.062
345.988 285.436
358.128 296.178
322.859 283.604
341.128 252.220
349.902 278.849
342.465 278.842
369.050 291.950
349.870 256.720
357.400 267.567
359.082 250.506
326.353 282.903
334.740 264.014
356.705 292.856
336.083 277.160
346.232 251.289
336.192 292.182
349.633 279.632
351.277 262.629
361.646 296.761
366.013 271.860
332.242 258.087
345.861 276.273
333.242 273.351
351.425 295.086
341.199 262.839
333.978 288.405
335.342 262.687
337.058 294.639
333.019 250.348
348.878 276.329
362.163 286.752
334.361 267.122
362.888 275.203
322.845 291.475
326.262 250.317
327.191 256.547
353.816 277.503
341.259 282.065
340.173 296.304
323.128 259.595
350.977 274.904
339.702 265.318
335.797 266.624
327.500 297.429
350.812 254.723
367.928 260.493
322.437 291.637
342.657 266.457
342.646 295.205
341.651 256.737
331.365 253.279
352.645 280.359
332.278 290.575
350.420 288.205
331.552 260.508
324.576 280.763
321.232 256.188
332.094 274.944
323.507 279.281
324.022 284.423
351.233 260.170
346.356 285.305
353.292 267.752
321.589 293.537
354.514 291.185
359.906 283.696
343.830 259.905
335.626 275.002
352.563 287.211
345.389 251.661
365.410 272.342
349.676 259.393
357.135 265.922
350.910 273.520
356.157 271.352
370.073 251.938
362.059 261.512
344.665 289.193
327.252 268.577
353.130 266.783
344.591 256.191
339.356 283.130
353.504 281.881
352.668 282.376
324.180 255.075
364.891 258.065
347.301 280.508
345.877 291.693
328.480 284.011
333.815 249.971
354.500 252.625
320.936 250.432
327.768 263.960
366.605 281.315
324.894 250.072
362.361 274.939
369.123 294.465
370.071 299.640
341.833 268.958
323.136 270.615
332.114 280.183
327.305 267.013
349.352 299.258
349.526 298.945
365.295 296.549
327.151 293.744
364.697 288.765
327.285 254.790
328.206 257.147
363.212 285.847
341.581 281.606
339.174 261.212
321.891 260.342
328.378 266.373
336.868 290.947
346.159 253.170
350.465 273.022
353.246 281.292
356.278 256.176
348.972 296.264
335.071 276.174
362.578 251.368
361.476 294.698
368.695 265.811
328.136 267.332
323.277 286.151
344.884 267.424
328.174 277.669
363.137 272.520
368.187 268.600
347.261 288.825
326.343 252.335
365.464 294.702
326.265 275.919
321.211 275.786
353.458 270.273
343.077 271.075
353.010 293.015
354.503 289.161
322.337 284.093
325.974 297.880
364.122 254.007
350.542 250.476
368.977 278.414
339.110 250.971
342.329 295.749
354.818 299.143
329.317 291.267
344.657 285.649
338.020 270.639
366.618 278.379
365.451 269.167
344.652 271.781
341.311 292.709
358.524 280.729
352.901 250.527
340.870 262.255
329.028 297.375
343.443 292.490
362.449 252.722
331.372 265.192
365.318 294.581
365.199 294.088
346.936 275.196
342.644 259.699
337.394 276.264
356.822 269.919
325.728 297.281
352.050 276.069
364.188 274.747
351.371 287.423
338.213 281.974
347.165 292.410
324.357 278.101
349.940 254.207
327.196 297.699
345.737 275.324
338.552 277.202
327.710 271.578
363.702 274.369
331.727 293.939
335.964 264.264
364.029 273.121
329.231 253.344
320.964 263.898
370.192 279.544
348.485 293.071
353.813 283.802
324.217 298.485
345.822 279.495
321.813 254.155
356.453 254.813
329.751 250.031
369.173 266.333
353.845 297.601
367.543 296.302
359.292 293.852
355.851 254.399
346.953 293.157
323.302 282.903
361.593 291.638
354.062 262.357
322.583 266.261
330.325 272.228
347.775 266.044
366.482 270.336
350.598 296.403
367.552 267.894
330.754 265.533
323.787 260.325
340.784 255.873
336.266 279.736
370.262 287.510
345.304 257.559
321.382 294.768
325.499 250.196
342.686 298.210
338.950 280.994
336.406 270.705
321.078 280.942
347.084 298.834
354.752 261.158
339.390 280.279
342.973 275.405
343.427 297.123
346.121 254.295
358.121 274.986
367.900 253.118
370.127 262.371
326.392 269.287
335.132 263.300
367.439 299.400
353.660 277.444
331.775 289.469
356.823 296.882
353.560 263.676
369.513 289.649
346.036 283.222
342.871 287.135
353.406 265.369
327.248 255.457
353.866 266.835
346.366 289.896
362.157 253.429
333.926 295.773
350.157 298.757
361.174 274.449
352.671 268.932
339.306 293.916
334.496 276.419
366.511 294.373
361.469 292.242
325.359 274.247
340.190 262.363
323.015 269.410
347.215 279.933
365.891 254.267
365.871 262.765
369.333 281.986
353.968 291.813
340.818 267.805
340.174 275.566
346.168 261.345
337.768 282.079
332.377 267.711
332.412 276.871
367.958 298.339
327.843 285.369
353.753 297.058
364.232 262.205
332.271 271.927
335.920 280.854
327.002 256.811
360.715 284.919
355.110 290.251
333.647 289.344
356.594 291.017
349.958 257.547
335.508 287.275
367.171 267.912
333.054 260.894
365.458 279.140
340.056 278.215
367.638 302.177
340.233 295.069
341.732 289.324
335.365 269.528
370.431 303.196
332.439 300.689
327.639 307.477
334.095 260.653
370.113 268.433
363.729 283.627
368.897 282.701
347.585 281.179
358.491 296.265
353.680 261.396
364.661 304.287
331.784 259.436
358.699 281.811
372.036 267.122
336.273 273.921
337.685 296.514
331.599 309.189
335.227 265.120
367.586 269.440
340.739 294.774
333.787 291.006
344.327 298.765
368.875 296.770
335.427 276.252
340.846 295.398
363.911 289.203
334.684 289.582
351.842 261.997
357.596 296.984
362.676 308.990
364.581 267.560
329.700 280.372
332.461 299.100
345.795 302.126
358.018 301.849
357.896 306.555
352.642 271.179
341.892 284.309
330.314 282.013
356.120 269.847
346.152 292.002
352.797 307.211
362.445 272.943
362.539 297.597
373.158 302.245
328.030 268.410
344.658 280.792
332.226 270.314
327.273 261.263
345.510 278.222
323.985 276.263
359.424 263.188
352.815 300.479
352.445 267.114
363.444 284.744
323.373 268.090
346.394 293.140
365.911 297.576
325.839 291.240
326.086 261.716
362.432 261.640
347.028 293.250
372.688 270.492
360.834 297.753
361.423 275.740
342.924 308.136
353.859 268.606
372.382 264.601
357.522 306.681
349.200 295.058
326.200 296.846
363.919 268.933
360.200 266.211
323.500 304.508
332.646 307.486
349.572 265.099
351.563 304.427
356.669 309.054
339.066 288.827
332.338 302.576
353.489 292.483
358.863 295.632
343.951 299.034
346.987 286.208
356.242 300.553
360.097 275.614
323.753 277.307
362.343 281.792
327.629 299.976
367.495 262.288
343.055 291.653
363.751 289.364
351.945 279.365
351.455 292.433
327.119 262.103
365.736 305.236
335.353 307.917
327.653 292.275
347.874 266.972
325.296 296.204
368.063 278.193
334.401 294.289
359.945 266.082
366.925 291.814
364.558 264.142
359.869 276.676
339.239 260.541
353.894 263.118
350.038 268.810
350.241 274.882
326.672 306.569
345.446 295.432
340.185 292.295
345.817 275.571
342.052 261.968
323.909 284.204
345.567 300.013
363.514 263.253
367.549 266.916
330.562 303.436
356.268 294.306
358.030 289.355
350.570 277.968
335.938 269.415
339.031 304.782
329.869 261.489
342.066 299.196
368.575 261.063
363.439 279.111
367.693 304.209
330.183 290.685
340.127 299.301
349.578 306.817
361.888 288.375
356.089 285.138
333.639 263.691
359.543 299.998
358.087 308.678
370.088 283.621
326.077 290.270
329.707 282.988
334.852 264.055
342.979 303.982
352.911 262.462
369.225 261.288
350.588 293.126
358.362 301.855
336.344 301.385
328.793 284.476
327.554 277.047
330.209 285.040
326.202 292.855
355.546 276.181
371.837 287.114
350.725 297.104
368.785 268.378
336.948 299.830
360.947 293.670
359.150 265.978
361.451 285.982
324.241 263.740
326.880 284.618
338.985 289.696
355.541 288.708
357.763 284.135
342.705 267.411
368.885 297.153
348.824 259.503
359.963 284.303
349.503 292.037
342.078 307.506
372.616 300.908
361.945 290.365
367.327 267.421
330.363 294.251
352.334 271.101
360.894 298.657
329.540 273.065
368.420 293.915
372.765 297.490
325.777 267.628
355.755 269.537
337.607 274.896
361.892 297.208
355.148 275.008
363.409 280.440
367.470 284.183
343.518 302.487
366.309 270.387
367.438 293.778
366.522 301.248
337.608 265.500
354.009 295.321
327.653 264.732
371.129 274.446
332.030 267.001
364.307 260.644
344.128 288.633
366.747 296.466
327.349 304.627
366.041 289.092
362.702 301.929
332.936 283.242
358.284 278.768
334.088 296.520
325.929 261.864
372.241 283.075
365.452 303.747
372.139 280.851
349.362 298.141
347.284 293.091
366.250 302.811
328.580 275.991
363.260 283.793
331.239 262.940
366.695 299.981
326.057 298.708
325.389 308.418
345.193 276.041
329.498 259.754
331.405 262.157
353.615 262.078
346.987 267.506
364.804 302.241
339.618 267.447
372.570 295.395
329.585 307.306
365.846 278.546
329.913 287.113
366.416 286.600
356.671 309.047
353.266 290.813
353.480 280.864
328.397 297.310
338.862 272.080
342.537 303.111
340.227 279.860
338.286 304.788
370.261 288.940
347.061 260.526
324.926 300.511
337.440 305.591
339.661 261.445
331.588 296.408
358.258 294.175
368.912 301.355
357.758 266.915
324.632 303.744
336.997 299.144
358.759 308.122
341.068 295.229
328.305 273.328
326.206 306.440
330.976 304.263
331.605 279.693
348.190 293.445
346.765 306.672
357.264 272.790
328.907 305.088
332.913 286.085
330.423 296.401
361.938 301.561
335.015 308.358
351.483 262.536
357.805 300.395
358.456 287.247
363.481 285.055
350.899 301.244
364.428 276.360
324.302 261.266
369.964 297.657
346.082 301.272
363.132 259.558
328.209 291.816
328.277 278.610
370.127 270.174
325.121 261.223
366.468 305.172
352.811 290.823
324.192 303.367
333.724 295.844
365.545 288.770
357.704 305.850
358.285 267.585
327.961 275.628
334.982 259.845
355.880 270.728
