1000 3
33.333 466.667
387.667 359.006
397.146 383.231
392.453 366.531
398.367 385.000
389.872 383.638
398.423 381.648
408.621 355.762
405.922 365.267
434.098 341.435
414.517 385.558
396.996 348.702
396.420 384.790
430.417 377.404
398.490 360.779
424.269 352.346
434.426 345.190
392.464 359.691
420.223 340.061
421.084 350.444
418.934 368.466
394.141 382.207
411.349 362.306
396.982 386.399
406.047 342.756
416.246 377.656
406.761 366.230
390.574 372.520
412.397 376.348
395.597 358.731
418.461 379.405
423.501 357.639
394.435 350.171
401.555 343.274
393.806 347.602
430.340 368.893
397.330 353.544
411.277 389.532
396.331 378.968
390.266 385.799
397.715 356.973
403.472 346.355
417.169 370.491
430.440 348.030
422.940 362.327
405.707 382.019
407.178 378.674
388.147 382.502
434.049 378.383
387.471 371.369
401.758 377.354
424.969 381.414
385.714 363.424
423.122 343.293
390.111 388.732
426.880 379.651
393.757 376.889
399.596 380.429
402.964 379.667
400.146 382.160
397.300 370.583
413.274 354.366
433.549 382.996
434.179 373.356
412.139 345.850
422.220 366.309
409.635 352.745
404.285 345.840
421.226 366.537
397.891 379.312
405.159 381.409
432.134 341.257
407.629 373.854
434.540 387.172
387.380 370.109
396.030 369.393
415.927 380.882
432.828 382.799
400.533 372.339
433.786 363.899
421.332 378.819
396.784 354.580
414.541 355.192
429.526 370.870
423.593 384.629
404.515 388.786
394.691 367.426
388.570 359.867
397.442 349.901
420.123 386.079
420.951 360.253
410.082 350.230
416.071 350.178
392.802 345.463
414.352 387.098
415.958 386.672
431.773 367.386
395.255 357.090
403.924 383.635
410.359 378.053
425.814 383.646
410.389 372.271
396.947 361.580
394.228 379.794
405.085 368.332
412.856 349.008
404.668 340.622
408.624 377.131
412.447 368.175
434.591 364.256
400.649 363.633
431.838 357.056
410.230 382.121
429.716 344.029
387.883 366.450
397.464 367.675
393.168 371.205
394.639 369.797
387.537 381.544
384.935 341.716
430.107 352.500
412.019 359.783
417.588 387.097
391.879 376.160
389.594 381.194
391.294 342.619
402.369 350.800
401.890 373.563
400.636 361.946
414.629 340.337
398.198 349.753
405.772 385.698
415.543 378.520
389.836 348.547
386.432 357.357
401.766 374.133
419.568 367.214
415.421 353.246
404.011 385.720
426.780 384.626
401.218 382.510
412.672 386.403
389.650 357.150
432.671 379.738
415.021 347.014
431.795 367.683
428.855 342.820
386.725 342.081
417.947 350.091
393.755 378.084
433.666 340.726
387.270 370.714
415.268 355.402
429.141 383.749
405.640 371.537
403.602 349.408
420.237 380.600
393.405 384.715
398.393 351.442
391.296 370.876
434.065 346.153
413.261 386.741
425.979 349.118
408.942 351.844
417.744 385.285
413.183 348.277
425.019 362.335
425.609 376.225
404.276 340.635
429.091 375.347
430.418 363.478
426.340 368.231
410.456 379.142
394.723 380.276
384.930 347.959
394.143 388.173
390.488 373.659
387.641 369.992
433.501 361.471
415.628 348.260
386.729 376.427
406.337 347.763
408.204 356.585
403.074 367.619
390.083 343.711
432.297 385.887
425.974 361.036
428.278 341.788
423.418 381.581
390.171 373.540
393.422 365.425
429.496 365.247
424.167 356.626
418.181 385.102
387.198 375.896
391.672 382.607
411.661 379.168
396.079 342.927
404.424 377.932
419.482 398.223
403.022 355.272
413.613 357.982
394.509 371.886
390.268 375.496
398.510 362.183
402.805 378.867
412.751 378.650
426.784 381.923
425.920 350.313
425.002 397.192
413.744 398.225
387.528 353.919
422.244 361.834
422.930 352.466
396.930 363.516
412.139 381.212
397.729 376.026
411.882 371.124
380.812 379.878
404.474 358.116
381.238 388.501
415.604 381.842
387.327 382.610
414.990 368.503
380.092 351.426
380.125 384.592
415.698 393.929
406.337 379.803
407.146 365.960
394.831 363.528
377.399 397.232
421.853 373.546
388.932 395.500
409.577 386.892
420.862 396.543
397.217 373.882
411.055 398.685
396.575 395.130
401.701 387.376
389.113 391.558
401.095 367.602
398.487 384.139
383.038 380.724
411.620 367.642
399.733 394.390
398.246 382.364
416.626 370.383
424.881 360.172
422.849 364.182
413.654 377.279
391.052 379.437
419.069 352.573
378.027 385.672
399.818 361.084
397.664 353.748
391.777 360.918
380.966 385.942
399.527 366.901
424.912 372.227
419.689 370.182
384.987 367.407
390.208 376.150
411.711 391.332
425.892 398.044
389.540 355.678
389.312 393.765
407.264 374.352
423.577 385.453
389.337 371.423
419.545 368.056
422.468 391.121
419.763 370.192
381.982 386.794
425.053 354.947
397.555 364.862
421.603 352.744
413.768 383.285
423.491 357.220
418.059 386.677
419.122 358.924
403.881 359.987
396.375 371.099
408.345 371.804
420.569 385.903
395.459 395.329
409.886 382.723
387.706 377.807
395.686 371.537
387.432 351.756
393.107 389.245
413.885 381.794
407.121 374.951
388.061 399.125
416.960 392.631
413.425 386.938
426.074 371.717
404.751 396.433
422.106 374.918
414.274 358.982
400.037 394.768
379.840 365.586
425.363 361.857
424.985 384.380
420.600 365.656
421.013 386.582
411.610 392.759
405.519 387.497
391.642 374.086
422.871 374.210
410.735 393.979
404.108 350.345
416.323 369.914
396.069 378.462
422.524 391.162
395.774 396.526
413.136 382.434
379.183 381.282
424.165 361.147
387.094 368.969
379.290 394.000
403.723 382.992
388.482 355.207
391.672 388.624
387.631 392.386
415.205 377.930
387.153 384.111
411.426 390.570
401.022 386.240
421.721 393.456
403.113 377.160
391.469 376.829
378.706 380.782
384.772 356.886
415.193 368.941
385.059 381.158
382.724 384.494
396.649 364.316
398.920 355.100
411.794 362.687
399.813 355.220
398.447 377.568
380.747 359.692
395.474 377.080
395.398 363.374
409.789 351.563
417.775 393.657
389.363 382.408
388.892 393.606
411.064 381.133
402.901 379.669
387.217 397.244
426.788 364.518
390.499 351.525
382.350 356.407
381.267 351.388
398.357 385.012
387.602 372.850
412.827 385.160
409.582 377.501
380.661 368.502
390.469 349.794
390.354 385.826
386.381 367.958
426.610 391.867
400.391 393.455
392.327 352.758
396.393 359.031
412.072 349.881
401.881 389.652
398.955 392.775
420.662 383.452
407.975 394.230
409.737 392.155
414.264 386.353
391.532 353.740
386.764 356.557
417.254 377.056
411.613 360.749
404.115 365.511
398.777 379.068
400.220 368.686
407.540 369.633
382.693 367.601
416.638 363.898
403.940 396.361
391.431 367.856
392.412 363.332
383.139 388.125
418.364 360.191
388.430 392.352
421.648 356.428
408.232 368.193
411.561 377.235
424.848 376.427
411.885 349.809
395.084 352.886
396.115 361.038
411.062 381.981
392.128 394.498
402.615 398.380
383.308 395.175
383.486 356.864
387.588 392.974
409.142 384.541
420.687 376.863
406.558 388.755
212.027 242.254
192.240 214.056
204.819 233.044
202.073 209.033
189.762 227.934
231.381 211.728
206.480 228.333
183.453 225.569
206.595 243.996
195.861 215.503
204.302 242.354
198.581 223.395
209.204 254.297
214.374 247.805
213.472 253.157
192.062 222.795
211.189 208.477
215.880 247.916
185.299 252.380
185.921 227.486
194.042 213.167
200.522 224.043
221.323 237.027
206.529 209.307
198.049 208.153
186.514 216.940
207.147 247.711
203.134 230.206
193.607 256.411
214.761 256.729
222.722 255.604
193.725 211.520
232.454 215.577
214.335 231.340
182.657 248.396
196.349 254.950
193.891 247.261
189.589 246.095
199.780 254.484
192.503 226.230
219.267 216.351
189.569 216.371
224.589 233.487
226.469 235.151
189.220 249.631
216.022 243.266
210.552 244.349
191.120 217.107
231.327 234.317
200.131 223.868
217.389 256.234
215.393 209.229
219.550 221.417
189.304 223.356
194.356 241.446
220.301 210.425
191.482 215.882
231.409 230.527
184.549 255.670
222.072 244.539
192.216 226.282
214.579 231.558
189.744 221.366
184.738 246.954
196.034 251.152
220.893 213.534
198.154 233.201
215.896 233.900
220.991 240.033
221.310 255.941
223.806 242.325
193.868 247.431
185.427 231.082
224.328 230.518
206.225 244.977
209.315 227.949
195.183 227.066
207.632 243.093
223.673 209.343
182.920 245.985
205.887 214.415
199.398 252.565
202.142 217.330
197.178 237.395
227.423 248.552
219.477 222.583
215.375 255.926
186.453 234.224
212.267 230.095
216.276 246.001
196.732 211.670
205.254 213.241
194.429 244.659
204.465 209.429
208.018 219.384
188.589 223.432
207.219 252.693
217.131 233.002
222.163 238.901
226.466 233.735
223.272 253.174
209.024 246.045
227.301 239.429
212.508 227.187
203.073 230.743
229.264 221.274
223.097 242.124
192.549 218.861
199.024 236.248
223.065 241.209
191.945 235.711
218.678 249.619
206.432 222.218
223.393 238.650
219.425 213.341
225.802 245.224
208.721 240.165
192.101 237.069
216.210 240.190
200.567 216.202
206.564 222.802
195.131 215.153
205.401 214.621
219.248 232.570
188.516 234.239
185.855 256.479
201.145 250.155
183.120 209.304
195.486 233.387
217.808 217.429
199.016 244.103
188.272 244.569
190.855 223.541
228.107 219.232
195.127 214.762
203.344 241.569
202.418 207.663
214.596 216.686
205.397 239.305
194.239 227.862
184.953 206.964
216.342 217.991
229.090 242.531
193.063 236.996
206.023 215.151
223.786 235.537
221.545 238.786
195.262 255.750
230.683 233.674
202.938 252.385
226.848 220.951
190.671 208.684
205.624 251.092
183.995 232.123
184.320 232.698
190.665 229.897
218.089 230.592
210.215 231.089
192.732 248.756
213.277 247.516
193.435 213.478
205.637 209.942
190.170 234.063
205.689 255.735
185.891 216.304
231.377 220.235
223.336 221.611
195.043 217.719
211.109 256.289
214.731 216.040
220.523 234.927
206.223 224.991
210.972 235.249
216.983 254.946
209.480 215.727
184.673 211.482
224.140 210.284
223.555 243.875
196.948 239.347
231.354 242.440
221.754 239.793
222.500 235.983
221.813 242.483
192.518 228.991
205.814 226.411
216.039 222.843
202.453 213.992
213.063 238.200
218.141 210.596
217.174 256.679
195.677 255.561
202.237 233.192
198.122 246.599
197.320 237.913
222.912 212.665
198.696 229.600
206.837 242.674
190.652 253.986
213.166 239.097
201.556 228.750
190.248 216.257
189.594 232.600
208.273 255.276
198.922 240.753
230.962 207.293
218.183 247.476
208.538 214.747
222.256 219.175
210.614 232.384
225.773 247.319
199.853 246.199
226.952 207.898
197.774 214.641
220.378 236.854
211.566 223.099
201.720 207.534
212.826 249.344
226.290 229.058
209.121 256.370
223.876 225.965
227.340 238.727
192.312 246.124
228.187 207.194
222.821 231.147
204.944 239.372
202.618 231.840
193.034 226.401
219.704 228.687
191.070 253.289
204.704 232.126
227.825 248.718
226.432 215.524
222.767 256.664
200.389 246.923
185.934 226.573
229.183 208.344
199.994 244.850
186.451 213.792
203.174 226.130
229.445 256.822
214.612 247.920
190.784 216.651
229.946 213.113
199.124 253.602
201.619 224.450
188.762 242.266
214.244 232.486
223.728 222.358
199.754 239.822
199.472 233.090
215.705 245.048
226.390 235.404
184.338 239.899
222.596 213.422
209.315 251.356
217.717 226.319
203.066 218.039
223.787 226.686
183.610 236.763
193.215 250.064
189.386 207.464
206.347 240.608
194.578 215.788
203.909 249.979
211.297 244.285
203.606 219.382
195.541 250.585
190.038 242.006
204.220 238.641
188.342 216.341
207.014 238.606
183.572 233.917
214.285 212.201
208.745 215.629
183.125 219.569
227.924 256.307
205.947 218.737
223.679 243.885
229.833 254.836
227.443 238.165
218.390 235.905
223.042 237.236
207.815 249.291
207.528 243.974
217.216 212.210
226.695 245.981
201.416 242.688
188.444 229.569
215.452 244.040
207.942 239.968
231.607 209.193
219.801 248.161
208.605 254.584
229.282 240.633
188.017 213.543
214.798 220.108
194.481 250.704
216.514 217.530
220.513 222.969
210.267 249.772
184.092 245.385
208.922 228.425
187.934 246.552
203.497 230.637
204.757 208.946
206.643 209.291
218.933 211.985
212.511 248.116
192.060 158.476
203.790 176.175
173.653 161.724
202.676 181.773
209.807 168.187
169.249 198.351
169.896 186.906
176.088 153.477
195.793 187.339
170.321 178.673
185.703 200.558
180.073 198.978
188.217 180.620
180.450 185.764
183.473 153.670
200.236 177.923
177.739 167.923
171.808 170.147
170.830 151.288
207.933 183.914
202.177 183.346
186.878 153.357
178.662 171.518
196.052 150.830
209.962 193.601
187.393 178.980
176.562 169.274
178.537 166.481
192.514 191.246
187.016 164.121
179.139 155.592
170.281 174.047
181.733 152.121
190.292 189.793
195.286 193.275
196.931 172.770
208.223 150.819
176.594 177.246
188.406 155.761
185.601 178.392
167.768 173.264
173.848 186.239
187.322 168.824
177.718 174.050
215.166 183.968
191.856 199.821
198.242 170.837
199.225 166.153
177.173 167.059
167.039 166.454
210.051 171.241
186.382 178.072
212.259 163.613
205.771 195.162
181.953 191.553
186.441 151.077
200.504 176.622
198.163 182.325
196.417 184.994
176.076 196.512
181.987 177.733
191.616 161.390
195.041 169.715
204.342 157.666
211.729 174.586
180.365 164.207
195.114 157.033
181.430 154.541
176.032 178.216
199.066 175.617
208.047 184.687
178.382 182.237
181.407 186.887
195.072 192.234
166.581 195.845
188.771 185.529
183.956 161.535
168.674 196.520
196.967 197.788
202.032 196.092
194.719 171.512
196.151 186.290
201.928 166.896
172.848 184.239
210.675 196.606
212.303 159.799
200.902 199.112
184.705 166.144
175.343 188.220
169.633 178.222
171.288 194.285
175.156 161.169
178.873 153.050
174.359 192.293
203.988 198.789
214.865 178.752
213.821 159.551
185.206 193.665
171.821 162.946
201.056 155.713
198.058 177.367
171.195 174.821
169.061 173.380
210.405 159.402
203.944 196.142
182.710 153.657
172.346 180.338
190.040 181.618
198.673 194.907
178.237 196.826
211.781 176.873
185.317 191.733
208.240 171.279
170.432 194.035
198.572 159.597
191.209 158.290
187.236 165.117
178.348 167.215
169.388 169.734
169.381 182.822
191.846 151.454
205.367 166.151
187.400 189.211
190.782 194.054
190.113 195.796
209.145 196.274
209.948 158.521
170.129 185.236
168.253 196.978
203.410 165.941
214.472 155.335
194.163 200.104
190.467 188.942
179.845 162.966
182.813 159.186
194.197 169.823
174.005 194.515
176.367 166.981
202.330 189.633
189.524 178.866
211.797 187.717
198.029 155.924
178.321 180.595
209.730 194.024
166.589 181.082
183.607 159.176
194.935 171.813
194.604 198.169
209.137 200.382
179.042 159.645
171.143 179.542
167.942 200.044
213.199 162.096
194.463 194.928
190.992 151.240
192.091 180.278
169.552 174.438
190.244 156.709
171.243 179.398
215.420 157.446
209.169 199.081
201.992 152.632
183.571 170.454
191.033 189.521
207.017 160.177
209.317 153.254
188.902 179.327
192.685 196.313
199.379 181.841
176.485 164.872
194.121 176.142
206.999 179.741
204.003 165.838
186.577 169.993
176.699 168.548
209.183 188.581
193.916 199.886
215.063 193.929
203.153 161.156
187.516 185.743
171.089 189.675
179.824 152.883
215.631 178.075
205.872 185.499
205.692 200.110
205.365 196.239
190.145 183.908
168.327 168.404
205.546 200.125
199.542 158.639
173.215 163.953
176.801 154.527
202.581 166.539
190.459 161.969
194.414 192.204
203.283 176.209
203.396 175.751
181.851 184.672
192.525 154.229
179.504 168.865
211.405 191.051
171.638 199.120
188.542 187.275
207.079 180.649
184.434 152.793
182.007 158.378
215.201 180.845
205.820 200.240
177.725 162.269
209.339 168.902
183.747 163.174
185.300 191.214
201.283 154.699
172.940 197.221
210.623 197.394
199.549 183.142
212.553 197.843
199.253 170.686
198.302 182.998
201.747 160.720
204.408 160.646
179.501 181.271
176.007 167.395
168.435 158.466
177.385 194.227
179.104 169.218
205.159 155.271
180.061 167.953
180.684 183.224
191.123 190.440
180.097 165.823
214.933 197.769
173.616 191.695
190.366 154.382
208.890 169.568
177.247 171.275
185.698 164.040
197.528 197.734
201.755 170.389
208.208 194.724
188.272 191.430
214.196 169.050
204.071 185.573
210.252 162.238
208.679 175.952
183.720 168.647
171.960 186.984
167.622 173.320
196.427 180.509
190.794 174.918
193.428 196.090
192.683 171.189
208.728 189.818
179.888 177.435
170.729 199.353
169.610 162.946
173.566 153.140
182.860 157.782
169.098 170.677
168.063 155.074
204.684 198.108
173.803 197.279
187.073 156.995
170.620 165.466
185.988 177.783
202.536 180.378
178.353 164.494
202.746 192.446
208.639 155.458
190.132 188.318
188.469 197.968
204.379 165.421
183.259 168.414
170.888 197.638
174.255 155.412
214.794 182.102
186.906 185.500
215.494 162.503
167.622 159.749
182.203 180.296
205.400 164.961
206.518 157.555
174.103 151.620
178.913 180.066
199.235 162.425
210.035 171.777
