500 2
233.334 16.666
111.134 120.544
117.161 123.832
101.744 113.208
122.281 114.655
118.290 108.256
110.444 128.438
108.575 108.633
121.905 108.714
123.410 126.103
109.365 127.016
124.414 121.736
103.922 106.585
113.393 116.641
101.377 106.152
109.439 115.100
118.521 124.537
107.098 122.452
117.564 122.003
124.465 120.691
121.881 105.755
104.232 115.319
125.044 126.649
118.207 118.430
117.568 109.393
105.775 123.668
116.937 113.496
116.468 106.912
116.968 127.620
106.267 116.497
104.187 119.024
105.060 105.755
115.354 109.394
112.556 115.813
105.436 112.928
124.763 110.086
106.194 116.319
104.358 106.606
111.054 112.926
103.821 122.881
116.313 105.472
107.564 106.715
122.450 107.931
116.553 118.589
111.399 121.265
119.057 109.161
110.253 112.068
106.120 123.884
109.874 110.078
103.491 106.094
111.373 125.886
112.698 123.802
106.092 122.748
105.996 122.636
115.012 124.896
105.995 106.645
124.140 109.281
123.541 127.136
123.407 116.229
105.279 106.088
119.902 111.718
109.493 112.508
115.524 116.051
116.190 107.114
123.977 106.069
105.575 104.541
124.080 124.150
114.657 108.347
119.267 121.642
121.410 128.405
120.599 124.796
115.487 127.261
104.781 124.627
117.433 111.152
119.448 106.364
109.995 118.588
108.055 105.735
103.691 109.621
124.355 114.259
116.054 125.190
105.433 122.530
111.937 104.563
103.720 124.242
104.252 108.247
110.884 118.312
110.138 110.812
102.153 116.548
124.566 120.795
103.295 107.797
110.432 115.927
105.385 119.771
106.632 110.606
118.119 110.882
102.141 109.150
105.952 120.857
123.714 114.365
114.063 121.660
111.812 115.558
102.562 114.657
123.582 127.081
115.393 109.492
119.515 107.865
102.842 104.797
106.458 111.450
111.904 124.164
114.946 122.935
115.081 118.615
107.079 118.336
124.962 107.287
111.248 117.961
105.497 121.031
120.173 117.837
108.911 107.079
125.025 106.401
102.124 106.799
115.325 111.322
116.160 126.074
125.139 110.112
125.791 106.058
109.743 116.169
120.756 107.151
113.265 117.724
113.143 107.758
106.280 111.407
105.951 120.221
122.437 111.135
101.893 117.482
101.649 127.341
101.874 109.214
118.701 126.911
115.268 114.504
107.803 115.248
123.340 116.891
102.965 123.088
114.090 105.987
107.161 115.854
178.103 126.339
192.598 106.148
176.458 104.229
177.447 124.933
191.532 110.679
178.567 105.532
186.070 109.096
173.779 107.035
177.358 115.635
184.088 117.630
170.799 107.378
190.685 106.250
168.817 112.700
184.436 110.014
180.396 122.770
183.895 112.982
190.650 122.881
179.857 123.240
175.657 118.351
171.626 103.821
179.988 110.510
186.619 126.521
185.592 111.282
187.938 105.036
180.735 106.383
178.648 124.998
186.048 121.152
172.526 127.657
178.698 120.220
184.528 113.953
175.926 125.360
182.719 104.534
192.022 124.430
171.828 111.663
188.781 107.357
183.561 109.738
170.138 113.101
180.228 126.917
190.529 117.385
190.843 127.101
169.182 120.026
179.232 111.864
176.836 121.313
173.472 110.248
177.209 106.308
176.832 127.814
188.327 108.913
175.772 109.554
184.089 126.285
176.383 128.297
192.502 120.392
184.268 107.741
173.762 112.614
180.531 109.439
185.867 108.664
174.176 126.535
171.041 126.238
177.237 116.053
176.040 123.248
190.395 106.654
179.943 114.688
169.192 119.292
175.715 109.224
174.545 120.865
169.515 106.180
174.676 107.420
182.822 105.502
168.977 113.117
180.991 124.988
178.461 123.319
184.275 127.144
190.138 116.366
185.945 109.119
176.128 110.334
192.092 118.076
169.837 109.629
176.155 109.626
174.747 116.575
176.479 111.948
170.049 112.732
188.816 117.360
169.762 124.264
172.192 114.538
172.198 123.673
174.343 119.409
168.865 113.841
185.202 127.868
186.815 119.968
188.092 117.854
185.310 109.843
173.114 114.567
190.806 118.079
185.137 113.420
176.165 123.815
179.870 118.254
172.346 117.330
168.878 108.070
183.204 115.094
172.381 121.356
178.828 109.878
180.378 104.609
186.969 110.571
190.805 119.349
175.801 118.807
168.227 126.237
180.387 117.959
178.298 107.957
189.309 118.754
177.365 113.858
181.364 115.396
173.331 107.316
181.754 121.508
187.845 111.835
181.381 122.658
169.764 106.514
173.127 111.295
180.008 107.463
169.020 122.627
173.729 111.892
189.702 116.692
191.965 126.382
191.594 113.897
174.320 106.521
170.412 120.209
172.436 111.851
192.612 117.364
182.361 124.167
139.806 116.661
131.788 113.904
135.750 110.871
142.723 106.540
122.658 112.447
134.318 111.339
125.876 110.490
131.190 106.542
124.967 105.904
130.397 110.862
127.764 124.370
137.957 107.714
120.683 107.656
139.361 107.004
124.017 117.381
135.163 115.431
140.477 116.930
125.604 119.486
123.847 121.426
142.046 110.055
131.297 118.589
126.151 103.034
136.087 105.209
139.723 116.362
133.523 103.688
124.817 126.200
126.832 118.383
134.331 111.293
130.846 102.959
139.437 104.410
138.022 116.161
132.785 113.347
126.381 120.884
127.738 122.145
145.447 124.364
136.967 127.235
128.459 119.075
122.651 105.632
133.780 103.808
135.972 116.611
126.727 120.546
136.915 107.525
124.400 115.268
145.513 112.810
121.916 110.380
145.337 105.901
137.882 114.048
129.822 111.222
123.418 109.841
126.352 115.713
131.236 104.555
125.668 102.647
129.930 122.381
127.068 105.489
142.998 115.776
134.196 105.989
139.332 113.816
135.638 117.927
126.128 107.760
125.561 115.596
144.875 113.270
128.649 120.345
142.990 123.609
141.714 109.424
126.040 105.527
139.604 108.326
136.942 116.996
128.926 112.219
128.961 120.771
125.999 127.062
123.804 115.825
140.281 112.750
124.327 112.417
121.046 122.961
121.034 102.447
136.756 119.653
132.527 107.961
133.861 118.258
121.188 115.739
126.187 111.882
142.929 120.315
132.625 118.251
135.206 117.396
136.693 108.118
137.511 103.120
124.249 112.167
128.203 122.722
136.308 110.650
132.429 122.245
122.926 122.424
140.099 117.049
141.383 90.517
139.485 99.184
125.121 97.617
142.598 84.683
146.899 76.991
135.892 90.080
135.065 79.454
146.830 77.123
127.524 96.541
147.097 91.548
130.741 77.418
149.554 94.204
136.430 92.892
127.516 88.488
147.738 87.879
132.470 83.847
134.997 80.812
148.833 82.675
126.357 85.467
126.993 92.023
145.875 97.564
136.477 84.670
147.444 75.162
138.935 86.167
142.356 79.684
136.513 83.290
143.500 80.405
129.198 83.575
140.973 99.187
144.873 85.407
149.277 88.266
139.616 98.049
148.036 94.970
134.635 85.762
142.945 82.432
132.426 86.190
139.048 87.962
132.324 79.823
135.391 82.171
136.862 94.843
125.799 93.492
148.113 82.369
141.823 90.288
144.214 93.841
126.609 80.707
136.971 87.548
137.905 91.500
127.486 96.005
148.455 91.078
129.268 87.908
136.694 95.461
126.408 96.506
129.980 75.900
143.309 82.386
131.685 92.641
130.044 85.361
130.977 91.400
125.716 95.149
134.810 96.924
149.313 94.097
127.258 77.249
128.073 75.768
141.326 76.626
138.021 81.812
126.113 79.871
128.077 80.228
138.270 95.422
137.936 97.519
132.618 77.909
133.039 97.990
135.830 91.606
145.317 89.781
126.890 98.472
133.356 98.131
132.930 92.488
140.392 88.078
134.393 95.812
129.360 88.509
127.704 91.704
139.606 88.478
135.138 93.251
142.004 83.677
144.977 89.277
133.436 77.604
144.865 98.152
137.667 90.006
142.609 81.242
147.763 74.908
134.238 94.148
132.590 75.465
127.858 89.088
125.181 87.180
135.847 77.285
140.526 78.587
134.136 96.543
147.389 82.242
138.738 84.500
133.563 77.236
146.995 88.952
128.483 77.270
132.725 94.630
126.638 77.519
145.547 87.288
128.843 84.268
147.248 96.997
129.434 82.983
142.190 84.188
143.053 98.898
142.537 83.058
148.357 78.752
138.646 79.539
133.483 92.603
127.160 78.958
138.153 77.115
143.413 76.378
146.989 75.155
148.793 75.455
130.263 81.443
139.365 92.832
128.620 89.832
146.899 84.410
143.994 77.182
145.410 93.063
127.652 76.076
147.105 82.337
126.141 91.846
127.847 79.442
130.802 96.428
128.414 76.273
148.979 77.959
139.607 94.916
125.200 84.957
136.865 76.376
130.294 76.392
127.007 84.309
148.214 89.886
126.546 95.978
141.665 74.565
132.382 75.814
145.707 96.460
143.695 75.981
140.418 97.737
125.396 86.972
137.562 81.227
128.938 78.717
148.010 98.101
