200 3
10.000 90.000
73.803 62.943
72.181 61.773
74.727 62.876
77.612 68.728
77.152 70.995
75.753 65.631
73.800 63.492
69.894 68.639
69.806 61.887
75.823 69.150
77.173 65.535
75.394 65.849
70.386 66.643
75.664 63.780
79.269 63.378
78.858 62.335
69.696 68.205
75.385 62.639
77.533 70.281
75.674 63.787
72.943 64.652
70.545 66.872
76.155 66.346
78.572 71.003
75.024 70.305
71.174 70.277
73.476 67.653
69.848 64.367
77.967 65.988
77.513 64.378
72.676 61.524
76.255 64.134
76.304 61.289
74.108 64.395
74.011 65.628
73.348 67.853
74.432 67.073
79.124 69.610
73.171 63.785
72.243 66.911
72.086 63.895
70.759 70.268
70.673 67.734
76.476 63.887
69.604 70.331
77.041 63.141
77.877 64.074
72.121 67.073
78.555 68.212
69.770 62.782
77.424 66.498
75.718 62.930
76.770 61.930
70.152 68.217
75.957 66.206
77.627 62.334
70.721 62.925
79.135 62.376
77.439 64.018
78.730 61.572
71.925 63.209
71.632 69.169
72.121 63.174
74.920 64.790
75.638 62.962
75.925 70.370
70.251 62.530
71.352 67.945
74.961 70.927
77.659 70.563
72.390 65.107
74.866 64.596
44.594 49.315
47.229 49.744
52.678 54.777
45.675 53.667
46.263 49.420
52.666 50.963
50.285 54.454
50.720 46.167
48.177 48.581
53.332 45.336
53.019 54.536
45.755 53.642
45.097 48.457
47.044 47.315
50.676 49.297
50.610 45.231
50.792 49.542
47.272 49.695
53.741 51.497
52.228 54.089
53.551 46.888
47.726 49.390
45.516 45.803
44.709 49.068
48.887 49.643
47.868 52.490
51.538 50.542
51.879 47.065
50.181 45.151
45.919 46.599
47.651 45.169
47.676 50.865
48.785 53.769
44.623 46.161
51.060 47.114
54.239 48.930
46.165 50.962
52.992 45.992
51.826 46.793
50.583 49.056
52.552 47.354
52.456 46.743
48.330 49.163
51.439 50.065
53.962 51.308
51.554 49.382
53.834 54.007
48.526 52.056
48.864 51.752
50.993 53.551
50.687 47.380
46.317 54.596
49.528 51.905
45.625 49.662
53.688 45.643
45.522 53.708
48.628 49.484
45.161 45.256
51.775 51.607
53.448 50.718
45.169 51.338
45.293 45.658
52.496 54.510
46.909 46.836
45.378 49.501
52.990 52.278
44.983 45.914
44.473 49.076
46.047 46.745
53.712 54.584
51.677 46.364
46.792 48.029
32.914 78.096
33.813 69.617
35.068 79.260
41.600 78.342
35.678 77.170
35.737 74.277
33.129 74.135
40.737 75.264
36.077 75.822
34.147 73.786
42.779 76.241
39.244 69.345
42.397 76.951
33.370 70.832
42.099 69.919
40.336 76.897
40.374 75.360
40.185 73.814
33.747 76.068
36.630 71.984
38.015 78.268
42.414 78.624
33.776 74.927
38.448 71.844
41.155 79.011
37.469 70.211
34.065 69.291
39.314 72.148
36.384 78.802
34.637 74.238
39.839 69.636
37.918 73.645
34.481 69.947
39.613 79.019
37.040 74.547
37.783 78.944
39.842 72.027
33.070 76.614
42.199 73.510
36.374 73.095
32.942 70.194
36.871 75.834
36.973 74.898
39.940 70.039
38.608 70.347
39.790 78.771
33.525 78.870
33.098 75.082
35.639 77.987
36.453 69.966
42.204 71.033
37.740 76.550
41.558 71.261
41.114 79.257
39.473 74.862
