500 3
125.000 125.000
169.837 136.672
169.727 143.674
175.885 131.519
168.939 118.050
180.332 127.162
188.420 122.284
182.481 139.340
179.651 126.640
185.143 136.383
178.370 120.466
173.599 139.985
165.061 132.498
174.055 140.789
161.577 126.644
165.177 120.818
181.184 137.596
173.952 126.445
184.020 125.109
180.747 140.860
163.977 130.463
168.518 117.761
165.720 130.800
163.792 120.257
163.595 116.038
183.137 134.728
175.126 131.126
181.035 123.263
182.648 143.665
178.518 131.911
161.732 128.466
184.127 137.645
188.081 133.754
187.738 132.851
174.296 135.456
182.656 122.845
186.477 133.137
176.414 141.655
166.903 122.425
181.761 138.593
164.319 129.575
164.586 133.424
181.217 134.856
180.019 142.368
166.226 116.169
169.661 120.356
187.965 131.144
183.900 143.488
169.171 134.964
175.646 130.398
186.422 141.484
166.890 124.695
164.892 136.687
170.307 130.479
167.842 136.933
164.364 128.587
185.309 138.636
173.405 140.902
178.740 135.633
167.197 123.410
174.528 120.007
166.735 143.504
172.146 122.059
169.145 137.685
187.274 132.324
162.009 127.417
180.414 143.438
184.354 140.630
186.269 136.435
165.280 120.321
174.389 125.210
182.201 142.369
178.862 132.257
162.146 122.998
185.810 122.792
167.836 133.793
179.475 126.342
172.787 129.453
181.195 120.108
187.026 140.271
167.846 131.189
161.735 119.402
173.340 128.305
184.804 127.099
173.957 139.169
168.193 132.235
172.453 134.171
180.572 135.119
177.844 133.571
177.208 136.580
187.349 133.683
187.003 124.544
187.195 124.937
181.630 118.551
176.151 132.662
169.845 123.183
168.292 122.653
188.462 140.685
176.790 136.103
188.180 136.654
183.496 133.356
162.453 121.321
180.517 121.129
171.330 124.866
174.392 137.179
184.303 129.918
178.746 137.502
166.037 137.497
176.226 142.288
174.357 119.838
169.496 130.143
181.321 141.611
162.312 130.722
174.516 137.549
172.620 117.996
173.477 143.643
170.300 121.089
175.813 126.291
180.508 133.943
174.004 121.652
169.929 141.399
164.408 125.214
177.624 129.138
188.102 142.422
174.304 123.191
168.113 143.126
161.661 127.896
177.670 122.400
182.723 118.344
163.757 136.260
167.343 131.283
187.962 128.843
173.445 128.119
167.609 143.716
188.494 128.866
164.717 140.966
169.426 141.426
180.127 123.042
178.245 120.812
169.811 134.037
169.263 120.139
179.584 141.064
179.158 116.462
177.309 134.325
161.403 124.896
164.226 124.968
178.706 121.038
176.699 126.404
182.499 138.065
182.089 117.435
172.454 126.892
178.831 121.656
162.618 121.445
182.256 128.079
180.505 132.025
172.610 132.278
174.802 121.566
172.726 127.200
164.968 125.124
183.088 129.375
162.535 132.897
181.492 136.009
188.270 131.039
164.037 138.620
185.080 134.314
183.818 134.937
186.334 128.977
188.428 119.647
178.684 128.295
163.508 133.957
174.163 131.003
175.798 116.551
172.366 135.671
169.224 122.590
181.226 127.419
84.325 171.774
83.890 153.817
102.051 150.666
85.644 154.252
79.801 161.488
89.495 165.698
82.323 157.498
77.163 153.414
95.540 155.368
93.409 149.771
85.536 154.021
93.103 174.785
82.378 170.690
81.755 166.623
82.546 154.100
92.703 154.309
100.749 161.476
94.498 159.848
104.637 170.443
81.176 156.587
95.383 164.559
101.566 164.824
101.890 173.463
102.589 152.065
99.766 151.383
77.210 160.795
84.117 173.908
86.639 153.547
85.583 153.201
97.554 154.667
95.099 174.102
99.502 153.652
101.429 154.554
103.216 155.073
87.648 161.988
98.854 148.435
100.988 173.048
83.891 150.199
81.442 174.209
87.387 164.908
86.580 161.500
87.045 163.753
80.704 165.415
81.715 155.718
90.621 171.044
83.614 171.627
100.517 173.744
92.346 161.730
91.654 172.363
92.376 149.334
87.921 151.382
78.734 156.209
79.856 165.770
94.696 168.244
94.331 171.686
91.564 152.119
78.605 172.788
80.568 170.300
89.388 155.674
81.015 166.846
103.100 163.091
80.221 157.072
97.414 153.503
99.301 170.410
99.663 152.080
86.608 163.142
81.605 169.860
91.539 166.865
103.431 169.037
94.384 169.231
96.264 167.117
80.470 171.307
85.212 161.137
94.691 155.047
88.073 155.129
89.270 170.318
90.592 149.277
100.211 161.342
91.730 148.650
99.806 152.844
95.105 150.357
94.979 172.956
95.000 153.128
86.303 174.568
94.689 152.948
88.451 151.102
94.926 150.671
81.461 147.862
87.067 159.915
89.148 174.154
95.683 151.122
83.406 153.511
100.197 175.458
103.649 162.320
89.883 152.686
85.990 156.437
78.124 151.302
85.635 167.803
87.729 158.655
81.018 174.281
96.878 167.222
89.160 149.281
83.192 154.410
103.402 165.795
88.644 173.766
98.968 175.336
102.300 160.929
85.876 169.935
100.324 152.201
92.682 169.718
85.338 148.563
87.934 165.381
87.403 158.795
104.220 161.220
79.623 157.050
103.380 170.930
86.771 167.906
80.790 173.522
84.644 163.691
78.234 173.749
91.424 153.212
95.054 157.993
94.005 156.929
98.897 161.032
97.240 150.034
99.661 164.428
92.864 164.676
83.136 167.792
81.282 166.163
101.128 173.236
104.111 153.608
81.783 155.782
93.453 170.225
103.194 163.301
93.378 158.922
96.126 161.129
90.916 163.434
83.283 171.196
81.764 167.500
104.153 175.136
99.572 163.921
102.380 173.030
101.265 154.416
99.266 165.579
91.201 157.635
93.372 171.847
81.336 163.822
83.450 150.540
79.924 172.050
82.473 151.680
85.186 168.717
102.772 172.486
80.772 163.633
99.701 169.771
93.269 161.511
99.626 161.774
83.190 169.765
97.820 155.343
98.985 160.931
89.487 159.768
101.613 83.439
89.646 76.459
91.355 95.839
85.495 80.925
98.659 95.730
96.474 77.016
86.656 72.012
91.503 72.421
103.144 89.094
101.886 90.847
101.750 97.415
105.002 97.740
107.339 74.859
88.807 78.343
97.042 80.990
110.424 82.273
105.661 80.437
102.187 73.925
97.575 88.408
91.209 96.128
95.360 96.793
88.604 74.786
104.288 82.208
99.786 93.309
101.390 83.743
94.283 87.977
92.585 87.843
95.485 84.170
87.460 77.995
99.834 89.492
92.842 78.984
108.957 90.837
109.440 71.316
89.755 74.628
99.610 93.963
104.897 76.394
98.077 70.554
95.822 73.104
104.507 88.266
101.564 78.933
83.076 92.377
91.916 80.845
83.495 87.906
109.974 76.844
91.095 86.605
102.407 75.960
99.106 88.141
92.320 94.373
89.507 95.848
99.715 84.879
98.769 71.100
97.097 70.253
110.418 85.754
94.772 90.345
102.617 81.426
90.927 74.603
89.349 88.979
92.264 72.389
104.629 84.601
102.637 77.742
83.416 75.356
89.527 70.300
100.497 73.895
90.314 72.540
96.461 87.057
92.666 76.745
88.358 95.992
86.482 91.956
89.578 71.434
84.277 86.661
99.386 79.112
83.446 91.119
96.197 79.349
97.333 92.340
102.899 78.812
97.660 94.910
102.967 94.164
107.252 76.430
102.772 95.951
86.003 95.994
106.956 71.412
95.466 71.584
110.437 96.859
97.884 73.571
101.833 87.196
84.266 96.632
90.212 85.392
104.208 81.918
109.856 75.696
101.579 76.913
87.802 87.594
84.477 74.719
87.499 80.094
91.294 81.234
95.631 82.489
105.760 80.704
89.365 97.004
106.256 78.532
85.795 90.826
102.887 77.839
88.958 93.655
97.108 73.999
96.769 70.949
109.058 95.783
92.611 74.378
107.054 93.653
108.435 72.800
105.531 87.416
96.117 77.100
95.464 80.563
108.108 95.793
101.399 82.854
90.829 85.693
94.152 76.022
85.037 87.668
103.977 87.308
99.019 96.680
109.279 80.423
100.840 85.005
103.117 92.384
99.866 97.526
86.502 97.133
92.134 85.803
105.171 95.238
100.037 73.626
86.078 79.351
87.531 84.556
105.848 90.549
86.249 87.900
100.667 72.968
90.363 87.371
87.868 70.907
90.979 73.206
107.716 95.048
107.267 89.851
106.830 84.764
93.146 81.094
96.246 85.263
88.423 84.553
86.193 93.487
102.880 92.965
106.631 77.815
97.990 76.045
99.823 84.677
101.595 90.745
94.395 96.801
104.649 95.352
95.787 97.734
83.724 81.255
96.254 87.040
83.588 97.229
108.398 82.233
108.155 84.079
82.721 84.841
93.523 86.263
105.261 76.064
92.137 71.947
95.439 78.953
100.503 81.711
90.067 93.485
83.144 76.455
99.034 80.353
85.372 91.458
85.539 92.006
84.825 91.182
