5000 5
166.666 2333.334
1869.245 1100.027
1824.987 1297.080
2032.695 1263.077
2013.475 1065.661
2041.715 1265.646
1876.859 1070.214
1939.401 1075.897
1843.872 1086.457
1910.629 1249.388
1973.380 1293.127
1957.770 1157.841
1951.439 1056.858
1907.894 1172.539
1864.674 1257.415
1847.724 1109.947
1964.091 1118.778
2016.464 1103.118
2035.109 1250.112
1920.622 1272.359
1905.097 1100.762
2025.279 1127.334
2037.743 1219.177
1993.441 1135.894
2051.787 1243.207
1915.311 1219.654
1851.177 1146.134
1914.466 1252.187
1909.619 1159.264
1956.864 1079.253
1852.879 1069.731
1884.790 1063.682
2017.360 1161.239
2013.816 1110.862
1839.529 1252.629
1815.741 1061.472
1939.937 1255.538
1858.095 1167.631
1906.549 1193.774
1809.704 1214.289
1962.861 1132.441
1942.165 1085.003
1919.451 1289.057
1928.976 1229.738
1971.293 1103.708
1895.448 1253.005
1901.118 1229.630
1965.137 1264.768
1845.004 1067.515
1955.018 1285.323
1912.208 1224.864
1881.817 1273.909
1947.286 1135.182
1806.396 1123.374
1909.625 1110.243
1891.057 1206.812
1981.023 1132.520
1980.383 1125.107
2023.305 1137.753
1887.958 1108.474
1926.507 1162.193
1883.322 1144.360
1876.833 1226.574
1920.582 1080.613
1938.585 1273.688
1963.506 1134.988
1898.102 1234.326
1816.677 1163.346
1889.760 1171.844
1921.085 1182.858
1851.710 1129.818
1970.015 1160.439
2031.522 1118.906
1979.103 1154.745
1943.530 1250.937
1871.653 1288.959
2050.728 1205.941
1935.725 1059.214
2015.528 1184.342
1870.921 1155.791
2049.325 1265.141
2017.290 1194.803
2013.778 1298.898
1937.817 1208.801
2032.405 1176.647
1849.604 1099.135
1890.246 1142.151
2029.685 1150.768
1951.617 1211.719
1845.049 1052.396
2013.836 1223.946
1981.946 1200.147
2022.226 1230.306
1984.754 1130.064
1907.493 1061.997
1858.041 1259.866
1847.927 1057.250
1927.664 1113.366
1982.681 1228.371
1838.471 1073.594
1882.375 1103.856
1950.351 1289.091
1979.381 1192.462
1977.000 1202.415
1968.052 1187.865
1818.168 1253.388
1898.811 1119.504
2046.908 1294.268
1874.470 1180.512
1864.569 1209.603
1962.472 1261.826
1912.172 1263.919
1866.770 1057.087
1995.405 1077.078
1836.559 1127.109
2047.730 1220.770
1831.331 1077.200
1959.837 1183.090
1815.991 1157.802
2028.902 1247.668
1848.969 1208.873
2014.661 1078.094
1943.996 1250.049
1868.855 1103.702
1990.727 1139.423
1883.520 1186.719
1874.702 1071.793
1882.636 1194.347
2041.228 1125.089
1908.583 1128.759
1827.608 1155.502
1917.632 1156.290
1857.165 1273.453
1955.915 1083.239
1919.301 1295.767
1874.017 1220.844
1939.274 1137.302
2030.733 1179.515
2004.496 1211.551
1886.804 1056.190
1819.696 1276.038
1946.044 1218.853
2037.156 1120.344
2019.960 1272.427
2017.431 1121.526
2032.524 1219.820
1878.676 1126.700
1979.512 1128.744
1989.854 1119.873
1933.667 1051.996
2016.187 1126.043
2007.489 1092.885
1858.336 1123.486
1898.152 1175.920
1957.456 1280.661
2008.911 1195.453
1981.087 1212.604
2041.790 1239.154
1980.767 1094.924
1984.770 1110.109
2037.960 1265.458
1878.851 1291.735
1964.048 1227.684
2053.441 1104.863
1812.889 1114.007
1859.383 1053.107
1903.406 1067.124
2043.585 1172.103
1817.974 1225.054
1843.818 1102.049
1846.836 1220.095
2053.357 1055.292
2005.616 1148.832
1840.548 1254.905
1963.290 1288.493
1913.704 1164.533
1818.817 1261.338
1912.949 1291.675
1817.440 1141.065
1986.206 1205.607
2019.208 1147.138
1926.717 1259.522
2025.692 1259.189
1921.181 1241.434
1862.238 1243.077
1871.975 1141.477
1897.354 1213.807
1928.516 1272.839
2049.144 1138.539
1968.345 1257.148
1812.767 1079.536
1830.211 1266.679
1925.145 1063.897
1829.650 1283.472
1941.021 1136.727
2026.755 1062.606
1905.867 1079.361
1983.025 1240.185
1896.425 1196.305
1836.893 1112.949
1855.266 1263.227
1935.146 1210.231
1895.568 1276.044
1870.596 1218.309
1899.367 1138.996
1965.030 1146.849
2001.270 1109.421
2013.817 1091.892
1901.547 1146.980
1880.970 1174.362
1954.256 1066.533
1935.005 1228.027
1863.954 1269.957
1942.186 1215.847
2022.683 1128.406
1997.894 1204.093
1818.149 1090.770
1901.533 1222.684
1889.481 1221.354
1968.632 1245.838
1921.658 1062.677
1986.935 1116.977
1813.431 1241.434
1885.356 1055.851
1875.769 1078.195
1994.919 1094.264
1897.986 1285.625
1836.093 1051.989
2043.886 1206.298
1880.901 1076.615
1918.188 1171.091
1885.711 1063.065
1955.588 1225.533
1856.301 1082.508
1824.039 1204.256
1985.930 1138.378
1877.086 1276.640
1942.052 1091.440
1818.037 1074.836
1811.446 1268.957
2036.331 1129.858
1894.494 1073.254
1969.967 1112.848
2024.476 1074.339
1877.042 1254.677
2041.096 1178.933
1964.147 1298.881
1935.505 1152.336
2050.702 1190.519
1852.951 1249.861
1958.044 1150.377
1888.232 1278.863
1840.552 1292.083
1885.305 1053.916
2000.347 1170.884
1932.823 1080.594
1824.337 1149.819
1926.666 1181.564
1934.156 1112.569
2015.559 1241.900
1950.149 1154.131
1877.999 1109.052
1899.371 1140.468
2015.838 1176.928
2031.852 1128.012
2040.804 1251.385
2025.016 1260.838
1839.980 1190.939
1836.959 1252.109
1891.083 1118.040
1978.913 1085.999
2041.499 1061.280
1973.229 1182.150
1951.392 1156.483
1872.054 1150.666
1872.900 1212.878
2020.748 1102.224
2030.439 1062.926
2024.926 1101.068
1816.134 1206.363
1950.313 1278.628
2000.762 1065.222
1911.929 1190.163
1832.498 1282.623
1978.536 1174.735
2001.132 1091.507
2043.397 1281.446
2009.874 1279.604
1834.992 1285.415
1874.348 1239.134
1809.018 1253.847
2050.424 1251.349
1992.697 1238.643
1933.032 1238.519
1848.810 1185.598
1858.489 1060.354
1908.443 1146.798
1905.345 1277.541
1861.437 1151.684
1980.097 1071.998
1877.613 1291.628
1985.356 1244.319
1892.433 1203.512
2045.251 1157.598
1885.819 1214.325
1944.581 1237.952
1833.687 1249.336
1990.571 1166.736
1959.359 1078.734
1954.522 1250.583
1807.589 1090.993
2053.095 1286.487
1812.228 1198.218
1806.183 1190.186
2027.136 1069.245
1924.144 1107.163
1955.934 1147.443
1906.925 1261.629
1917.345 1131.941
1910.722 1180.434
2046.196 1146.177
1976.474 1212.290
1926.593 1271.828
1934.770 1156.688
2035.183 1078.922
1973.708 1294.679
1901.518 1236.568
1960.543 1074.631
1863.381 1053.822
1969.865 1233.363
1976.417 1261.232
1887.687 1261.572
1981.391 1052.837
1902.133 1232.262
2027.554 1139.783
1814.008 1279.488
1852.474 1209.904
2022.395 1052.574
1994.545 1172.349
1964.985 1224.686
1938.442 1193.131
1981.835 1228.870
1829.934 1090.689
1925.231 1068.545
2048.016 1152.811
1902.202 1155.139
1929.742 1221.360
1945.124 1109.628
1894.005 1156.301
1980.093 1136.297
2029.923 1253.319
1842.326 1102.597
1986.154 1073.617
1933.372 1051.842
1805.413 1234.553
2012.098 1165.772
2020.569 1299.226
2021.121 1101.594
1835.572 1290.081
1943.157 1242.873
1842.994 1104.844
1809.354 1200.513
1824.412 1150.826
1967.145 1118.486
2042.642 1263.428
1958.092 1230.758
1909.678 1076.257
1953.731 1190.894
2042.172 1095.972
1818.297 1229.885
1846.605 1277.833
1815.584 1291.609
1857.206 1178.188
1890.845 1214.515
2013.437 1052.348
1852.010 1170.170
1910.654 1118.941
1845.403 1171.040
1909.907 1104.258
1983.053 1213.848
1821.979 1230.012
1815.203 1148.451
1807.823 1246.460
1825.061 1240.198
1930.507 1053.833
2047.253 1148.727
1862.305 1135.261
1984.125 1157.047
2046.069 1083.580
1837.999 1090.231
1995.625 1255.571
2036.865 1225.912
1867.916 1114.990
2019.112 1197.068
1813.628 1156.872
1931.658 1280.846
1960.700 1130.791
1859.405 1264.841
1998.026 1105.313
1897.328 1234.862
1897.379 1200.245
2046.996 1173.767
2022.145 1274.056
1973.770 1255.429
1923.328 1293.118
1833.429 1089.109
1860.980 1156.203
1869.688 1104.376
1831.833 1090.530
2054.691 1143.656
1813.049 1116.534
1935.344 1194.101
2019.103 1083.196
1832.010 1260.194
1955.770 1222.658
1967.702 1178.193
1838.437 1094.659
1997.931 1131.189
1926.850 1128.918
1809.078 1175.543
1805.153 1050.082
1863.136 1070.775
1978.414 1075.993
1843.873 1157.330
2010.395 1084.028
2003.128 1264.596
2003.243 1243.505
1991.577 1063.964
1954.117 1216.042
1964.197 1082.404
1933.350 1093.388
1826.040 1215.350
1907.952 1200.929
2035.401 1090.098
1929.950 1175.128
1962.226 1204.057
1970.075 1131.457
1921.993 1109.147
1855.936 1170.115
1808.947 1251.174
2012.465 1054.320
2031.307 1147.643
1923.768 1111.115
1964.572 1152.421
2019.313 1085.864
1907.473 1053.396
1904.624 1236.727
2027.642 1163.770
2007.989 1276.239
1917.019 1134.606
1910.189 1214.773
1838.946 1294.018
2040.519 1061.858
1981.806 1265.162
1836.074 1062.372
1959.132 1158.644
1832.219 1234.170
1852.668 1262.798
1845.089 1152.728
1922.287 1199.965
2023.159 1053.897
2045.923 1170.234
2015.585 1103.847
2035.151 1188.515
1989.877 1137.805
1869.760 1149.886
1841.984 1132.267
2034.669 1273.202
1977.519 1178.480
2003.652 1066.891
1969.215 1294.839
1925.892 1057.106
1882.083 1234.409
2028.792 1252.935
2014.029 1284.005
2050.973 1149.025
1872.731 1172.660
1967.033 1218.436
1932.126 1129.577
2033.647 1288.859
1969.150 1199.104
2051.213 1290.284
1854.419 1178.973
1974.996 1243.914
1894.724 1157.049
1841.617 1234.029
1814.393 1238.205
1902.811 1184.386
1811.902 1271.958
2053.270 1071.641
1822.435 1165.439
1987.550 1196.602
1945.382 1159.278
1986.795 1271.695
1971.658 1146.145
1913.473 1061.555
2025.440 1102.687
1825.577 1055.317
1989.017 1231.438
2047.443 1248.084
1851.524 1159.305
1951.787 1178.391
1958.375 1113.488
2032.460 1085.669
2028.510 1071.794
1918.546 1244.513
1888.244 1252.074
2022.547 1218.645
1980.540 1255.938
1938.435 1239.155
1911.586 1289.033
2009.232 1285.219
1988.065 1289.082
2034.508 1295.552
2050.463 1225.714
1968.222 1116.025
1866.146 1147.820
1878.062 1058.895
1956.410 1173.702
1871.983 1101.260
1893.468 1125.819
1891.472 1234.457
1863.646 1294.483
1814.833 1129.937
1982.318 1067.070
1931.509 1268.618
1946.446 1050.789
1898.979 1174.969
1836.272 1292.671
1912.604 1129.844
1934.759 1069.798
2007.382 1274.676
1952.416 1107.433
1886.488 1059.030
1903.973 1181.228
1877.111 1256.957
1894.437 1130.371
1837.428 1226.501
1845.776 1083.801
1805.998 1059.202
2032.496 1180.190
1860.883 1125.758
1845.699 1227.941
2044.647 1295.000
1812.945 1098.701
1935.896 1098.283
2004.639 1065.495
2040.980 1150.210
1860.299 1166.010
1935.597 1051.395
1928.179 1253.396
2040.119 1225.193
2026.926 1216.352
1959.436 1260.845
1824.377 1113.177
1840.242 1160.294
1897.223 1244.964
1857.880 1218.684
1812.160 1294.347
1825.412 1098.704
1952.995 1152.115
2008.652 1267.884
2000.193 1209.261
1857.275 1078.422
1961.121 1108.989
2014.563 1166.025
1837.647 1199.206
1871.882 1197.915
1886.018 1278.192
1919.419 1119.012
1926.152 1118.418
2032.100 1076.210
1883.587 1231.492
1871.278 1147.929
1989.080 1250.692
1808.082 1051.726
1818.677 1194.351
1847.851 1051.881
1943.228 1236.259
1835.504 1245.770
1813.300 1105.936
2048.343 1225.720
1924.177 1164.922
1960.654 1054.719
1866.680 1217.183
1884.078 1160.256
1973.799 1281.995
2017.684 1054.111
1981.525 1085.333
1991.336 1122.428
1810.257 1184.618
2045.531 1201.771
1840.651 1156.658
2039.257 1208.418
1909.503 1212.055
1855.308 1223.678
1905.409 1251.302
2040.812 1147.125
1847.566 1227.332
1927.744 1097.073
1918.006 1296.204
1910.162 1188.307
2037.673 1228.206
1921.651 1191.434
1859.152 1063.107
1941.657 1103.690
1967.712 1110.915
1864.835 1126.673
2039.480 1203.460
1972.154 1172.070
1951.459 1124.507
1999.653 1159.067
1990.436 1187.752
1901.848 1062.865
2038.535 1064.135
1972.387 1130.406
1830.666 1049.930
2024.753 1139.085
1939.792 1079.487
2039.851 1106.068
1820.750 1078.205
2020.243 1266.061
1898.344 1103.371
2053.107 1218.502
1892.351 1270.129
1921.194 1293.574
1809.887 1057.073
1942.934 1135.265
2052.851 1291.585
1935.668 1265.436
1905.770 1128.155
1929.096 1240.396
1973.678 1237.809
1971.179 1116.042
1876.528 1120.682
1841.604 1179.423
1812.157 1266.844
1970.863 1299.321
1976.175 1256.449
1895.052 1201.355
1831.831 1126.588
1931.608 1167.061
1846.813 1154.027
1916.261 1190.278
1857.203 1192.341
1986.483 1277.768
1865.499 1093.994
1919.444 1101.662
1960.888 1067.822
1916.679 1052.494
1911.166 1272.955
2008.593 1156.671
1823.499 1241.441
1916.545 1199.111
1985.062 1207.451
2018.118 1155.322
1952.226 1288.275
2016.890 1202.028
1954.554 1223.460
1870.297 1276.321
2030.480 1278.434
1823.087 1275.573
2036.374 1145.314
1810.212 1106.185
1833.847 1137.650
1934.772 1195.289
1872.205 1132.305
1836.804 1084.818
1876.802 1088.790
2026.718 1095.120
1954.801 1267.665
1936.435 1227.570
1956.217 1055.195
1906.713 1293.305
1925.640 1297.304
1921.475 1228.656
1941.853 1066.272
1843.930 1129.587
1902.444 1235.808
1899.769 1290.404
1938.587 1254.765
2000.378 1102.579
1951.823 1251.515
1964.702 1216.235
1893.558 1291.725
1946.738 1184.511
1923.567 1250.127
1854.378 1063.540
1992.445 1192.855
2026.418 1131.731
1994.703 1129.822
2024.132 1188.843
1835.083 1098.981
1853.729 1065.236
1851.542 1135.739
2045.727 1272.228
1989.807 1292.615
2044.633 1262.874
1847.379 1120.293
1876.946 1174.025
1967.994 1212.195
1899.573 1273.925
2011.521 1205.745
1933.217 1119.795
2008.699 1249.725
2005.538 1198.822
1965.413 1205.363
1971.207 1215.053
2043.273 1135.029
1971.097 1259.274
1844.742 1289.894
1853.464 1095.153
1884.134 1260.867
2039.722 1165.395
2049.597 1251.229
1940.289 1133.072
1859.633 1244.950
2027.292 1069.242
1840.639 1297.895
2023.076 1291.734
1972.647 1152.483
1846.175 1085.453
1872.008 1107.864
1994.286 1275.579
2009.922 1050.191
1916.665 1274.927
1811.619 1147.432
1823.322 1259.012
1935.525 1251.110
1937.262 1222.845
1820.055 1238.694
2012.137 1218.169
1909.033 1192.445
1887.533 1229.192
1858.932 1196.086
1860.066 1164.664
1811.375 1050.708
2031.393 1189.648
2027.063 1120.431
2000.869 1224.513
2016.881 1256.005
1861.122 1173.513
2005.392 1097.015
2023.431 1125.186
1924.350 1053.703
1829.578 1100.267
2042.939 1226.390
1905.998 1256.079
1927.097 1220.988
1884.772 1114.031
1990.587 1275.645
2004.693 1264.986
1877.089 1230.373
1839.952 1051.635
2053.566 1232.196
1956.145 1061.313
1808.331 1265.825
1926.937 1115.467
1841.811 1297.783
1834.720 1165.425
1923.950 1255.007
1814.362 1233.563
1805.711 1167.084
1947.784 1178.819
1809.165 1235.128
1829.710 1068.610
2033.707 1208.272
1985.228 1246.520
1914.030 1291.647
1885.478 1286.965
1887.242 1120.285
1942.288 1288.427
1914.483 1296.185
1943.985 1259.328
1901.203 1266.719
1869.177 1078.640
1835.491 1179.654
1817.443 1228.903
1823.591 1091.424
1881.286 1099.585
1859.299 1190.341
1926.103 1175.924
1869.298 1154.101
1860.299 1292.728
1950.992 1186.960
1868.131 1077.513
1876.923 1261.863
1994.021 1203.507
1880.484 1103.396
2011.874 1198.699
1927.387 1176.044
1925.632 1109.959
2053.690 1274.589
1911.791 1239.624
1917.492 1144.105
1811.679 1208.932
1976.976 1232.798
1847.235 1296.757
1954.623 1160.294
1981.623 1178.801
2036.115 1299.366
1894.232 1094.627
1905.051 1287.977
1883.801 1136.834
1825.556 1116.496
1946.878 1068.115
1967.880 1145.278
1830.937 1147.083
1917.177 1132.244
1828.069 1281.173
1991.751 1063.540
1875.247 1072.670
1870.843 1279.872
1822.905 1186.575
2029.377 1203.804
1836.299 1082.079
1830.257 1073.795
2025.531 1109.391
1818.149 1127.595
1951.241 1091.641
1913.780 1218.478
1939.351 1137.053
1982.471 1103.667
1922.636 1057.796
1838.849 1104.850
1937.857 1165.382
1908.666 1121.637
1981.648 1101.731
2038.492 1170.291
1966.284 1116.427
1915.081 1072.440
1925.621 1291.747
1879.346 1222.163
1818.493 1207.605
1899.648 1116.092
1958.316 1190.860
1896.260 1259.299
1899.421 1166.996
1831.484 1276.915
2007.575 1168.446
2050.712 1143.006
1980.855 1187.189
2018.037 1215.072
2027.532 1195.326
1915.326 1239.323
2038.524 1097.725
1982.503 1268.922
2001.390 1064.852
1855.397 1192.602
1870.752 1135.102
1980.678 1197.387
2031.801 1199.905
1981.749 1130.309
1964.306 1275.526
1957.045 1294.312
1946.813 1263.452
1867.814 1105.188
1937.300 1180.575
2004.311 1147.778
2000.456 1234.421
1937.706 1131.401
1950.408 1117.956
2016.132 1255.364
1823.514 1224.914
1933.634 1104.426
2044.334 1237.511
2018.543 1259.499
1893.753 1238.075
2022.405 1113.483
1819.250 1121.536
1989.767 1134.038
1902.851 1249.770
2043.436 1248.961
2042.736 1217.240
1832.815 1136.208
2028.465 1076.546
2045.741 1164.945
1956.811 1166.654
1837.103 1154.049
1880.600 1145.521
1912.847 1090.067
1869.598 1161.232
1835.366 1206.011
1991.010 1217.107
1966.629 1072.882
1986.916 1192.462
1882.418 1208.477
1971.573 1072.839
1846.848 1153.431
1935.195 1293.808
2011.936 1264.287
1842.307 1123.089
1915.520 1094.027
2052.666 1288.609
2050.680 1254.333
1947.683 1075.308
1822.525 1127.047
1877.862 1270.398
1956.866 1223.680
1898.052 1196.772
1814.409 1190.003
2041.438 1223.697
1991.440 1261.828
2010.231 1210.267
1925.766 1198.463
1848.489 1226.676
1940.988 1244.566
1860.314 1172.761
1864.124 1161.594
2040.974 1151.010
2039.712 1243.145
2054.096 1272.846
2012.776 1146.300
1953.432 1141.043
1839.912 1061.070
1974.129 1106.039
1854.580 1075.463
1885.339 1204.525
1920.243 1245.154
1928.899 1206.422
2049.578 1109.483
1920.471 1059.929
2013.327 1182.629
2012.027 1244.805
1867.040 1274.380
2019.298 1213.521
2013.606 1269.996
1835.578 1135.661
1866.449 1135.861
2011.794 1088.769
1865.896 1138.542
1817.893 1065.139
2041.583 1290.649
2003.091 1201.655
2025.451 1196.165
1911.687 1051.091
2043.201 1194.089
1849.838 1166.109
1884.590 1274.969
2042.121 1238.628
1834.716 1081.606
1947.102 1152.118
1993.907 1058.403
1860.414 1108.729
2054.128 1273.957
1989.262 1288.192
1991.121 1065.121
1955.949 1061.218
1841.450 1221.915
1977.529 1099.847
1988.884 1107.872
1828.562 1198.941
1910.777 1104.977
1911.045 1192.775
1960.782 1206.971
1856.381 1266.109
1847.932 1125.517
2011.396 1147.516
1889.564 1287.694
1885.196 1134.555
2039.163 1213.660
1982.631 1198.039
1894.726 1134.504
1870.046 1198.567
1933.558 1241.940
1835.375 1174.798
1820.158 1093.869
1808.639 1122.813
1989.483 1172.956
1840.772 1236.872
2051.037 1113.385
1896.947 1066.702
1961.912 1176.436
1888.713 1098.251
1886.955 1248.482
1895.485 1174.190
1884.833 1176.810
1983.581 1146.575
1970.389 1234.710
1884.606 1162.626
1845.030 1129.063
2037.866 1248.032
1887.221 1070.802
1933.991 1221.351
1861.657 1191.620
1971.637 1140.439
1857.228 1184.239
1883.118 1207.156
1823.204 1272.816
1813.181 1099.663
1830.703 1273.612
2035.416 1236.075
2002.052 1245.508
1938.462 1222.143
1996.079 1065.659
1937.914 1168.381
2019.319 1259.107
1901.376 1097.379
1971.245 1269.366
1890.879 1232.680
1829.698 1221.121
1998.861 1082.023
1922.708 1168.421
2004.258 1135.138
2000.603 1186.139
1815.767 1292.517
1824.490 1259.831
1990.112 1178.036
1861.876 1085.128
1886.295 1167.710
2001.578 1178.138
1978.847 1254.308
1849.753 1252.967
1958.700 1126.927
1896.835 1172.884
1886.737 1183.282
1912.609 1142.297
1813.088 1288.796
1961.202 1222.904
2032.167 1255.537
1974.290 1294.311
2049.052 1110.613
1827.553 1090.659
1978.159 1198.006
1875.929 1258.424
2026.692 1245.456
1885.122 1218.335
1973.556 1272.805
1919.077 1126.320
1981.330 1247.848
1807.618 1266.878
1936.725 1216.617
1982.206 1163.506
1990.432 1253.092
1835.971 1117.612
1928.170 1281.142
1985.074 1182.826
2044.612 1229.339
2054.933 1251.388
1949.037 1068.120
1833.164 1284.147
1853.630 1213.081
1974.241 1144.378
1984.553 1194.056
1882.652 1253.014
1821.427 1288.254
1914.560 1202.418
1944.426 1260.676
2002.530 1096.883
1970.658 1225.935
1997.667 1291.177
1960.232 1269.290
1949.867 1288.404
1959.496 1178.165
1862.703 1220.206
1944.698 1110.383
1842.625 1259.741
2005.762 1190.185
1947.992 1287.975
1965.574 1247.341
1993.640 1267.867
1985.301 1118.370
1983.994 1262.972
1895.824 1194.022
2049.492 1260.883
1822.762 1092.291
2035.559 1171.135
1989.204 1071.010
1909.903 1210.787
2039.923 1273.280
2010.593 1277.527
2049.726 1071.463
2034.442 1143.980
2032.943 1253.769
1884.071 1082.854
2042.022 1219.892
1857.977 1135.718
1948.560 1083.413
2040.060 1115.630
1832.223 1197.154
1866.211 1237.659
2036.211 1114.062
1907.542 1258.069
1950.114 1058.566
1878.386 1203.121
2047.228 1190.344
1961.273 1086.385
2034.788 1164.925
1928.258 1195.139
2019.963 1117.432
2031.004 1214.926
1995.252 1265.745
1972.485 1110.905
2016.175 1266.784
1978.932 1226.771
1919.188 1104.945
1874.778 1184.298
1811.736 1149.566
2028.053 1276.093
1839.210 1208.660
2009.181 1052.053
1890.150 1130.737
2009.596 1207.232
1927.936 1146.377
1982.378 1069.539
1833.681 1246.071
2026.669 1265.080
1887.029 1137.288
1828.553 1232.140
1979.569 1067.162
1912.797 1252.592
1914.876 1293.579
1954.659 1182.267
1861.556 1271.842
1943.599 1074.640
2023.120 1072.819
1994.962 1165.928
1878.054 1242.327
1972.204 1203.270
2026.923 1220.584
1866.364 1202.673
1826.459 1182.188
2038.172 1246.322
1892.319 1178.858
1929.844 1255.002
1856.669 1232.525
1955.717 1217.868
1843.683 1209.671
1822.127 1142.311
1819.665 1170.024
1997.422 1109.758
1920.580 1103.554
2044.148 1104.737
1833.364 1258.179
1859.046 1269.567
1920.099 1094.374
1816.302 1180.037
1972.028 1132.389
2020.786 1215.436
1897.819 1144.490
1962.800 1271.143
1886.951 1070.548
1894.251 1222.749
1938.761 1137.112
1995.787 1205.007
1903.737 1261.877
1943.612 1074.421
1853.657 1117.432
2015.330 1190.566
2015.303 1227.048
1975.394 1147.225
1944.973 1264.007
1837.342 1174.341
2027.954 1104.688
1998.961 1265.165
2024.648 1207.491
1958.499 1115.998
1906.558 1267.417
2005.163 1280.451
1812.959 1290.005
1882.763 1138.599
2014.049 1114.411
2049.024 1196.114
1946.582 1092.664
1924.976 1090.375
1883.669 1289.484
1929.171 1111.016
1859.026 1063.151
1950.184 1213.922
2011.867 1101.370
1911.076 1287.478
1875.302 1281.050
1840.400 1117.196
1824.095 1224.811
1973.386 1215.854
2008.392 1121.834
1816.833 1105.027
2010.639 1244.323
1979.675 1190.593
1883.969 1146.995
1910.302 1266.090
2041.514 1058.705
1817.621 1076.022
1852.527 1270.395
1945.922 1211.935
1939.338 1151.343
1906.949 1054.922
1959.361 1050.680
1889.472 1169.658
1831.207 1198.523
1856.562 1112.278
2014.419 1215.649
1949.065 1252.927
2052.132 1265.968
2003.076 1263.110
1877.311 1182.641
1862.884 1065.177
1872.265 1265.056
2040.076 1228.366
1966.198 1259.225
1975.076 1242.979
1894.701 1146.937
1858.554 1058.795
1978.992 1050.562
1867.302 1286.978
1868.670 1236.980
1917.997 1291.523
2010.436 1157.110
1908.556 1064.923
1903.677 1061.810
1868.195 1221.116
1878.111 1294.311
1929.543 1254.895
1821.158 1102.796
1833.884 1240.699
1958.326 1170.951
1945.755 1276.533
1898.792 1227.800
1860.499 1093.858
2022.695 1141.969
1850.506 1192.908
1896.222 1078.840
1936.438 1224.638
2024.936 1063.298
1876.951 1070.302
1970.039 1204.497
1890.958 1081.921
2021.256 1270.975
2021.148 1083.567
1910.951 1159.741
1915.507 1090.643
1863.351 1068.466
1823.724 1270.430
1918.468 1243.116
1812.579 1072.893
2024.300 1106.122
1873.384 1117.315
1873.826 1064.896
1846.262 1277.140
1914.148 1122.283
1818.499 1065.788
1875.221 1287.179
1836.188 1103.630
2005.802 1109.891
2020.107 1066.852
1812.862 1252.124
1959.693 1244.497
1996.804 1093.084
1851.253 1231.001
1963.709 1182.160
1858.351 1298.794
1824.271 1092.277
1816.767 1117.162
1985.333 1246.798
1980.963 1120.206
1810.053 1141.038
1971.324 1195.650
1848.558 1070.516
1843.588 1248.733
1942.230 1212.499
1845.565 1293.491
1854.386 1169.333
1931.909 1121.722
1913.066 1297.124
2034.618 1119.763
1945.498 1136.999
1960.396 1182.312
1827.354 1296.522
1924.233 1182.513
1992.735 1145.021
1882.285 1141.950
1900.645 1221.389
1938.711 1262.962
2017.611 1168.339
1897.760 1179.789
1856.800 1156.654
1885.610 1169.173
1914.329 1205.992
1990.346 1077.589
1968.225 1282.116
1887.047 1266.971
1956.499 1067.191
1954.637 1228.219
1930.501 1291.400
1947.815 1154.252
1840.636 1080.977
2023.565 1056.192
2019.071 1093.335
1925.254 1185.363
1986.073 1220.094
2004.168 1203.366
2019.539 1053.848
1818.107 1062.026
1820.997 1268.138
1962.828 1183.014
1916.986 1287.077
1850.969 1205.215
2027.039 1162.726
1906.680 1296.151
1908.476 1286.590
1862.230 1247.744
1903.370 1052.131
2052.419 1298.328
1931.637 1259.448
1940.621 1280.112
1822.459 1141.753
1858.548 1117.688
1890.295 1234.262
2052.502 1076.230
2042.023 1248.864
1866.264 1244.947
1976.424 1291.351
1944.171 1144.486
1957.750 1222.645
1941.211 1050.823
1839.780 1269.193
1972.246 1260.201
1823.295 1087.996
1843.795 1091.184
1996.670 1185.669
1959.972 1266.981
1946.987 1278.629
1857.562 1145.028
2008.828 1252.391
1860.391 1078.876
1889.140 1225.611
1938.563 1211.058
1959.254 1253.716
2003.323 1201.933
1889.786 1277.312
2009.388 1269.036
2033.944 1097.429
1998.995 1250.676
2028.819 1094.289
2051.701 1163.691
1908.448 1105.634
1877.175 1202.353
1955.497 1091.501
1931.487 1216.120
1926.345 1254.682
1972.670 1254.245
1823.478 1156.623
1875.136 1060.867
2012.905 1228.288
1957.960 1185.281
1889.989 1184.748
1951.066 1082.102
1853.168 1164.497
2017.264 1147.858
1979.364 1278.486
1970.682 1242.568
1957.878 1127.321
1922.383 1200.946
1840.044 1201.901
1812.275 1234.878
2021.094 1146.537
1922.196 1274.433
1810.959 1224.707
1833.048 1064.389
1872.091 1148.449
1915.565 1082.104
1912.822 1251.530
1952.197 1129.939
2010.276 1114.633
2017.734 1141.392
1881.941 1126.002
1824.582 1158.305
1841.462 1266.385
1840.375 1158.664
1837.040 1103.666
1944.044 1286.327
1921.036 1131.017
2053.309 1216.989
1925.740 1062.035
1870.137 1265.754
2025.452 1214.010
1978.453 1175.722
1923.174 1121.910
2049.595 1260.645
2007.347 1132.165
1957.148 1241.044
1928.264 1292.335
1902.585 1227.772
1813.012 1181.999
1896.835 1109.214
1919.948 1118.762
1891.781 1235.559
1936.051 1104.465
1849.781 1146.481
1977.400 1093.722
2036.142 1281.276
1853.875 1186.360
2046.988 1129.390
1886.184 1069.322
1834.816 1164.139
1843.415 1076.704
1807.262 1299.677
1972.444 1127.652
2028.754 1098.464
2016.253 1134.487
1926.241 1081.723
1935.431 1255.798
1904.287 1106.078
1908.860 1091.007
1878.015 1231.459
1990.220 1232.099
1944.433 1080.560
1975.247 1285.969
1876.335 1066.164
1993.612 1217.415
2005.280 1052.435
1850.051 1268.976
2033.469 1220.031
1829.286 1199.043
1849.603 1250.454
2029.098 1221.191
1934.492 1280.176
2040.292 1129.871
1952.836 1297.189
1867.917 1084.405
1918.146 1157.172
1905.688 1179.166
1946.385 1078.268
1922.635 1072.856
1940.766 1283.850
1947.891 1105.266
1918.758 1268.372
1825.542 1210.883
1949.843 1232.062
1985.906 1178.190
1841.019 1113.872
1870.708 1150.611
1980.724 1123.745
1962.681 1104.284
2026.212 1226.226
1882.291 1283.506
1965.305 1280.127
2040.111 1260.724
1908.268 1194.113
2000.567 1219.515
1977.014 1212.918
1885.190 1211.098
1818.853 1175.552
2031.117 1199.880
1821.700 1121.757
1839.147 1186.483
2054.926 1277.587
1815.096 1071.206
2033.827 1238.651
1985.241 1251.240
2022.107 1260.898
1850.938 1159.440
1993.043 1135.564
1972.460 1147.888
1963.729 1224.368
1957.317 1277.006
1940.754 1126.179
2022.444 1187.308
1842.436 1111.146
1902.736 1228.079
1841.510 1078.591
1834.593 1296.253
1890.346 1169.886
1924.453 1121.144
1905.815 1295.768
2034.629 1174.971
1810.854 1105.193
1958.822 1096.920
1879.762 1274.420
1820.588 1226.686
2004.111 1151.462
2036.046 1250.587
1927.256 1123.606
1829.431 1138.056
1831.183 1075.833
1875.186 1191.983
1948.948 1064.018
2034.983 1277.680
1832.414 1153.465
2020.660 1196.323
1949.882 1109.258
2050.294 1234.853
1957.232 1266.559
1941.862 1208.234
1978.355 1250.617
1888.584 1061.794
1953.148 1199.220
1901.280 1133.356
2020.815 1112.916
1974.534 1116.528
1981.585 1227.573
2004.554 1058.381
1827.267 1064.205
1828.856 1289.247
2050.759 1143.244
1840.659 1240.430
1992.213 1105.953
1871.516 1198.144
1963.739 1056.822
1890.218 1223.402
1810.889 1074.027
1883.110 1257.708
1979.167 1093.403
2012.793 1296.181
1846.786 1131.030
1843.482 1054.550
2025.109 1096.050
1844.092 1252.764
1878.687 1087.226
1873.004 1299.243
1897.670 1064.520
1908.666 1093.244
1849.334 1151.252
2022.541 1068.901
1903.927 1268.576
2015.442 1146.230
2051.339 1062.323
1936.442 1087.466
1959.272 1222.367
1893.790 1163.697
1903.281 1184.427
1895.341 1208.706
1836.825 1231.471
1973.627 1214.022
1994.619 1273.382
2020.646 1128.847
1868.642 1170.596
1915.828 1189.620
1934.603 1103.104
1945.316 1249.649
1927.679 1182.560
1943.841 1099.279
2051.709 1052.680
1994.518 1166.903
1922.835 1224.426
1872.491 1114.449
1807.021 1209.816
1881.669 1200.158
1970.094 1075.079
1815.201 1201.056
2016.836 1293.841
1978.645 1152.852
1868.388 1177.087
1977.423 1052.794
1814.219 1098.934
1849.320 1223.340
1991.750 1082.204
2003.042 1243.919
1823.116 1237.147
1880.057 1211.028
2021.151 1283.949
2025.009 1138.394
2048.803 1107.782
1919.109 1054.788
1956.403 1155.948
1952.237 1114.335
1939.287 1085.801
2036.030 1160.796
1891.162 1219.738
1891.244 1118.018
2005.433 1248.662
2034.268 1251.044
1890.831 1058.660
1847.651 1166.070
1923.694 1241.875
1957.668 1240.862
1871.667 1192.681
1887.423 1285.988
1843.801 1269.676
1849.564 1270.334
1861.826 1131.516
1833.529 1226.831
1881.283 1238.340
2050.092 1152.564
1985.717 1156.907
1916.756 1080.339
1806.138 1257.812
2007.152 1065.510
2007.265 1114.570
1915.598 1201.266
1956.100 1215.957
1990.860 1259.366
1957.115 1224.650
1863.088 1103.729
2020.106 1265.937
1993.723 1192.319
2015.877 1216.828
2023.010 1237.418
1812.448 1117.361
1987.309 1065.928
2011.994 1234.168
1962.985 1103.431
2042.686 1215.086
2042.951 1269.598
1903.757 1129.769
2022.792 1118.465
2027.252 1076.280
1826.325 1153.162
1957.311 1084.515
1854.354 1206.271
1949.991 1119.793
1885.040 1282.977
1852.240 1097.698
1878.811 1096.227
1935.070 1080.920
1953.671 1082.703
1923.654 1069.614
1945.219 1294.784
1893.058 1158.147
1945.514 1092.618
1924.837 1088.288
1839.926 1274.270
1818.455 1218.038
1807.345 1177.384
1890.949 1093.267
2027.796 1097.236
1856.430 1084.760
1889.730 1102.354
1873.748 1118.357
1878.452 1086.158
1892.605 1070.825
2049.795 1176.803
1909.310 1114.071
1945.465 1059.619
1937.118 1267.669
1892.022 1110.431
2053.212 1218.717
1957.383 1291.631
2001.236 1278.830
1823.021 1186.268
1969.258 1064.471
1846.922 1214.134
2048.348 1107.072
1939.637 1084.910
2043.731 1252.733
2048.048 1083.557
2040.202 1291.146
1937.624 1088.884
1940.847 1088.997
1838.761 1287.731
1954.053 1277.203
1858.276 1188.628
1846.148 1069.676
1809.521 1266.930
1821.173 1113.269
1887.047 1261.822
1977.629 1160.441
1909.748 1150.094
1939.981 1263.119
1843.042 1126.931
1824.003 1171.821
1968.767 1248.911
1920.662 1277.469
1813.607 1180.393
1872.799 1264.393
2051.904 1216.908
1955.534 1181.366
1825.441 1171.789
2044.993 1090.449
1853.874 1057.534
1852.277 1167.900
1827.878 1248.190
1887.802 1054.172
1913.243 1141.700
1925.754 1222.385
1968.521 1290.272
2010.982 1054.141
2024.576 1124.889
1995.414 1080.917
2045.539 1130.544
2030.157 1235.212
2028.324 1133.149
1833.228 1116.098
2003.131 1247.240
1869.058 1290.991
1827.359 1077.038
1930.230 1229.477
2014.408 1120.488
1831.155 1299.061
1872.508 1149.334
2010.629 1109.362
1980.067 1286.551
1847.424 1099.068
1958.000 1210.999
2053.831 1100.011
2043.747 1152.700
2005.429 1175.671
1995.350 1099.386
1923.243 1184.611
2021.940 1089.073
1901.141 1187.243
2038.032 1153.633
1811.287 1183.592
1988.646 1161.625
1877.034 1131.333
1978.838 1296.016
1991.118 1241.002
1975.189 1135.148
2030.638 1168.592
1891.896 1073.304
1991.237 1202.620
1895.148 1255.724
1840.264 1287.624
2007.950 1118.360
1916.553 1159.527
1940.146 1078.793
1862.250 1062.265
1910.091 1179.861
1837.716 1287.430
1945.259 1128.636
1827.983 1085.259
1978.463 1296.324
1901.300 1268.469
1996.393 1075.026
1905.496 1078.506
1836.501 1096.236
2027.323 1051.150
1867.681 1093.009
1807.571 1251.044
2011.805 1068.904
1893.255 1278.296
1869.826 1103.012
1846.048 1206.824
1872.053 1105.199
1875.655 1236.103
1856.625 1121.547
1925.265 1168.221
1961.211 1095.880
1950.982 1070.730
2034.673 1101.759
1883.792 1102.857
1812.579 1102.552
1934.343 1265.349
1965.357 1116.733
2045.455 1183.764
1975.523 1067.662
1960.457 1080.948
1834.324 1222.847
1872.471 1283.970
1954.673 1235.632
1841.164 1197.605
1918.234 1183.153
2005.745 1265.373
1841.880 1133.899
2014.668 1242.094
1866.362 1221.287
1863.228 1232.821
1929.691 1160.621
1810.658 1059.098
1907.552 1291.724
1937.840 1115.620
1854.299 1050.342
2009.138 1180.001
1967.917 1198.654
1913.421 1207.849
2005.991 1273.453
2038.950 1222.758
2013.762 1263.001
1904.478 1175.161
1863.780 1258.532
2032.476 1144.286
1965.746 1153.749
1898.481 1208.422
1972.575 1128.536
1829.480 1101.475
1952.947 1115.619
1998.784 1077.671
1819.898 1082.124
1906.010 1109.362
1871.634 1086.018
1854.956 1240.020
2028.923 1131.448
1822.363 1082.398
1998.065 1235.389
2009.547 1234.070
1994.101 1137.876
2003.617 1194.645
2044.385 1254.216
1900.352 1161.767
2054.385 1063.855
1903.650 1088.260
1887.699 1273.204
2007.569 1140.897
1892.927 1117.514
1896.807 1116.057
1870.396 1174.488
1860.344 1182.188
1825.944 1094.068
1859.972 1283.983
1851.603 1173.646
1945.343 1051.854
2003.848 1065.086
1981.649 1256.875
1971.317 1237.939
1958.360 1113.475
1971.930 1075.705
1888.713 1198.124
2025.791 1060.808
2027.150 1142.656
1963.198 1191.368
1902.198 1153.944
1812.520 1272.664
1886.566 1125.182
1848.687 1253.793
1908.454 1253.909
1848.110 1254.312
1844.276 1128.321
1906.527 1157.727
2039.245 1288.356
1947.966 1262.829
1916.244 1279.913
1881.487 1191.023
1967.355 1284.896
1994.666 1181.992
1989.769 1148.858
1822.111 1221.778
2013.342 1052.418
1851.882 1119.884
1857.509 1117.421
1924.132 1143.429
1830.870 1285.579
1872.629 1054.117
1821.769 1091.347
1937.157 1166.798
2049.780 1118.187
2001.026 1199.627
1946.787 1058.076
1978.068 1242.678
1895.823 1281.488
1853.572 1170.686
1958.167 1085.591
1884.373 1151.674
1888.956 1248.502
1854.626 1131.576
1839.149 1257.070
1877.461 1152.084
1934.035 1199.348
1846.095 1240.540
1860.034 1196.115
1933.296 1174.625
1910.001 1104.944
1976.434 1133.949
1915.809 1128.413
2007.050 1119.163
1829.610 1175.934
1912.574 1131.457
1904.042 1203.334
1841.943 1131.414
2008.261 1278.690
1899.011 1131.045
1846.844 1160.754
2012.202 1105.572
1896.043 1269.734
2007.026 1098.440
1886.865 1116.464
1941.020 1098.549
1812.203 1285.528
1836.791 1230.315
2010.065 1273.684
1961.181 1252.105
1996.420 1072.464
1851.423 1226.019
2046.705 1140.412
1989.325 1187.585
1906.666 1212.924
1839.407 1099.096
1950.852 1291.574
1882.559 1078.223
2006.980 1053.192
1948.480 1206.983
2045.574 1158.834
2025.720 1213.240
1978.808 1260.165
2024.115 1262.289
1955.310 1240.841
2036.388 1087.743
1923.477 1088.397
1979.360 1084.620
1808.735 1228.690
2010.962 1172.404
1879.487 1253.551
1806.907 1173.355
2054.340 1299.445
1908.595 1278.722
1881.260 1132.675
1968.292 1232.594
1847.938 1235.603
1860.043 1278.702
1859.934 1292.158
1890.711 1281.355
2009.482 1190.964
1806.025 1255.791
2049.754 1253.581
2001.901 1155.578
1952.184 1285.200
1924.800 1069.494
1930.958 1281.523
1981.184 1246.022
2001.315 1223.839
1973.835 1094.243
1949.593 1142.764
1982.088 1270.155
1947.800 1092.016
1839.780 1188.852
1870.501 1175.196
1902.346 1291.759
1982.584 1239.047
1875.899 1283.164
1884.310 1093.939
1887.365 1111.784
1812.581 1080.551
2028.860 1208.149
1958.987 1249.918
1859.530 1154.595
2037.481 1192.763
1869.003 1074.401
1888.229 1221.761
2040.198 1083.997
2018.877 1286.619
1819.754 1186.746
1991.119 1071.331
1849.539 1207.915
1937.137 1234.752
1875.840 1287.415
1861.134 1278.586
1993.472 1198.208
2053.663 1132.048
1890.529 1141.511
1828.949 1197.451
2050.455 1119.466
1922.330 1276.326
2048.435 1173.229
1961.052 1168.553
2043.952 1050.976
1961.613 1065.921
1915.223 1110.526
1959.640 1293.133
1966.168 1122.125
1963.529 1091.743
1920.675 1183.718
1866.299 1256.856
1966.311 1208.603
1805.947 1296.197
2013.926 1218.093
1904.389 1234.440
2026.418 1240.542
1998.602 1268.263
2012.721 1079.715
1811.969 1261.057
1854.536 1235.932
1823.623 1156.144
1851.860 1222.604
1866.202 1186.987
1813.625 1200.412
1957.745 1131.571
1950.030 1113.768
2048.544 1240.012
1862.261 1090.512
1822.645 1147.491
1890.271 1057.291
1981.391 1242.676
1909.303 1176.285
1929.369 1079.719
1973.404 1182.354
1899.374 1175.195
1963.463 1235.529
1882.058 1272.234
1862.479 1241.955
1879.355 1109.958
1891.815 1172.490
1977.914 1273.766
1854.482 1251.058
1934.975 1246.157
2020.357 1246.118
1995.768 1096.449
1925.717 1212.877
1849.719 1250.624
1874.366 1122.757
1853.116 1228.970
2051.358 1274.440
1813.963 1093.706
1964.723 1263.664
1960.845 1189.244
1897.540 1227.063
1978.256 1098.035
1859.363 1288.355
1879.398 1191.259
1997.204 1244.435
1890.617 1136.982
1832.834 1088.192
1937.985 1125.831
1912.090 1289.015
1941.908 1110.269
2000.412 1202.808
1833.957 1177.971
2042.334 1199.059
1931.882 1151.606
1813.423 1061.081
1973.660 1260.995
1934.143 1184.537
1832.892 1223.481
1900.191 1195.660
1986.999 1060.327
1868.385 1116.267
1998.082 1097.512
1958.757 1052.164
1839.793 1090.290
1899.563 1276.062
1949.175 1241.501
2006.035 1051.051
1987.515 1239.332
1980.591 1071.316
2003.412 1285.992
1859.232 1147.833
1970.491 1183.687
1819.314 1074.710
1859.591 1274.987
1812.805 1242.715
1895.355 1276.367
1830.354 1170.198
2054.762 1081.451
2026.668 1053.046
1888.822 1088.317
1859.974 1243.263
1974.419 1055.604
2078.204 931.453
2142.823 957.529
2182.567 933.203
1942.875 929.812
2079.433 1094.348
2160.636 1028.833
2079.863 1044.725
2007.626 1115.287
2077.713 1034.386
1957.751 1107.092
2080.860 936.056
2000.923 1031.748
2067.400 1059.295
2039.326 963.167
2025.875 1005.099
2075.112 1027.013
2067.113 940.713
2012.046 953.788
2163.065 1130.587
2091.360 1089.039
2061.774 1170.456
2160.389 934.130
2084.373 1146.604
1961.195 1042.206
1994.875 1086.300
1945.219 1043.803
1988.170 1029.127
2027.244 1015.961
1982.199 1113.299
1990.499 931.186
2110.249 1081.578
2052.241 1005.731
2036.573 1080.818
2073.466 1156.722
1955.702 1034.961
2025.628 972.860
2188.444 1000.629
2126.133 952.363
2113.489 1006.009
2129.277 1124.719
2188.395 974.888
2106.057 994.033
1994.769 1005.364
2154.146 942.243
2066.836 1061.359
2175.823 1154.239
1982.504 1101.177
2156.328 941.852
1960.309 935.297
1945.879 989.075
2039.187 1041.253
2097.522 1040.166
2042.280 1113.676
2004.269 1138.339
1979.986 1116.786
2167.896 1078.218
1966.818 1097.341
2121.830 943.370
2074.937 954.199
1985.880 1106.412
2101.445 1173.113
2102.054 933.194
2033.231 999.068
2044.513 1171.368
2046.391 1006.161
2033.451 1004.577
2116.661 1014.851
2002.679 971.364
2160.668 1035.873
1963.566 990.460
2183.561 1011.249
2186.180 957.061
2149.153 1091.931
2031.395 975.194
2089.049 1036.149
2188.693 1039.777
1979.509 1010.310
1975.794 973.368
2013.848 946.153
2114.627 947.566
2024.495 1022.393
1974.098 1130.483
2133.163 984.976
2110.386 1169.376
2103.950 1067.227
2087.132 927.622
2141.962 932.435
2056.076 1137.194
2009.079 1047.377
2078.165 1152.135
2122.522 1019.675
2092.547 1007.759
2051.206 1022.601
1970.619 1095.951
1947.970 1008.402
2188.128 960.573
2128.576 1107.183
2057.360 1143.908
2157.372 986.114
2011.688 1052.282
1979.138 1128.146
2148.888 1139.748
2113.254 999.835
1972.909 1019.797
2134.390 1108.844
2087.350 970.238
1973.273 956.346
1981.092 1152.140
2073.596 996.059
2133.444 1040.843
2077.669 1067.857
2005.422 1036.247
2171.265 1051.343
2044.733 1013.292
1942.756 1037.889
2095.196 930.838
2061.432 926.076
1990.049 938.806
1976.505 1003.042
1965.879 993.702
2149.545 1025.894
1971.668 1111.225
2065.315 982.605
1968.275 954.519
2077.373 1053.018
2040.645 1090.495
2145.961 1157.797
1984.545 1168.417
2034.541 1163.535
2008.808 1083.542
2039.595 1125.122
2126.066 989.331
2057.825 1032.589
2076.471 946.863
2072.467 943.447
2144.439 969.407
2119.570 977.984
2078.423 926.111
2035.707 1074.918
2071.345 1029.912
2177.042 972.084
1958.203 1012.178
2057.283 1022.319
2155.444 1064.090
1951.577 1115.125
2172.980 979.787
1973.476 1157.897
2161.644 1157.624
2044.083 1045.201
1951.223 947.119
2134.568 1095.816
2001.592 964.423
2127.922 1004.821
2117.030 1118.934
2114.889 956.877
2165.665 1022.365
2159.758 1101.233
1993.895 1014.691
2089.328 1072.025
2175.180 1042.346
2038.535 1074.302
1978.979 1166.298
2098.257 1118.757
2159.781 1009.573
2153.283 1079.800
2119.880 954.788
2089.167 1012.585
2105.962 1094.904
2048.577 1032.645
2152.644 1099.469
2053.618 1109.481
1969.202 1094.591
2092.207 1124.617
2015.583 924.350
2071.026 1007.330
2126.228 1044.170
2153.060 1050.143
1958.113 1029.799
2183.326 1149.323
2189.422 952.048
2179.041 1137.359
1964.693 1168.917
2022.064 935.149
2030.209 1165.814
2122.499 1039.862
2145.549 1140.492
2137.052 1061.366
1988.016 1121.573
1981.051 1025.815
2190.819 976.739
1995.597 1129.866
1942.946 1089.910
2039.842 1067.333
2057.086 1099.376
2042.780 1018.199
2119.363 1109.477
2105.391 1036.486
2012.143 1131.496
2093.600 959.452
2100.024 1135.001
1972.515 1061.541
1992.387 1072.303
2140.886 1088.748
2057.558 1031.473
2181.834 1086.023
2104.394 937.325
2083.812 992.893
1967.302 927.795
1966.661 1171.770
2027.480 934.594
2089.922 1014.940
1979.710 1097.374
1957.082 999.889
2174.085 1160.994
2027.789 1129.359
2148.023 924.392
2079.140 1095.550
1971.997 928.579
2089.435 1136.407
1985.028 941.203
1956.259 1054.183
2014.234 1062.535
1991.589 1144.042
2104.148 1119.139
1964.996 1042.794
2015.444 1120.126
2077.944 960.742
2121.485 973.551
1945.487 1099.574
1976.988 1051.524
2049.369 1089.751
2103.489 1172.591
2169.141 1069.222
2088.378 1153.112
2045.647 965.922
2174.177 952.083
2140.462 1161.131
2083.617 945.989
2094.592 940.065
2169.490 1102.333
2071.716 996.731
2154.249 963.477
1982.520 975.021
2048.697 986.930
2114.432 1151.242
2129.006 1089.776
2054.580 932.589
2111.067 1041.744
2138.021 1028.972
2142.788 1167.550
2088.638 1071.355
1980.584 1044.862
2094.853 953.822
1962.392 1032.930
2131.031 1013.176
2161.560 982.803
2026.356 1078.283
1997.531 1000.663
2117.016 1083.125
2072.797 959.512
2149.428 1015.536
2173.912 1102.390
2169.499 923.962
1948.108 1100.486
2086.452 987.624
2122.624 967.441
2099.188 1134.344
2113.509 1145.626
1967.734 1172.050
2005.902 1142.351
2113.151 997.845
2046.085 942.560
1958.171 1144.721
2013.498 1099.182
2069.892 1125.492
2060.882 950.266
2050.934 1093.542
2181.286 1014.329
1998.787 958.827
1994.733 1052.736
2084.015 1171.729
2147.908 965.733
2006.943 1003.801
2059.830 1071.638
2177.431 1150.229
1997.159 1159.716
2150.033 1012.696
1986.956 1004.310
2012.393 1065.575
1967.088 1019.225
2139.450 1058.577
2114.865 1104.272
2096.981 950.866
2077.995 964.214
2018.381 965.598
1987.544 934.782
1969.094 948.679
2135.332 964.179
1943.009 972.784
2129.782 996.521
2120.624 978.298
2168.441 1006.132
2085.750 1040.611
2155.676 1037.503
2014.310 1043.790
1983.100 1072.899
1971.916 983.732
1942.388 1160.071
2111.347 1081.366
2030.813 945.612
1980.110 1063.911
2024.902 974.995
2004.693 1062.516
2061.461 972.220
2048.976 1055.820
2016.634 962.853
2175.767 1089.541
1996.192 994.241
1982.052 955.703
2155.947 1006.439
2075.896 994.546
2139.278 1079.463
2052.488 1027.454
2149.506 1056.246
2148.505 980.018
2021.548 1093.210
2086.442 1057.081
2182.821 945.416
2049.620 1023.079
2138.462 1146.083
2110.612 963.475
2047.553 1018.474
2113.143 938.030
2172.080 1133.077
1992.592 1168.506
1971.421 1127.140
2026.305 1121.511
1964.130 1148.499
2037.718 928.653
1946.174 1010.433
2019.988 1037.311
2049.282 924.104
2087.621 1137.548
2012.542 960.080
2157.181 983.965
2026.241 1046.074
2113.258 927.127
2042.930 1164.870
1978.825 1003.179
2004.717 1014.224
2056.442 1133.216
1956.744 1120.644
2135.028 932.230
2176.907 985.563
2099.791 994.154
2057.611 1011.491
2100.165 1147.527
2049.529 959.424
2123.166 1100.259
2148.671 990.672
2026.191 1085.231
2165.875 1108.532
2061.979 1106.451
1999.343 1037.936
1950.386 993.581
2015.354 963.860
1988.919 1167.476
2137.215 1136.035
1958.127 995.107
1991.713 930.748
2050.628 1038.437
2012.088 968.393
2063.915 1121.506
2148.985 1130.159
2069.630 1090.115
2107.260 1121.401
2135.370 961.616
1986.656 1128.523
1997.100 1068.799
1969.245 980.690
2125.607 1099.940
1989.612 1100.808
2052.677 946.562
2068.883 970.277
1988.278 1028.808
2095.286 936.692
2088.369 1102.128
1943.986 1146.240
1969.472 1010.353
1989.624 1003.177
1962.685 1173.528
2066.537 1047.353
2002.970 1024.905
2000.362 1155.843
1946.270 1101.086
2066.695 1170.186
2046.019 1163.284
2039.876 1105.990
2092.871 1034.723
2091.651 1122.604
2015.159 1081.980
1999.102 1119.319
2177.354 941.474
2070.982 1022.467
1991.110 1128.638
1945.860 1120.221
2077.671 1125.819
2166.294 958.511
2169.672 1076.382
1969.192 959.033
1970.609 1041.877
2013.875 1106.905
1971.326 1051.000
1949.119 940.838
2068.765 1097.394
2102.053 943.016
2059.797 1082.256
1995.039 1008.926
1965.011 1120.526
2014.799 1058.964
2125.399 1050.085
2040.224 1071.713
1955.079 1076.480
2085.459 1129.047
2009.280 1024.216
1955.465 995.087
2022.539 972.648
2008.741 995.711
1993.522 1042.461
2121.483 954.895
2184.458 1062.836
2013.510 1012.853
2152.061 938.877
1973.957 993.018
2091.874 1038.605
2114.400 1036.927
2027.765 1091.931
2132.893 1102.286
2077.108 932.180
1945.652 967.952
2066.699 989.837
1996.398 1095.078
2064.747 1052.972
2127.852 1042.615
1954.727 1078.262
1962.620 975.784
2173.267 1016.618
2150.480 975.903
2039.207 986.396
2185.271 1005.391
2110.784 984.386
2007.912 964.687
2117.633 1120.640
2027.876 1130.749
2144.122 1126.347
2059.349 1026.513
2024.044 1015.574
2071.271 968.600
1977.389 1127.383
1965.602 1155.517
2157.645 1017.933
1984.541 1115.288
2155.064 1101.164
1941.674 1165.978
1963.652 945.331
1998.104 1172.036
1978.250 1054.652
2017.867 969.939
2163.121 1162.346
2066.222 1038.443
1962.851 1101.064
2142.477 1016.811
1959.418 950.145
1997.404 1032.246
2173.879 1118.382
2040.027 1127.972
2186.444 1143.535
2032.154 1126.979
2070.225 1136.439
2132.508 1142.335
2156.043 1025.638
2036.911 1165.579
1946.042 1066.266
2047.224 1012.789
1973.875 992.425
2101.526 1002.121
1950.619 998.872
1999.799 999.741
2133.561 1062.621
2058.774 1032.129
1968.327 1094.230
2090.334 1159.116
2072.672 1039.280
2185.258 1061.932
2040.339 933.767
2081.637 968.058
2150.741 1108.684
2029.490 1166.622
2145.629 1008.495
2056.724 1016.829
1983.015 1051.851
2141.542 1044.042
2067.315 1063.215
1996.687 970.976
2164.034 1008.870
2006.399 1148.932
2103.527 952.392
2080.180 1100.234
2080.723 1120.847
1992.863 1099.078
2012.711 1065.714
2080.398 1027.522
2049.763 980.207
2070.106 991.321
2046.319 1111.961
1980.308 962.771
2150.455 945.448
1986.736 1069.092
2027.825 1108.651
1945.286 1144.122
1971.719 1012.122
2181.615 932.737
1970.602 1034.652
2091.270 1171.089
2026.412 1007.651
2169.190 1075.355
2025.855 1093.081
2063.265 944.979
2067.403 955.554
1988.537 948.796
2092.946 976.043
2171.159 1002.593
1984.683 985.798
2085.834 1129.584
2035.224 1004.788
2156.837 924.091
2105.573 946.219
1981.590 1044.272
2015.058 1156.657
2042.056 1119.795
1957.116 1123.939
2153.976 1139.078
2047.156 956.541
2026.304 1129.800
2148.768 947.172
2119.822 969.512
1988.217 1151.231
2134.628 1113.751
2033.217 1027.627
2170.024 932.285
1986.868 986.035
2159.224 1129.212
2191.066 1076.135
2087.985 997.917
1970.430 1092.301
2139.372 1137.726
2109.981 933.831
2130.928 1149.294
2057.802 1125.644
2106.669 936.978
2148.212 1091.650
1986.150 1160.069
2076.019 1096.841
2177.085 1076.013
2145.112 998.214
2128.588 1061.342
1993.660 1143.238
1959.571 1124.993
2054.700 941.981
2073.905 1101.732
2005.938 983.889
2173.067 1075.085
1962.854 1010.010
2002.752 1094.879
2087.878 1086.351
1971.636 966.037
2136.154 989.691
1983.216 982.806
1994.809 1006.040
2112.561 1023.551
2154.142 1108.345
2089.957 1122.202
1999.012 1023.562
2036.129 970.383
2036.642 1142.173
1959.234 1074.554
2121.673 1049.806
1951.522 1097.246
1982.344 1109.068
2157.633 938.275
2071.605 1150.106
2135.186 1001.436
2071.321 955.644
2160.941 1165.111
1974.363 1114.417
2152.406 1095.047
2107.456 950.787
2023.315 1094.249
2108.828 1150.287
2032.946 1043.157
2070.150 1156.347
2018.179 1170.776
2071.667 1079.158
1986.667 1152.399
1945.703 967.924
1951.490 1164.140
2142.411 1171.183
1962.531 1048.285
1980.092 977.904
2165.726 1120.322
2120.237 952.794
2083.832 1008.123
2022.699 931.276
2033.263 1007.874
1945.111 1022.197
2026.354 960.313
1971.068 982.250
2167.602 977.656
1961.590 1043.318
1955.145 1062.360
1989.054 1115.491
2163.217 1138.337
1972.499 1122.442
2032.502 1036.415
1990.388 964.454
2084.503 1075.048
2052.086 928.997
2053.408 929.999
2128.194 953.256
2104.702 1111.234
1991.367 1071.416
1980.569 1129.047
2068.768 1131.149
2030.157 1002.664
2157.757 971.643
2160.132 1045.464
2049.749 1082.426
2127.985 1083.420
2010.172 1129.897
2191.030 936.912
1965.769 1133.489
1969.911 1033.877
2131.185 1063.967
2168.864 944.423
1967.006 1084.318
2167.051 1109.485
2148.035 1129.881
1960.082 984.383
2082.246 991.805
2128.649 1140.380
2162.666 1017.314
2060.174 1109.166
1995.618 956.839
2060.396 1132.715
2164.595 1105.366
2158.126 1077.154
2012.414 991.877
1956.235 1159.045
2097.680 1062.132
2164.658 1112.689
2084.514 1128.857
2166.919 1138.156
2151.382 971.931
2131.215 1109.022
2017.616 1166.068
2178.377 987.691
1961.393 1033.332
2145.226 991.775
2035.504 926.322
1949.871 1157.220
2190.427 1140.754
1977.081 1074.833
2064.806 1034.050
2153.651 957.730
2078.117 1015.048
1999.094 1158.712
2099.562 1050.991
2076.476 1166.861
2103.779 953.165
2001.183 1140.363
2094.167 1121.613
2179.243 963.312
2066.328 1059.033
2057.805 948.360
2137.981 1078.558
1979.598 1135.428
1969.014 1144.856
1957.445 1084.499
2093.814 1039.235
2150.672 996.784
2015.775 1011.607
2183.629 1003.511
2057.784 1147.692
2029.872 1071.383
2045.810 963.820
2028.105 1005.837
2042.406 989.856
2079.727 968.819
2124.881 1157.684
2178.384 1077.428
2014.170 1111.307
1994.801 1053.565
2180.751 1004.228
2096.954 1172.761
2147.500 945.497
2129.145 1007.286
2110.462 1073.357
2118.914 1031.585
1982.344 1167.914
2026.733 1165.599
1998.584 988.537
2171.311 967.934
2049.792 1107.186
2131.815 1042.340
2038.747 957.026
1986.916 1107.713
2105.361 1091.775
1974.522 1015.012
2114.503 1091.240
1983.758 970.555
2129.873 1019.359
2019.154 1088.226
1956.791 944.537
2174.550 997.746
1976.699 969.538
1993.377 1054.152
2070.511 924.862
2134.025 1143.144
2162.716 992.806
2131.237 1072.041
2078.066 991.350
2071.899 988.630
1947.550 1172.839
1960.006 1040.375
2019.182 954.186
2069.176 942.998
2166.381 1025.706
1955.675 1152.888
2180.767 1104.278
2049.364 1007.643
2110.053 977.810
2002.257 1109.975
2055.947 1079.827
2014.100 1050.237
1970.343 930.287
2096.724 1146.148
1982.817 972.633
2066.783 926.044
2117.789 1110.675
2006.351 1090.366
2070.457 1050.906
2029.630 1131.241
2001.166 994.972
2066.669 1136.691
1998.771 983.411
2107.682 1172.686
2135.723 1090.558
2116.510 1070.491
2118.070 998.055
1965.217 1014.501
1958.146 1142.748
2034.047 1169.856
2031.321 1080.842
2178.970 1089.561
1965.880 985.975
1965.602 1158.576
2099.807 1101.130
2002.018 1103.814
2054.844 965.388
2120.201 1118.804
2189.381 1124.648
2045.555 1127.223
2011.395 937.790
2002.697 1047.375
2124.816 1123.488
2156.662 1012.834
2065.131 1086.437
1974.099 1076.007
2110.297 1053.257
2172.388 1046.355
2182.295 992.764
2138.012 975.530
2117.166 1001.265
1942.686 1013.978
1987.175 1137.130
2038.388 1101.711
2147.194 940.137
1978.011 1006.426
2185.902 1151.484
2026.060 1123.489
1995.374 1140.268
1974.111 1000.212
1971.574 1058.210
2138.011 1021.278
2156.912 1017.875
2179.158 930.187
2144.570 969.365
1946.959 1117.843
2100.411 1015.884
2047.510 1132.639
2173.890 1070.859
2152.791 997.136
2012.221 1123.880
2007.715 1144.411
2122.772 1104.421
2151.063 1050.022
2113.250 1087.811
1966.823 998.088
2117.559 1170.854
2031.152 1152.360
2066.934 962.918
2023.374 1165.410
2148.818 1030.120
1999.418 1145.081
2121.677 939.198
2160.803 1016.789
2108.686 955.144
1943.610 1156.691
2108.102 1001.260
2004.055 950.408
2050.312 972.573
2178.748 941.044
2150.026 1121.877
1988.132 1093.089
1989.992 1167.452
2064.666 1046.165
1968.643 959.383
2189.185 963.892
1956.797 1122.894
2066.285 1112.626
2174.611 1095.040
1953.494 1006.220
2000.956 934.581
2120.532 1093.323
1992.506 1132.692
2175.932 955.767
2044.379 1008.232
2043.595 1090.989
2130.232 994.806
2125.324 989.356
2118.465 1000.193
2085.457 1068.825
2112.727 1020.048
2179.410 1103.101
2143.021 946.258
1986.396 941.944
1971.675 1113.833
2009.439 1136.347
2012.327 1008.675
2045.647 1105.752
2161.194 1102.303
2079.881 935.344
2180.502 983.766
2031.442 1062.356
2175.058 1118.093
2062.054 949.378
2028.109 980.536
2102.844 1082.017
1982.620 1133.757
2041.603 1088.692
2139.714 1168.585
2057.060 1071.242
2016.611 1088.434
2081.845 1043.726
1979.666 1058.346
2178.917 1016.991
2055.130 1136.527
1952.782 1129.779
2183.395 1165.548
1944.538 1039.287
2098.049 929.275
2157.789 1007.082
2149.537 1129.293
1976.864 1047.568
1941.704 1080.923
2045.503 978.153
2076.512 1168.225
2132.195 939.949
2163.645 1082.488
2152.868 1036.149
1951.711 1009.914
1973.440 992.801
1977.529 1166.942
1956.890 1080.027
2030.067 967.260
1995.579 981.977
1948.561 953.139
2116.021 1070.575
2118.679 1046.895
2153.655 971.768
1946.467 1089.564
2090.242 949.129
1968.983 932.545
2148.889 1169.750
2179.543 1019.827
2167.585 1021.374
1971.252 970.059
2187.987 1147.959
2040.309 1139.907
1959.535 1030.472
2147.653 997.884
1979.996 1021.095
2119.612 1137.143
1989.544 1043.172
2190.088 939.970
1954.460 1001.928
2171.986 929.480
2138.930 962.607
2044.182 1049.561
2138.096 963.292
2024.857 1046.863
2145.525 927.074
2009.651 1039.055
1980.612 1169.529
1990.284 1060.931
1945.756 959.813
2027.035 969.044
2069.134 1137.201
1989.963 1015.329
2072.187 1107.192
2083.736 1108.103
2154.141 1104.007
2186.893 967.458
2055.480 954.399
2165.440 1054.025
2161.498 1093.738
2162.248 996.733
1968.192 1040.786
2009.436 958.339
2024.683 1127.552
1975.418 1129.403
2052.644 1034.230
1978.358 984.748
2059.937 1002.255
2054.101 1051.223
2063.410 1106.374
2080.923 961.288
2060.719 928.563
2053.084 1008.451
2043.171 938.215
1996.060 990.180
1982.180 957.915
2171.292 968.151
2133.138 1064.338
2108.275 1037.278
2184.866 1136.075
1965.064 1138.903
2057.657 1047.292
2021.963 943.832
1942.626 1108.204
1984.709 1026.745
2087.616 1116.033
2087.772 1072.864
2187.981 1134.269
2104.847 1125.874
2106.882 1094.473
2150.376 987.736
1951.054 991.006
2055.620 985.360
2150.867 1070.582
2159.764 1095.277
2007.939 972.066
1978.645 1009.923
2006.054 1159.665
2023.509 1088.445
2059.036 1122.455
1988.512 1164.381
2028.261 1110.201
2183.386 1037.911
2128.327 1152.660
1955.576 991.586
2123.117 1165.123
2080.226 1055.664
1990.353 1019.077
2133.388 957.326
1997.592 1014.614
2166.544 968.232
1960.925 949.804
2168.924 927.423
2085.494 1011.734
1998.282 1165.444
2159.233 1146.194
1969.056 982.204
2022.490 1169.093
2105.616 1133.975
1970.361 1116.617
1949.098 1086.835
2081.522 1058.521
2172.885 927.502
1944.141 1100.059
2015.838 964.874
2001.273 930.515
2080.181 1027.737
2067.364 1171.490
1997.992 983.875
2138.313 1023.723
2169.700 980.182
2025.602 1005.938
1980.469 988.291
2114.166 1005.530
2158.666 1114.559
1982.879 1138.634
2115.059 1159.685
1995.515 1138.465
2053.437 982.522
2136.186 1147.412
2109.294 956.149
2049.331 958.534
2152.967 1139.606
2127.067 1030.897
2125.498 1139.007
2168.052 1166.573
1964.504 1104.628
2059.462 1032.790
2134.569 1140.361
2009.695 1171.521
2065.799 1023.266
2159.020 987.640
2085.454 978.150
2132.539 1064.409
2085.565 1032.773
2068.965 980.750
1974.500 991.573
2157.532 1038.145
2183.730 1156.946
1961.966 1132.358
2023.999 939.738
2127.041 957.203
1967.144 1006.308
2174.828 1090.198
2063.667 1092.048
1963.817 1085.907
1982.148 1086.554
2095.430 1162.791
2063.522 974.550
2027.480 1107.854
2077.953 1168.378
2080.748 1040.657
2126.736 1014.757
2148.668 1019.158
2188.523 1044.161
2090.405 943.233
2051.282 1039.490
2115.664 1055.341
2032.838 1010.134
2059.699 1011.193
2000.050 1040.716
2005.246 1159.322
1963.865 1000.519
2100.720 1148.561
2043.450 1000.964
2187.946 993.336
2177.240 1049.508
2154.294 1108.813
2146.077 941.488
2053.744 973.772
2148.787 1087.165
1993.749 1021.601
2016.146 1094.795
2090.420 1078.768
2098.119 934.680
2095.299 1103.111
1980.862 1028.642
2037.958 1008.756
2141.042 1107.298
1983.562 944.007
2158.740 1079.560
2153.342 1083.233
2036.674 1171.509
2138.821 970.328
1976.131 1161.130
2055.568 1005.401
1993.576 1082.948
2062.205 1033.465
2173.704 1055.898
2042.489 1171.059
2142.013 968.893
2170.259 1069.703
2171.102 1040.572
2149.559 1031.733
2055.150 1138.183
1949.164 1406.863
2006.842 1403.599
1991.436 1369.160
1887.805 1371.759
1918.271 1501.812
1898.176 1329.916
2003.220 1380.344
1833.346 1284.507
1860.430 1479.079
1986.318 1297.975
1863.959 1259.046
1808.619 1404.142
1908.334 1410.042
1819.872 1256.021
1929.856 1295.253
2005.582 1300.172
1885.230 1427.613
1943.287 1404.875
1999.722 1349.441
1927.040 1403.739
1833.349 1296.589
1913.894 1458.976
1985.942 1459.709
1794.379 1451.932
1999.095 1326.937
1934.733 1304.940
1869.177 1441.896
1956.085 1281.832
1864.860 1389.442
1769.367 1345.211
1778.012 1343.485
1808.659 1346.156
1940.849 1324.556
1920.555 1469.136
1989.262 1265.840
1884.686 1314.952
1932.558 1263.727
1891.002 1454.083
1901.977 1500.464
2003.941 1357.186
1771.780 1385.616
1948.181 1271.341
1769.525 1392.021
1817.170 1390.542
1992.283 1461.215
1788.097 1313.542
1993.641 1481.033
1812.369 1331.318
1995.596 1465.212
1811.058 1380.269
1900.340 1268.509
1784.813 1449.814
1936.223 1348.832
1873.847 1282.667
1958.453 1494.438
1987.172 1409.857
1790.612 1394.599
1954.267 1398.540
1949.089 1286.707
1906.122 1376.939
1947.785 1431.364
1771.030 1430.177
1806.522 1481.645
1924.956 1272.917
1925.278 1421.343
1875.497 1270.580
1859.361 1282.266
1812.645 1341.144
1792.416 1315.557
1895.022 1285.820
1840.074 1274.416
1885.397 1484.187
1822.602 1330.529
1972.886 1352.090
1845.247 1343.855
1804.270 1407.928
1867.742 1393.474
1817.592 1294.202
1993.727 1355.162
1967.797 1450.029
1773.272 1398.973
1861.954 1344.007
1836.401 1471.254
1980.133 1429.876
1887.652 1438.934
1789.970 1421.055
1982.836 1426.612
1834.859 1448.797
1917.486 1335.986
1814.777 1482.297
1949.406 1273.893
2001.111 1447.054
1800.543 1309.952
1947.520 1394.622
1832.399 1415.280
1896.605 1319.346
1771.839 1280.359
1892.685 1290.080
1938.720 1406.886
1963.390 1450.373
1810.948 1440.965
1821.121 1262.988
1928.771 1407.392
1893.134 1488.566
1801.676 1400.047
1806.853 1326.206
1964.962 1279.014
1917.007 1449.882
1837.807 1314.102
1994.094 1277.381
1938.594 1319.290
1810.311 1263.252
1928.095 1495.580
1845.692 1470.573
1992.293 1352.042
1857.445 1473.905
1970.087 1353.328
1901.889 1256.769
1999.164 1424.752
1766.534 1332.460
1913.407 1422.822
1962.583 1355.583
2005.099 1266.170
1965.581 1378.582
1904.230 1491.011
1861.797 1358.031
1973.371 1336.708
2002.897 1413.115
1765.605 1419.081
1977.237 1462.304
1923.130 1313.460
1951.266 1408.993
1930.360 1381.016
1777.439 1321.607
1778.669 1303.626
1802.304 1398.165
1970.512 1469.158
1962.631 1353.670
1909.669 1255.867
1924.772 1473.938
1820.239 1439.148
1965.698 1362.243
1984.952 1446.876
1936.664 1279.008
1887.985 1482.028
2002.525 1297.027
1778.896 1334.782
1825.320 1369.199
1835.345 1259.615
1765.035 1441.434
1801.693 1338.017
1870.052 1454.316
1880.354 1295.836
1866.213 1282.756
1801.314 1451.606
1782.192 1303.864
2003.788 1307.880
1811.930 1346.456
1921.376 1255.765
1804.311 1461.955
1949.744 1445.062
1793.041 1324.934
1980.271 1383.061
1928.390 1343.027
1991.688 1266.654
1852.489 1284.578
1988.655 1388.384
1990.797 1302.612
1769.862 1378.987
1979.450 1477.898
1790.231 1467.438
1979.053 1269.179
2000.129 1421.623
1954.074 1269.492
1900.844 1321.762
1880.797 1403.415
1863.218 1428.342
1913.117 1270.046
1858.053 1425.443
1873.833 1405.670
1990.607 1381.865
1893.004 1426.623
1974.559 1461.853
2002.396 1503.281
1983.074 1485.250
1979.615 1392.881
1759.072 1381.777
1898.118 1503.245
1861.355 1373.157
1821.737 1437.923
1982.458 1288.719
1948.344 1353.013
1935.674 1362.992
1841.404 1445.787
1998.316 1431.355
1968.799 1334.118
1950.188 1404.506
1908.544 1278.874
1884.578 1352.229
1783.221 1481.968
1767.507 1332.343
1870.913 1409.699
1777.863 1351.545
1798.313 1299.057
1887.382 1437.809
1913.123 1259.020
1867.485 1396.788
1902.230 1396.297
1902.890 1500.840
1822.264 1503.247
1932.639 1334.817
1955.992 1255.956
1983.832 1281.130
1882.733 1496.936
1841.026 1261.740
1923.897 1412.186
1785.599 1382.636
1913.361 1481.686
1759.480 1460.121
1825.121 1423.550
1982.565 1367.613
1813.847 1440.016
1818.061 1348.098
1895.538 1429.470
1932.712 1292.998
1934.139 1380.332
1830.199 1328.805
1924.622 1410.034
1919.981 1449.958
1900.139 1354.083
1788.687 1363.804
1985.751 1475.213
1909.488 1340.206
1784.642 1330.364
1913.756 1330.688
1936.706 1335.655
1765.470 1313.299
1894.224 1320.933
1896.696 1301.930
1936.874 1291.863
1794.602 1381.204
1800.065 1293.710
1833.841 1348.716
1975.325 1403.826
1816.945 1444.239
1903.483 1305.207
1858.277 1442.862
1935.512 1293.706
1941.738 1462.199
1814.072 1500.491
1985.301 1479.079
1951.000 1467.597
1962.179 1318.830
1887.508 1262.505
1927.518 1498.180
1759.050 1337.929
1920.491 1437.317
1779.868 1355.809
1806.757 1380.325
1905.424 1485.054
1757.081 1425.019
1996.434 1437.262
1764.286 1301.158
1936.822 1289.374
1970.333 1284.161
1813.839 1441.903
1885.803 1366.791
1880.914 1432.019
1831.412 1264.535
1916.395 1362.639
1804.420 1377.659
1992.815 1462.455
1961.380 1343.412
1787.111 1366.311
1975.139 1488.032
1903.426 1442.698
1939.125 1282.790
1830.036 1486.899
1788.849 1396.759
1853.022 1435.886
1822.325 1419.710
1976.189 1451.735
1883.051 1300.992
1858.622 1452.730
1791.256 1465.316
1817.234 1319.924
1904.404 1367.274
2004.616 1444.783
1815.698 1300.674
1892.258 1363.159
1944.699 1503.525
1786.758 1302.908
1769.059 1288.717
1825.467 1478.479
1996.759 1385.309
1812.700 1420.412
1761.726 1405.759
1815.648 1402.242
1816.856 1434.476
1886.534 1306.113
1976.628 1369.533
1986.314 1402.801
1981.300 1489.575
1840.481 1409.206
1865.559 1296.459
1916.106 1445.534
1927.850 1469.761
1886.905 1472.752
1758.927 1472.541
1935.022 1281.852
1883.716 1477.247
1896.384 1428.420
1771.528 1461.574
1899.287 1317.752
1767.225 1307.954
1808.070 1401.004
1993.778 1276.640
1840.842 1435.760
1917.606 1360.001
1828.386 1327.241
1831.137 1349.269
1799.455 1342.826
1960.331 1303.214
1761.234 1348.582
1902.518 1415.767
1980.691 1269.374
1823.873 1365.358
1813.344 1442.092
1996.574 1325.805
1958.309 1483.177
1852.466 1466.062
1854.308 1355.061
1933.150 1483.481
1781.349 1342.212
1895.187 1315.079
1942.309 1255.771
1849.420 1411.161
1784.701 1505.136
1903.048 1415.375
1774.153 1258.697
1792.209 1436.419
1761.322 1423.788
1882.658 1443.078
1920.182 1449.557
1848.508 1369.795
1919.932 1480.974
1830.515 1425.574
1816.183 1344.672
1890.993 1338.190
1972.769 1397.607
1793.835 1435.686
1763.079 1474.122
1841.176 1267.788
1921.118 1453.751
1770.302 1306.866
1760.843 1486.019
1860.152 1425.529
1977.691 1313.943
1785.874 1282.129
1995.104 1385.204
1989.192 1347.121
1934.488 1380.760
1898.627 1274.275
1985.817 1358.436
1986.537 1461.337
1787.744 1375.198
1912.084 1287.304
1896.072 1413.250
1925.677 1344.816
1926.073 1497.653
1916.109 1279.125
1870.091 1366.747
1820.783 1475.610
1992.795 1342.848
1852.577 1282.066
1918.205 1377.162
1830.060 1459.101
1818.637 1369.274
1869.624 1373.211
1983.986 1339.315
1984.523 1459.031
1845.718 1326.004
2005.466 1291.216
1873.981 1281.079
1928.295 1268.239
1798.510 1333.401
1984.387 1317.478
1793.220 1371.362
1988.225 1450.701
1988.829 1338.965
1894.871 1467.403
1993.824 1414.789
1832.116 1295.804
1825.144 1279.505
1837.930 1451.116
1970.578 1428.146
1934.798 1468.990
1892.440 1463.473
1868.855 1414.720
1852.869 1450.355
1766.064 1255.600
1825.057 1480.846
1917.012 1421.396
2002.108 1352.641
1944.728 1278.535
1882.364 1320.517
1943.676 1290.119
1797.757 1476.229
1911.339 1275.330
1851.853 1461.661
1772.032 1378.506
1934.258 1470.061
1923.664 1357.647
1762.171 1280.078
1850.267 1342.896
1987.120 1364.354
1992.672 1431.195
1783.977 1287.393
1872.926 1485.350
1781.824 1364.522
1908.193 1405.563
1988.603 1346.483
1863.711 1369.257
1857.475 1422.099
1946.332 1277.231
1989.042 1348.921
1919.284 1430.262
1811.546 1493.851
1757.839 1501.300
1933.754 1395.492
1914.794 1346.892
1976.964 1386.625
1940.730 1496.187
1972.036 1446.554
1827.662 1270.870
2005.863 1264.138
1820.817 1353.003
1996.823 1300.209
1996.352 1457.044
1770.990 1309.568
1762.355 1413.095
1812.167 1407.430
1950.486 1405.919
1863.564 1496.128
1939.778 1288.063
1931.612 1328.150
1776.857 1256.111
1866.265 1373.685
1983.251 1350.010
1970.235 1352.967
1874.001 1485.421
1905.422 1489.436
1834.946 1406.503
1758.814 1492.324
1960.896 1292.890
1905.306 1338.119
1860.795 1265.673
1764.657 1367.970
1761.558 1363.099
1941.497 1301.068
1993.040 1327.206
1850.682 1319.829
1863.865 1304.062
1874.272 1420.162
1914.604 1353.963
1905.895 1480.036
1940.654 1472.810
1949.271 1470.311
1972.321 1481.100
1871.325 1278.746
1833.921 1307.997
1941.097 1321.565
1892.241 1317.912
1881.100 1397.910
1894.121 1411.158
1780.076 1435.346
1938.189 1480.874
2002.955 1484.092
1909.847 1343.088
1926.439 1444.114
1996.700 1383.495
1822.325 1348.429
1957.115 1442.834
1887.852 1499.427
1947.674 1481.780
1808.591 1286.828
1930.313 1465.876
1878.341 1423.803
1777.934 1473.088
1875.633 1448.604
1883.009 1497.571
1879.873 1441.451
1896.976 1372.660
1851.159 1271.157
1831.953 1408.412
1988.215 1479.327
1973.581 1290.211
1965.737 1467.630
1846.036 1494.791
1861.182 1371.196
1988.920 1504.133
1913.657 1298.086
1887.719 1315.965
1778.943 1476.823
1832.315 1298.216
1908.339 1313.468
1966.098 1330.064
1884.445 1292.121
1850.557 1260.394
1879.282 1398.241
1898.563 1351.982
1901.478 1265.895
1966.033 1442.906
1815.752 1377.976
1971.243 1286.978
1991.757 1382.453
1914.083 1424.959
1803.550 1318.801
1929.521 1274.018
1942.021 1480.864
1883.371 1465.485
1760.328 1500.918
1905.897 1284.737
1995.258 1290.970
1821.739 1257.066
1872.368 1395.848
1937.601 1375.414
1862.627 1454.515
1988.735 1484.618
1886.424 1437.710
1836.546 1463.232
1845.463 1385.922
1827.510 1391.385
1832.358 1387.609
1855.652 1442.499
1959.530 1314.102
1776.649 1325.532
1911.065 1311.101
1960.740 1465.548
1971.234 1341.465
1804.423 1312.957
1982.540 1336.921
1932.286 1442.288
1937.319 1307.686
1885.200 1306.138
1788.504 1433.035
1944.194 1370.598
1850.323 1272.512
1847.738 1394.125
1910.061 1435.580
1816.001 1363.989
1965.873 1321.932
1854.214 1500.427
1845.822 1290.237
1770.024 1470.258
1977.315 1346.186
1975.623 1391.654
1885.140 1339.088
1884.388 1348.071
1786.101 1293.384
1766.139 1344.467
1772.605 1463.223
1973.036 1430.103
2002.466 1454.923
1757.200 1342.052
1899.914 1376.095
1860.231 1257.553
1817.879 1295.926
1890.318 1451.910
1980.691 1335.418
1824.835 1403.862
1926.740 1322.279
1782.382 1387.080
1760.503 1423.623
1916.270 1483.057
1836.815 1379.841
1968.483 1288.804
1984.555 1403.152
1809.979 1441.142
1950.748 1308.016
1789.680 1471.174
1865.370 1385.335
1846.079 1435.544
1951.859 1413.881
1993.693 1364.583
1817.597 1296.133
1793.542 1363.758
1958.953 1307.674
1991.689 1504.870
1913.875 1437.890
1962.364 1482.400
1843.614 1415.574
1878.144 1298.027
1894.121 1269.692
1984.404 1383.040
1906.514 1389.430
1857.605 1399.210
1833.653 1427.898
1983.131 1499.616
1988.151 1259.810
1967.434 1501.318
1758.692 1371.914
1919.253 1396.154
1867.796 1408.726
1879.979 1416.312
1788.532 1337.259
1955.680 1456.581
1833.266 1300.732
1896.745 1331.198
1990.146 1489.675
1960.121 1456.821
1813.696 1364.552
1960.009 1414.141
2002.223 1457.115
1950.866 1383.522
1774.496 1323.313
1849.121 1459.474
1820.276 1333.667
1992.383 1494.146
1844.310 1378.130
1908.398 1422.301
1924.326 1292.946
1963.742 1425.963
1845.484 1422.739
1876.960 1370.422
1758.795 1398.459
2006.254 1315.545
1797.271 1477.775
1853.679 1403.627
1795.566 1392.195
1894.003 1337.291
1975.857 1479.286
1758.575 1327.259
1763.218 1452.562
1962.745 1461.888
1800.298 1312.172
1893.298 1313.864
1868.924 1460.186
1867.484 1418.402
2002.061 1494.575
1854.988 1453.760
1951.499 1412.086
2003.914 1389.620
1990.878 1366.072
1856.310 1261.908
1811.608 1478.189
1993.333 1415.988
1995.882 1405.910
1781.375 1439.005
1903.742 1403.230
1784.303 1458.436
1774.502 1490.104
1951.721 1287.244
1924.216 1457.515
1963.425 1380.236
1793.476 1271.533
1867.624 1317.209
1795.117 1404.892
1840.259 1292.444
1854.906 1400.250
1846.880 1393.481
1954.711 1399.469
1897.684 1403.946
1847.470 1321.168
1913.696 1366.889
1983.261 1406.706
1966.826 1272.303
1921.747 1285.307
1911.971 1460.398
1829.042 1295.463
1961.620 1434.784
1870.337 1280.934
1897.358 1424.715
1927.728 1295.227
1812.947 1435.307
1813.778 1368.043
1924.319 1475.297
1757.074 1373.561
1831.233 1488.507
1931.953 1350.877
1878.698 1397.678
1941.009 1496.156
1852.308 1309.331
1805.709 1394.294
1778.173 1419.705
1901.063 1280.223
1976.606 1427.654
1776.542 1311.897
1910.352 1460.758
1942.133 1402.329
1997.734 1371.658
1847.327 1357.096
1958.097 1430.608
1979.701 1325.305
1979.928 1315.715
1922.282 1327.610
1876.452 1482.450
1840.794 1336.520
1946.357 1400.391
1996.235 1479.993
1823.090 1445.172
1792.339 1405.079
1935.022 1294.869
1851.737 1346.199
1921.579 1401.796
1975.166 1362.382
1884.020 1460.434
1906.034 1431.623
1924.451 1450.396
1930.978 1336.549
1781.614 1470.425
1759.705 1420.120
1907.012 1443.802
1908.361 1472.483
1759.354 1396.558
1863.754 1375.070
1761.607 1287.340
1779.137 1428.557
1868.370 1323.303
1839.845 1304.021
1922.987 1440.625
1800.294 1368.651
1893.408 1493.219
1803.613 1433.257
1852.423 1317.478
1814.009 1275.202
1801.967 1297.655
1996.710 1321.774
1868.871 1336.610
1915.278 1368.912
1986.304 1267.183
1764.379 1265.268
1984.878 1387.145
1939.413 1289.549
1785.823 1338.646
1793.895 1473.991
1885.646 1460.322
1877.509 1416.486
1865.865 1284.363
1831.135 1505.080
1995.318 1313.459
1953.299 1365.835
1925.277 1407.427
1970.703 1448.253
1852.054 1490.337
1947.308 1396.797
1974.895 1388.351
1878.872 1297.293
1781.131 1290.818
1921.447 1417.561
1924.506 1305.708
1939.825 1278.188
1962.256 1407.018
1765.665 1310.544
1892.109 1338.121
1977.708 1340.193
1921.064 1469.904
1841.085 1293.064
1918.284 1327.420
1817.022 1311.214
1832.984 1328.492
1841.424 1462.405
1815.400 1398.950
1914.183 1292.326
1761.221 1489.347
1948.648 1266.352
1901.241 1388.963
1996.455 1306.809
1789.442 1335.808
1985.870 1501.957
1833.890 1292.917
1869.619 1297.169
1892.444 1498.302
1757.485 1260.636
1997.100 1408.305
1956.973 1436.028
1953.526 1347.059
2005.852 1311.830
1908.980 1425.918
1896.818 1452.475
1944.581 1363.694
1826.615 1289.970
1959.578 1263.953
1898.977 1433.282
1939.149 1265.012
1838.955 1406.579
1907.951 1333.500
1838.039 1374.616
1912.102 1329.385
2003.597 1259.458
1881.862 1423.319
1930.548 1340.691
1829.252 1484.986
1826.767 1300.186
1847.760 1461.406
1789.707 1474.827
1932.673 1321.598
1848.239 1301.039
1799.147 1413.111
1772.057 1450.406
1824.306 1337.881
1884.482 1459.715
1977.541 1388.206
1776.187 1360.461
1873.447 1460.867
1774.866 1494.805
1813.388 1356.007
1929.289 1463.226
1940.504 1377.198
1933.738 1467.396
1844.164 1342.335
1863.031 1494.742
1890.967 1261.918
1884.834 1282.910
1911.188 1386.008
1862.984 1289.597
1812.661 1395.072
1941.556 1376.222
1993.936 1415.528
1968.617 1301.482
1949.357 1479.317
1814.197 1355.954
1902.253 1343.590
1999.788 1371.273
1838.456 1281.548
1955.990 1258.022
1847.133 1428.860
1791.900 1383.358
1874.192 1338.735
1868.464 1492.918
1845.087 1375.822
1769.604 1411.090
1951.548 1347.290
1866.008 1349.948
1992.839 1427.129
1823.938 1451.769
1860.546 1280.418
1957.386 1369.345
1908.062 1490.891
1966.779 1259.743
1963.336 1387.935
1810.741 1497.158
1784.866 1355.082
1831.468 1389.418
1844.896 1423.603
1859.359 1258.079
1936.501 1498.356
1765.361 1379.422
1848.535 1391.956
1965.348 1282.132
1884.985 1482.272
1855.003 1272.202
1981.424 1396.454
1853.960 1358.959
1773.512 1255.671
1797.768 1502.156
1773.180 1492.606
1962.667 1371.616
1782.652 1364.969
1850.902 1479.988
1843.225 1407.428
1908.803 1329.047
1938.705 1285.384
1764.118 1476.702
1915.175 1483.747
1810.968 1323.288
1913.755 1285.622
1914.838 1401.000
1776.346 1449.981
1772.696 1356.432
1936.323 1334.106
1847.517 1478.048
1786.191 1475.314
1790.627 1272.611
1927.064 1435.280
1942.002 1481.867
1859.347 1443.612
1811.104 1460.722
1974.899 1421.404
2001.235 1285.645
1863.180 1344.876
1894.417 1459.702
1782.057 1393.002
1912.120 1268.024
1920.729 1263.470
1765.668 1305.043
1840.245 1498.265
1923.666 1409.965
1915.171 1486.051
1833.409 1498.913
1808.680 1488.836
1978.087 1352.525
1982.640 1261.067
1851.617 1421.638
1994.073 1421.245
1880.501 1416.937
1984.053 1283.439
1976.274 1386.230
1804.100 1474.904
1909.469 1274.186
1927.983 1485.850
1833.700 1294.778
1843.248 1343.345
1960.974 1260.182
1848.208 1393.892
1788.489 1445.132
1809.095 1259.347
1864.619 1320.221
1826.804 1326.064
1925.257 1336.666
1948.850 1496.718
1814.564 1260.708
1921.461 1313.138
1929.779 1317.231
1977.936 1484.381
1953.027 1270.226
1899.182 1452.805
1946.230 1442.890
1825.675 1257.907
1799.718 1306.777
1782.864 1475.318
1988.471 1424.491
1893.045 1433.392
1909.127 1435.582
1988.136 1353.692
1975.872 1429.847
1849.062 1292.855
1993.345 1302.446
1781.970 1459.175
2005.538 1303.193
1898.814 1422.191
1901.103 1475.263
1941.894 1343.328
1902.947 1472.945
1924.494 1355.560
1971.205 1278.748
1889.576 1480.536
1779.784 1332.675
1874.380 1504.504
1888.960 1377.612
1813.591 1316.750
1788.879 1265.985
1816.828 1266.357
1794.448 1345.604
1989.312 1333.272
1980.725 1471.198
1900.860 1480.513
1834.669 1453.306
1795.665 1262.340
1958.944 1276.728
1890.068 1494.304
1937.358 1388.244
1837.983 1274.715
1837.732 1343.469
1808.854 1272.996
1909.098 1267.107
1929.788 1502.716
1813.000 1366.443
1933.844 1284.509
1823.715 1391.229
1831.263 1460.523
1802.645 1303.526
1794.924 1294.830
1769.500 1439.121
1934.912 1273.862
1978.923 1352.413
1980.110 1401.804
1835.360 1346.055
1786.921 1415.863
1993.914 1317.007
1806.861 1458.851
1879.305 1477.755
1856.208 1481.344
1808.687 1473.071
1848.763 1342.084
1820.274 1317.292
1797.793 1381.599
2001.174 1259.014
1927.892 1360.921
1817.788 1496.908
1986.033 1473.135
1875.747 1380.732
1933.695 1307.843
1966.381 1325.893
1823.452 1459.087
1922.352 1336.976
1770.146 1265.967
1770.476 1475.092
1887.074 1430.033
1800.614 1395.030
1997.193 1359.090
1933.160 1488.511
1982.029 1332.773
1845.264 1372.637
1973.755 1503.579
1763.379 1442.179
1927.048 1343.399
1909.379 1431.975
1804.945 1439.959
1971.198 1304.278
1863.235 1273.788
1799.059 1345.292
1957.604 1434.926
1831.671 1420.330
1954.362 1422.417
1971.965 1417.717
1906.096 1376.880
1938.568 1495.717
1838.648 1429.490
1886.191 1489.963
1944.621 1474.575
1918.055 1487.105
1820.551 1501.196
1842.388 1422.122
1864.018 1449.694
1821.558 1351.007
1881.558 1272.314
1842.835 1488.713
2001.098 1493.589
1802.244 1476.954
2005.136 1449.260
1772.093 1378.646
1979.548 1353.908
1948.394 1405.555
1928.093 1270.806
1766.911 1355.749
1895.023 1483.322
1780.528 1397.164
1855.679 1384.219
1914.590 1499.654
1918.816 1282.658
1969.137 1258.550
1943.732 1324.412
1962.287 1319.863
1772.980 1444.827
1860.077 1472.750
1992.500 1337.935
1900.916 1337.760
1811.566 1334.029
1803.552 1291.599
1971.681 1420.214
1773.266 1287.608
1762.186 1411.835
1887.103 1292.503
1804.631 1267.859
1921.039 1384.925
1987.272 1333.793
1985.363 1427.267
1843.584 1272.490
1980.678 1298.399
1977.149 1448.247
2004.451 1415.715
1807.026 1426.965
1817.628 1444.606
1919.386 1426.786
1965.855 1326.922
1931.109 1389.217
1950.368 1267.795
1877.425 1420.981
1951.130 1423.490
1893.268 1401.432
1895.738 1337.712
2005.215 1427.082
1859.114 1500.226
1795.150 1467.440
1928.933 1426.029
1792.027 1473.361
1883.200 1497.053
1948.881 1357.315
2004.728 1267.060
1937.331 1317.737
1955.439 1331.637
1760.191 1424.869
1950.078 1374.408
1994.963 1401.105
1846.205 1503.876
1807.233 1465.500
1835.378 1280.021
1896.370 1373.840
1979.691 1463.909
1832.311 1328.860
1908.581 1500.715
1845.290 1277.078
1990.526 1484.399
1950.305 1319.485
1944.035 1321.125
1972.736 1331.374
1923.439 1361.838
1937.212 1332.728
1920.228 1397.624
1955.339 1439.881
1855.474 1354.299
1991.708 1284.551
1837.751 1255.598
1834.462 1295.250
1963.626 1382.531
1960.151 1495.852
1977.981 1269.036
1867.571 1264.321
1801.565 1379.936
1762.993 1408.452
1956.175 1392.976
1840.431 1347.363
1906.729 1301.026
2006.137 1341.457
1862.796 1324.204
1964.120 1379.217
1913.627 1466.151
1877.704 1466.124
1801.012 1259.935
1933.448 1474.871
1953.385 1475.945
1763.589 1328.458
1940.147 1332.267
1913.457 1364.503
1870.047 1311.694
1977.944 1477.553
1849.089 1386.776
1955.384 1389.074
1980.932 1287.484
1817.738 1382.895
1805.946 1393.480
1859.807 1499.533
1888.365 1377.660
1988.388 1330.484
1803.977 1454.007
1925.014 1360.048
1836.271 1419.733
1759.262 1300.250
1931.011 1461.421
1893.191 1326.283
1911.934 1474.670
1790.625 1326.314
1871.813 1502.458
1904.902 1491.824
1970.329 1451.999
1784.411 1272.831
1765.667 1463.232
1995.176 1455.438
1860.963 1369.821
1945.604 1306.158
1849.390 1393.514
1907.501 1411.894
1764.647 1364.170
1820.380 1358.596
1792.346 1308.944
1777.372 1346.681
1876.260 1468.711
1983.099 1269.952
1938.380 1467.651
1766.033 1440.140
1914.183 1346.785
1971.106 1371.955
1757.192 1407.775
1903.627 1390.538
1778.556 1422.275
1807.376 1273.152
1957.292 1347.043
1833.120 1500.847
1973.360 1267.221
1932.517 1341.611
1825.603 1275.796
1998.048 1311.500
1914.352 1407.854
1969.578 1432.593
1773.604 1282.840
1981.655 1429.559
1902.963 1288.241
1777.649 1395.960
1785.273 1323.909
1902.137 1279.078
1959.580 1404.801
1836.873 1414.246
1826.442 1353.539
1767.285 1501.817
1879.957 1298.962
1925.340 1367.605
1824.107 1403.534
1780.755 1298.791
1950.357 1426.189
1761.907 1271.287
1802.985 1396.361
1854.165 1353.252
1805.057 1486.191
1979.649 1328.080
1866.542 1332.855
1970.521 1336.466
1810.079 1371.434
1760.226 1346.040
1781.488 1336.741
1869.781 1412.578
1989.319 1266.130
1821.022 1348.018
1982.495 1464.637
1909.729 1481.802
1819.924 1393.466
1945.222 1466.644
1782.212 1403.631
1819.633 1502.743
1798.597 1370.433
1836.367 1498.659
1982.085 1494.303
1869.396 1302.865
1996.544 1388.782
1844.160 1438.417
1879.987 1497.977
1799.058 1427.715
1952.234 1339.871
1929.267 1413.579
1775.803 1461.418
1870.143 1482.092
1904.978 1475.645
1902.351 1482.294
1779.743 1436.384
1780.844 1324.800
1970.918 1468.118
1861.750 1348.533
1820.272 1458.945
1847.962 1486.846
1863.138 1448.499
1760.963 1453.659
1951.567 1356.587
1876.497 1323.789
1958.762 1322.275
1874.932 1348.475
1968.264 1483.174
1945.311 1450.535
1882.302 1353.430
1840.924 1400.849
1956.755 1330.518
1836.381 1452.828
1804.918 1493.259
1822.863 1284.878
1805.161 1391.197
1792.116 1302.941
1789.787 1500.953
1874.948 1476.494
1916.490 1461.136
1760.333 1276.549
1926.560 1338.073
1808.498 1298.248
1896.546 1374.131
1911.216 1308.524
2000.243 1473.355
1901.219 1329.388
1831.088 1352.047
1758.895 1469.565
1786.499 1487.083
1883.507 1262.979
1928.844 1453.263
2001.959 1319.683
1886.470 1299.607
1822.846 1400.879
1783.479 1486.928
1923.996 1359.443
1881.065 1462.334
1976.419 1324.044
1922.565 1478.151
1757.833 1298.527
1834.345 1473.743
1776.907 1271.211
1809.174 1266.273
1774.875 1427.299
1820.172 1320.436
1834.935 1339.515
1808.553 1442.132
1761.612 1317.995
1998.047 1436.376
1835.974 1264.798
1808.315 1346.680
1781.850 1498.174
1818.897 1470.017
1835.107 1430.269
1901.493 1284.632
1811.244 1360.289
1954.601 1294.944
1830.816 1379.187
1973.752 1489.529
1759.163 1296.051
1954.414 1483.350
2006.887 1273.965
1760.425 1495.005
1773.010 1316.644
1922.703 1466.335
1796.947 1390.093
1939.975 1326.371
1991.884 1296.464
1978.658 1473.936
1892.066 1334.409
2004.526 1372.960
1790.284 1480.940
1863.575 1487.412
1951.611 1315.112
1882.846 1292.632
1818.499 1444.283
1813.107 1264.503
1839.622 1410.674
1861.456 1503.550
1966.376 1327.691
1874.075 1340.238
1995.025 1308.328
1871.356 1443.131
1934.211 1273.709
1775.309 1374.523
1918.150 1296.867
1941.990 1363.013
1775.214 1290.944
1795.139 1259.010
1816.001 1441.706
1974.315 1405.534
1812.124 1457.432
1858.833 1358.938
1984.759 1403.556
1791.461 1262.370
1798.399 1371.369
1934.920 1289.529
1953.518 1295.243
1897.099 1349.709
1871.442 1495.823
1879.824 1345.839
1992.230 1299.685
1843.650 1394.800
1764.708 1279.334
1863.262 1389.707
1757.792 1350.208
1961.583 1286.548
1989.244 1353.829
2001.489 1343.234
1836.457 1460.475
1876.601 1351.327
1794.010 1385.594
1780.801 1466.631
1846.851 1389.588
1891.605 1446.561
1867.886 1311.933
1914.518 1393.041
1794.601 1319.789
1874.299 1398.860
1849.759 1288.032
1933.316 1257.410
1893.323 1433.918
1922.554 1263.598
1781.666 1284.925
1930.448 1308.694
1989.653 1326.282
1783.243 1432.319
1790.391 1465.432
1981.678 1419.063
1804.166 1375.674
1799.001 1399.295
1800.548 1308.596
1964.749 1361.955
1859.934 1453.053
1905.521 1263.783
1849.942 1284.672
1841.325 1323.746
1771.532 1289.275
1814.057 1431.365
1833.643 1311.880
1924.771 1501.444
1874.956 1347.346
1826.556 1262.341
1802.134 1358.517
1954.523 1458.838
1898.470 1441.485
1903.441 1416.247
1898.910 1434.113
1946.123 1472.585
1781.685 1295.663
1969.150 1348.587
1773.053 1352.182
1942.257 1291.808
1809.056 1396.687
1899.533 1313.483
1762.664 1498.250
1857.200 1504.324
1841.632 1377.681
1929.419 1502.968
1833.956 1274.736
1812.871 1397.722
1849.369 1480.922
1865.558 1388.742
1924.305 1263.314
1963.065 1264.834
1834.993 1287.456
1841.570 1385.084
1956.302 1339.464
1888.599 1267.659
1854.967 1505.182
1834.805 1311.690
1895.775 1259.628
1970.892 1430.736
1831.125 1434.074
1905.535 1362.071
1926.813 1319.752
1848.754 1427.854
1829.721 1418.735
1899.332 1367.976
1918.904 1344.102
1802.280 1461.450
1770.536 1259.529
1896.798 1373.112
1808.919 1300.657
1858.319 1289.645
1938.433 1268.104
1776.164 1452.379
1890.943 1467.571
1871.250 1451.156
1915.001 1497.590
1776.416 1274.141
2005.290 1426.846
1888.170 1452.034
1816.167 1256.798
1762.773 1488.595
1936.047 1389.774
1880.519 1285.200
1880.818 1341.451
1803.538 1399.708
1857.982 1256.444
1787.253 1302.661
1941.995 1342.937
1778.882 1487.943
1783.972 1273.517
1992.828 1501.224
1935.881 1481.943
1846.357 1499.223
1929.750 1480.150
1913.593 1266.140
2001.353 1454.954
1992.441 1398.279
1924.182 1372.341
1843.598 1473.552
1869.640 1345.505
1874.793 1260.133
1846.594 1342.411
1900.306 1341.792
1775.195 1313.225
1821.896 1443.137
1933.080 1377.381
1979.962 1483.725
1773.948 1435.651
1813.657 1331.151
1764.371 1338.054
1970.763 1470.285
1770.450 1265.897
1836.783 1422.684
1787.239 1294.386
1964.469 1428.997
1862.801 1472.227
1796.165 1331.295
1992.214 1388.554
1955.081 1407.689
1843.999 1335.226
1788.555 1395.190
1805.489 1380.487
1781.112 1324.334
1961.178 1385.058
1813.504 1457.371
1814.885 1310.791
1905.164 1285.493
1921.095 1327.766
1800.085 1444.313
1873.170 1280.645
1900.405 1503.083
1900.573 1414.520
2006.206 1380.005
1944.921 1449.114
1816.271 1347.243
1831.602 1299.684
1959.574 1312.338
1970.318 1278.990
1757.628 1327.835
1770.001 1348.315
1887.109 1298.612
1867.199 1437.987
1799.708 1502.415
1808.489 1500.624
1798.256 1489.071
1981.010 1477.966
2000.155 1505.084
1970.862 1385.307
1774.414 1305.817
1760.893 1468.262
1814.678 1456.372
1837.527 1433.499
1868.046 1435.591
1787.438 1264.407
1973.554 1421.234
1963.112 1434.283
2006.238 1495.209
1886.483 1255.647
1852.211 1495.379
1908.391 1448.417
1815.171 1347.192
1908.308 1464.467
1975.335 1422.429
1794.190 1332.606
1994.805 1461.824
1920.887 1403.137
1974.475 1330.002
1769.725 1478.094
1766.464 1339.800
1767.159 1465.921
1811.687 1305.305
1931.532 1367.812
1859.033 1331.518
1812.594 1269.818
1848.335 1266.093
1995.336 1469.796
2005.565 1325.118
1888.543 1421.051
1884.295 1274.386
1948.154 1429.049
1783.856 1379.376
1976.932 1319.604
1767.162 1350.807
1843.675 1469.828
1809.148 1402.750
1817.471 1421.048
1779.105 1363.561
1872.043 1488.836
1829.307 1341.123
1991.258 1373.333
1962.249 1399.923
1940.252 1416.390
1848.491 1345.252
1872.634 1505.048
1766.502 1434.550
1763.509 1474.091
1814.135 1454.467
1872.256 1467.173
1999.245 1422.721
1769.109 1361.963
1923.581 1369.404
1894.874 1429.513
1828.410 1417.507
1807.085 1287.658
1934.141 1369.252
1980.003 1335.653
2001.285 1290.498
1854.502 1438.123
1933.118 1264.713
1860.644 1398.494
1983.344 1351.384
1944.359 1334.987
2004.848 1491.373
1943.965 1397.320
1991.742 1309.933
1988.806 1458.426
1812.923 1453.327
1804.942 1430.010
1820.519 1462.436
1979.365 1325.645
1762.595 1379.167
1938.073 1426.295
1980.650 1431.777
1940.651 1279.408
1992.995 1418.882
1989.754 1437.188
1930.504 1400.482
1994.399 1325.703
1984.484 1281.674
1795.770 1261.215
1870.684 1353.796
1801.565 1312.122
1778.793 1368.359
1865.956 1359.436
1947.798 1492.119
1839.598 1377.507
1800.319 1496.222
1918.184 1377.908
1928.659 1287.922
1935.129 1498.419
1902.650 1383.378
1833.359 1395.942
1769.015 1398.512
1911.315 1504.069
1820.636 1303.562
1810.669 1452.349
1958.744 1338.497
1897.098 1408.598
1791.578 1299.851
1823.928 1278.698
1909.971 1422.612
1861.633 1340.214
1890.713 1498.520
1786.807 1494.230
1896.798 1368.154
1904.368 1293.661
1800.792 1346.629
1989.723 1377.792
2006.890 1365.719
1804.953 1272.882
1855.561 1267.323
1995.163 1487.931
1897.420 1410.657
1904.221 1344.648
1778.717 1313.798
1820.878 1462.276
1928.136 1441.810
1989.507 1282.596
1861.820 1403.452
1870.955 1294.716
1830.689 1492.640
1961.557 1391.367
1906.019 1481.486
1766.497 1312.630
1919.740 1391.425
1839.347 1437.611
1816.580 1434.122
1808.898 1423.204
1883.253 1339.365
1799.692 1467.752
1958.403 1363.035
1827.871 1401.667
1829.100 1450.014
1940.793 1297.326
1807.483 1404.228
1991.415 1390.981
1966.255 1437.482
1958.600 1400.136
1893.619 1401.450
1973.880 1333.978
1917.241 1481.581
1935.089 1455.860
2000.787 1448.198
1893.186 1286.081
1811.568 1313.640
1814.546 1319.794
1863.713 1323.858
1767.262 1419.008
1976.681 1275.399
1981.661 1442.051
1855.010 1356.276
1960.569 1293.531
1864.388 1297.071
1898.020 1501.761
1770.681 1333.401
1798.114 1417.908
1881.887 1406.303
1766.433 1299.994
1834.445 1324.777
1887.945 1476.051
1867.440 1387.840
1807.745 1409.837
1768.910 1255.548
1881.374 1293.967
1886.494 1482.168
1928.238 1268.483
1779.132 1379.959
1789.493 1310.269
1809.638 1496.840
1768.039 1305.432
1894.538 1497.374
1965.569 1376.547
1889.626 1440.943
1782.556 1293.221
1898.854 1378.213
1996.843 1358.919
1834.725 1419.060
1927.633 1489.735
1771.322 1461.966
1924.049 1473.189
1918.467 1434.405
1961.550 1415.926
1850.503 1349.748
1819.346 1323.718
1889.999 1347.597
1845.497 1273.338
1898.535 1261.433
1782.242 1291.958
1954.678 1496.469
1797.955 1288.850
1844.932 1298.383
1980.786 1374.622
1822.678 1459.247
1827.667 1451.402
1846.399 1304.686
1770.681 1318.622
1786.174 1392.155
1870.782 1446.232
1807.219 1337.276
1886.133 1409.332
1985.766 1392.751
1851.596 1413.581
1955.250 1367.132
1960.070 1358.028
1761.525 1428.676
1881.023 1452.259
1970.861 1294.489
1781.250 1394.475
1787.019 1264.370
1971.722 1306.696
1860.407 1341.373
1966.753 1395.908
1854.007 1302.548
1782.356 1393.478
1819.466 1397.707
1869.390 1477.727
1986.067 1298.624
1974.117 1319.944
1905.345 1444.654
1936.665 1450.437
1964.360 1330.274
1996.970 1316.596
1891.490 1368.220
1850.307 1396.009
1887.530 1494.715
1925.244 1448.279
1999.436 1348.001
1890.168 1283.570
1884.119 1474.513
1835.052 1416.307
1765.078 1456.771
1879.699 1337.877
1885.880 1332.912
1890.663 1273.589
1826.384 1452.194
1948.361 1476.038
1829.976 1392.321
1860.872 1390.051
1987.256 1501.180
1984.093 1401.916
1903.034 1445.514
1924.948 1422.108
1799.970 1371.916
1931.498 1341.727
1895.726 1468.364
1875.436 1290.722
1772.650 1257.671
1784.577 1412.308
1941.970 1398.569
1879.617 1311.611
1837.007 1411.257
1804.776 1417.640
1843.390 1497.617
1911.972 1276.812
2002.340 1433.555
1997.876 1433.987
1896.599 1309.209
1762.873 1264.984
1792.954 1334.714
1788.470 1495.323
1847.759 1264.427
1905.283 1409.532
1974.211 1410.380
1930.602 1388.376
1850.654 1303.594
1945.831 1476.978
1764.327 1406.013
1866.279 1392.456
1832.005 1421.296
1999.129 1378.276
1809.121 1477.917
1764.108 1456.305
1941.741 1418.235
1931.171 1421.208
1929.308 1403.042
1855.126 1503.527
1806.605 1466.418
1797.903 1379.028
1821.907 1472.219
1926.914 1441.336
1883.874 1455.903
1872.647 1297.702
1901.011 1264.302
1842.650 1324.295
1868.933 1292.464
1931.802 1338.707
1922.080 1365.010
1952.521 1494.079
1787.013 1348.833
1939.085 1255.631
1846.152 1397.007
1944.030 1468.483
1797.478 1495.379
1769.235 1335.017
1845.984 1424.550
1918.894 1352.320
2004.408 1413.990
1953.153 1465.553
1942.805 1411.225
1864.642 1376.151
1876.613 1299.628
1900.101 1481.267
1879.783 1408.264
1831.567 1290.967
1919.979 1387.416
1787.395 1265.143
1940.407 1505.266
1817.121 1417.927
1851.302 1371.505
1879.175 1461.462
1918.032 1310.202
1832.583 1465.591
1990.984 1449.243
1797.750 1451.014
1976.221 1409.490
1849.267 1342.543
1927.360 1450.312
1944.004 1271.623
1858.001 1502.670
1908.693 1464.816
1882.627 1344.314
1919.997 1419.615
1765.850 1274.479
1776.703 1274.657
1946.897 1419.407
1804.563 1371.718
1855.134 1311.713
1812.715 1406.986
1871.241 1334.714
1877.101 1446.846
1990.060 1494.040
1883.910 1322.743
1886.637 1316.052
1789.029 1302.534
1890.650 1344.772
1835.813 1290.546
1947.513 1374.305
1762.141 1272.654
1919.400 1502.383
1869.231 1437.757
1869.786 1343.812
1851.162 1292.969
1898.845 1411.873
1939.700 1370.088
1792.630 1451.047
1913.411 1364.197
1868.233 1324.098
1792.428 1267.451
1779.906 1412.440
1989.827 1333.367
1976.788 1502.405
1956.811 1315.491
1791.699 1305.483
1857.264 1469.560
1966.169 1263.796
1846.211 1463.071
1867.224 1342.200
1824.340 1281.325
1866.126 1305.442
1943.787 1300.860
1913.960 1382.145
1934.228 1287.359
1967.503 1449.657
1785.576 1498.194
1882.136 1399.348
1807.080 1446.049
1887.770 1375.988
1912.944 1286.475
1868.006 1280.092
1900.292 1417.869
1791.771 1313.192
1815.075 1497.145
1885.796 1263.492
1764.376 1373.924
1946.803 1456.416
1958.777 1485.408
1890.152 1321.436
1780.075 1353.576
1880.497 1296.568
2003.111 1339.632
1885.007 1393.526
1760.110 1297.345
1859.768 1442.988
1858.661 1337.243
1898.273 1442.424
1933.167 1257.353
1927.543 1495.373
1876.403 1270.388
1787.566 1394.045
1804.675 1502.216
1763.303 1273.879
1951.955 1416.059
1971.201 1433.881
1901.493 1416.973
1830.334 1310.093
1763.450 1320.505
1869.990 1352.399
1794.813 1269.107
1982.371 1503.943
1908.043 1495.096
2001.391 1358.719
1877.715 1351.240
1946.388 1428.320
1983.009 1277.982
1953.838 1470.448
1871.882 1504.543
1921.408 1318.206
1802.090 1374.824
1992.708 1355.129
1886.969 1295.405
1985.935 1319.941
