100 3
25.000 25.000
43.366 33.581
39.853 26.648
48.036 32.548
41.530 31.354
40.717 30.587
45.614 23.303
41.406 28.411
39.161 30.784
40.752 25.605
48.165 31.036
44.631 23.373
48.107 29.580
43.936 26.478
50.000 25.176
44.857 23.993
48.230 28.270
45.766 31.734
42.390 26.556
50.000 25.003
40.839 30.268
41.793 29.331
50.000 22.780
31.544 38.745
27.086 49.385
33.528 41.011
23.955 42.697
29.638 41.065
34.941 45.600
32.030 47.831
26.106 46.552
35.360 50.000
27.276 39.550
27.121 43.483
27.631 47.435
27.029 49.996
31.714 50.000
35.174 49.399
34.312 42.199
31.352 39.706
28.337 42.884
34.381 39.932
34.043 41.182
35.143 43.786
28.364 45.431
33.327 47.551
33.594 41.293
31.168 47.310
27.308 47.732
24.839 41.171
26.055 45.642
9.122 24.198
5.886 27.948
1.862 23.589
10.128 26.439
2.896 25.518
9.882 26.752
1.160 21.710
2.734 25.815
10.177 28.476
4.554 29.963
9.786 26.383
2.964 22.573
4.696 31.474
0.312 22.112
7.344 22.446
7.354 29.853
7.737 24.894
10.667 28.291
9.816 24.798
9.828 22.685
4.682 22.967
8.247 27.888
0.281 23.752
7.093 24.842
28.813 1.143
21.576 4.259
25.483 8.752
29.287 5.677
31.243 2.066
27.605 3.268
29.419 4.007
23.054 2.100
27.303 0.000
22.003 3.411
27.183 9.046
25.270 2.852
27.373 0.348
30.048 0.191
23.406 5.927
29.629 2.568
24.966 5.207
26.524 10.324
28.678 8.339
28.805 10.892
29.875 2.690
27.369 0.533
29.562 9.458
26.006 10.658
27.073 4.171
