1000 5
466.667 33.333
303.363 214.262
275.952 182.372
276.149 178.307
269.890 172.244
285.519 197.213
313.917 193.584
274.965 197.652
285.064 195.272
309.555 185.528
293.855 205.598
305.985 179.860
291.450 207.659
269.362 207.947
304.892 214.663
303.438 176.983
292.423 192.131
306.783 211.424
265.278 214.828
298.180 206.201
295.053 217.801
285.767 215.555
282.584 206.597
285.396 189.514
288.959 172.766
285.872 181.927
293.463 216.457
282.264 212.294
283.494 213.548
287.047 201.564
283.327 213.103
308.560 171.840
310.126 216.968
307.690 213.711
294.011 206.984
309.285 211.636
299.548 193.630
304.469 205.419
299.530 203.462
305.399 178.471
310.517 186.628
286.837 216.799
302.451 182.236
303.394 210.949
292.004 196.969
314.556 205.237
312.088 205.022
304.342 191.332
312.591 183.810
275.793 170.956
300.874 200.553
285.290 186.871
273.524 209.139
274.161 197.758
298.098 188.603
298.253 197.379
281.211 191.273
293.099 205.334
265.296 195.919
289.378 191.311
282.623 175.315
278.571 194.291
294.626 209.194
310.556 193.429
293.650 176.979
271.505 209.454
304.255 170.171
292.038 191.759
274.128 187.684
292.517 187.122
304.305 212.549
303.026 208.819
308.801 175.683
270.190 195.080
300.327 174.518
280.601 187.353
290.998 199.533
296.648 184.712
277.600 179.066
278.537 204.751
273.210 207.531
285.370 179.999
296.643 174.412
269.160 178.453
292.464 203.347
270.562 203.598
274.309 188.544
275.504 172.005
294.957 199.798
299.529 189.222
282.318 170.114
299.763 219.263
281.513 207.741
275.772 187.049
267.947 176.772
296.192 201.082
294.324 216.203
298.092 204.331
295.205 172.191
265.216 218.059
277.969 179.173
290.218 216.867
265.207 186.942
281.631 195.045
286.086 198.051
277.895 187.154
290.469 215.952
290.268 191.315
286.789 197.320
281.115 202.261
298.714 200.136
299.110 206.479
299.179 188.246
273.502 178.106
269.205 170.107
270.310 186.625
284.890 199.145
303.309 215.304
273.922 201.365
282.076 179.202
275.302 196.388
310.255 208.694
276.855 206.111
300.265 216.989
286.260 185.367
303.112 191.905
299.327 211.821
283.517 177.745
309.101 180.885
292.366 205.108
282.995 195.520
275.710 195.784
268.033 207.751
283.242 203.298
285.245 177.989
278.941 190.240
288.819 189.872
308.669 183.020
270.082 172.298
299.016 188.102
277.644 215.566
300.147 193.908
301.206 176.120
283.120 174.517
281.819 176.302
305.758 200.789
298.063 209.687
305.476 202.238
310.271 210.008
275.910 188.989
283.040 201.923
280.272 194.404
272.379 209.941
264.792 186.372
267.285 198.335
269.593 191.958
273.646 199.355
302.055 201.560
309.560 204.092
310.823 172.988
273.867 175.959
310.811 184.045
307.738 212.741
280.534 200.522
307.521 188.097
304.564 174.544
311.686 199.348
298.987 201.789
286.117 199.522
291.270 175.588
298.204 195.090
273.819 171.134
286.601 180.189
296.103 197.184
309.817 213.139
291.355 217.555
303.204 205.449
273.896 205.330
313.002 198.870
273.244 217.316
275.402 190.679
300.046 179.863
289.945 202.707
285.845 204.725
284.809 180.404
291.042 220.047
302.150 176.264
305.795 185.287
303.859 197.664
297.313 213.088
275.181 188.125
273.690 204.890
303.450 180.018
305.510 200.787
291.217 183.294
298.084 211.951
303.506 179.555
312.172 214.983
292.492 192.170
286.378 202.999
287.824 219.363
281.782 198.191
266.224 193.615
277.677 216.108
278.573 184.687
293.679 174.626
266.168 203.183
289.978 188.085
301.351 217.442
306.193 197.928
280.800 172.975
267.244 198.888
287.213 206.834
269.867 203.134
291.650 208.088
304.065 195.684
290.429 170.603
300.364 219.887
288.652 204.197
300.538 170.124
297.937 171.134
293.981 201.236
265.065 199.210
309.998 173.580
295.650 180.006
265.255 195.698
288.613 207.788
286.578 180.882
277.372 186.969
308.655 219.504
280.593 209.538
312.256 193.853
290.261 204.984
279.847 179.829
280.240 205.087
297.079 193.676
296.117 215.586
265.940 204.968
271.306 195.094
287.377 199.353
275.755 181.847
274.512 182.437
306.354 184.812
283.103 189.130
277.133 210.144
284.330 213.945
292.945 217.919
274.088 187.007
294.567 187.511
290.233 211.993
308.847 182.164
299.678 193.628
277.599 212.803
302.838 197.556
306.756 192.798
291.463 204.283
277.481 180.996
295.140 208.893
289.126 217.540
314.705 171.063
300.760 171.340
290.002 189.315
311.337 203.656
291.406 187.999
293.465 182.120
303.592 170.796
304.547 199.013
284.601 211.103
299.725 200.057
309.183 206.827
309.627 174.473
270.123 180.685
264.939 187.882
302.239 218.921
297.211 178.211
305.514 217.975
286.548 205.775
301.795 173.959
293.315 213.465
276.801 190.884
298.101 213.684
306.171 176.119
306.175 204.044
302.870 193.095
300.845 218.076
299.139 170.705
314.616 180.629
285.342 200.434
281.788 175.684
290.854 196.030
265.531 192.509
280.178 179.397
300.919 182.327
267.056 205.303
284.705 206.278
286.193 196.995
291.435 174.092
297.047 186.353
296.646 164.703
266.341 174.737
307.360 166.802
308.698 176.497
297.197 164.712
301.034 196.983
293.985 167.704
276.147 194.311
292.692 202.334
303.838 203.757
305.493 190.893
309.264 204.147
303.993 189.670
308.541 178.386
264.853 186.112
279.504 171.846
298.498 180.919
291.894 198.388
302.457 172.176
284.879 168.296
263.130 165.864
299.651 202.946
268.208 165.707
268.203 168.179
288.557 186.237
276.083 169.787
303.591 169.699
294.303 182.447
269.069 169.694
269.386 163.487
297.431 163.409
273.719 164.276
294.239 189.570
268.544 200.165
273.624 181.831
266.751 202.529
308.339 159.873
295.877 186.991
263.227 179.954
270.818 182.426
285.161 165.537
280.565 203.650
290.303 191.616
273.788 202.051
293.007 201.209
282.968 173.026
280.604 201.230
307.104 178.953
285.494 182.055
302.066 202.687
306.684 172.452
285.674 170.206
277.855 174.209
279.744 174.747
296.542 156.567
301.088 203.160
266.908 167.495
264.226 187.989
265.559 189.448
299.867 193.699
278.271 161.919
276.810 171.516
277.578 169.718
298.944 157.719
269.700 192.066
274.964 201.801
302.307 167.057
267.790 201.338
263.575 194.657
285.553 190.888
292.006 181.951
309.806 192.528
284.124 171.571
281.537 172.374
287.879 187.005
262.995 166.261
284.271 181.050
274.953 178.750
301.186 171.341
273.553 173.441
278.923 164.415
289.914 156.522
305.866 158.816
300.156 160.738
294.674 193.988
310.305 185.059
298.240 196.413
263.655 157.997
308.830 175.949
285.109 203.143
262.306 160.373
306.750 162.784
303.213 182.295
290.097 193.306
298.499 177.305
295.772 166.060
311.134 163.526
279.188 157.542
305.861 205.799
280.984 170.553
291.449 191.943
293.430 202.609
270.896 162.795
270.068 187.784
278.020 190.469
272.211 189.702
293.433 161.644
286.371 166.630
282.110 203.354
266.103 181.975
298.504 182.834
301.721 173.798
275.765 191.416
299.613 192.885
297.786 184.676
302.289 186.617
274.090 174.740
271.337 176.008
278.218 194.052
272.383 177.382
270.601 196.237
264.230 158.425
276.556 201.248
267.011 170.599
302.387 197.540
274.577 166.041
292.586 177.248
298.981 202.012
295.023 203.919
311.020 169.995
264.099 175.116
273.930 191.581
273.868 161.738
301.485 180.691
295.295 169.756
267.384 194.305
265.726 198.547
282.386 160.968
265.409 158.739
290.505 178.768
279.320 160.674
279.552 158.550
289.462 171.631
264.121 174.618
282.222 174.846
285.400 169.273
275.443 178.074
264.980 180.487
302.545 176.446
261.208 191.224
270.482 177.509
266.373 165.993
308.518 196.154
263.433 168.042
286.749 193.776
310.539 196.261
288.575 189.055
290.580 168.139
280.023 168.549
264.108 165.841
284.222 160.537
292.067 158.830
307.554 181.651
307.967 170.984
304.148 164.910
263.112 205.050
269.904 171.145
310.617 165.093
307.047 167.226
303.422 190.157
280.400 165.537
291.027 171.082
280.452 177.617
275.680 183.651
273.552 185.015
279.227 165.981
278.567 178.460
306.648 199.873
293.613 192.159
276.085 169.883
278.761 173.614
301.725 156.974
282.430 194.772
279.184 194.782
261.752 198.526
307.817 186.537
275.176 169.058
281.006 201.970
283.804 191.997
266.825 194.070
306.962 182.045
263.209 182.889
276.397 165.636
279.875 172.923
307.741 200.040
270.314 181.049
306.668 172.187
310.477 170.570
311.100 163.313
291.627 159.688
262.672 168.815
297.712 183.713
309.207 162.331
305.452 171.764
280.317 157.538
302.281 174.313
268.862 178.750
290.009 191.602
283.141 171.070
283.923 158.598
293.657 164.789
303.501 199.811
265.254 175.705
294.631 191.696
261.514 161.937
296.342 194.608
274.920 164.427
269.435 178.367
262.302 167.750
276.763 204.140
296.177 197.442
277.137 165.068
304.100 174.895
282.019 159.040
275.124 171.950
268.592 175.220
277.194 158.546
284.630 181.860
273.495 198.418
289.883 186.780
262.545 183.031
304.552 161.956
292.125 176.059
266.549 195.792
284.521 192.029
272.146 173.278
296.801 199.947
273.664 197.541
284.531 156.697
303.222 198.079
267.078 162.516
277.625 179.524
273.246 169.780
262.603 184.471
281.242 160.081
274.272 165.589
282.143 191.375
261.651 203.707
286.847 161.852
290.687 182.124
263.018 161.636
308.900 185.855
262.528 187.774
280.774 164.204
302.533 165.530
274.172 183.216
299.064 185.973
268.583 190.675
277.612 189.608
299.839 170.996
271.343 199.961
302.948 174.248
294.706 157.831
270.616 204.483
276.533 189.020
291.802 190.043
294.175 186.626
283.364 199.715
297.096 165.288
269.316 184.102
288.540 196.857
297.646 178.124
264.938 176.266
289.934 173.362
301.309 169.622
277.068 203.249
304.716 187.806
293.680 198.140
273.776 179.368
301.120 188.267
298.643 191.487
291.980 181.159
280.422 180.761
276.211 167.383
283.092 177.646
274.358 189.007
296.094 201.098
286.033 186.434
291.828 176.355
261.731 167.084
306.251 180.316
271.477 201.186
262.188 181.855
293.994 181.329
301.700 168.720
274.866 199.817
296.730 200.531
295.565 194.933
285.469 172.843
263.098 182.307
296.315 171.207
296.068 202.333
300.243 172.778
293.360 172.232
268.137 156.637
305.388 194.408
292.516 178.568
290.558 200.266
307.890 192.423
282.269 183.994
295.113 195.602
282.174 157.286
279.806 200.642
304.142 163.895
269.162 203.914
290.831 163.668
271.548 166.746
272.523 183.444
274.358 166.189
300.404 158.933
274.397 204.020
310.943 157.110
290.825 173.001
308.916 171.523
391.119 225.683
395.135 181.896
367.994 191.473
372.322 207.107
369.261 220.693
355.844 211.967
393.210 219.068
393.875 221.036
357.339 197.281
365.739 185.915
386.199 216.532
351.139 186.551
396.928 202.546
361.693 222.374
396.007 228.936
372.933 225.772
384.125 228.394
376.499 198.166
365.191 229.039
381.077 189.332
368.158 185.531
377.297 192.428
373.824 192.846
384.961 216.991
384.541 185.598
362.416 191.486
384.289 230.819
376.728 192.475
376.878 193.592
388.092 208.797
385.346 195.991
389.337 182.304
387.514 220.321
384.632 208.140
374.843 197.900
381.183 198.710
383.214 191.146
349.556 194.867
380.158 223.174
386.659 224.534
354.742 199.026
376.632 225.950
370.723 222.715
372.021 188.292
393.198 230.578
392.728 214.630
390.087 212.003
385.832 217.101
396.845 213.516
386.268 199.830
356.744 200.122
361.156 212.739
371.077 225.228
373.208 195.391
392.536 226.700
370.683 192.131
392.251 212.928
363.558 188.354
377.021 219.800
358.757 220.960
383.013 189.795
379.156 224.411
349.115 213.235
373.844 186.186
390.888 191.071
354.163 181.614
352.973 221.200
370.497 189.493
389.282 202.817
392.669 228.961
390.048 181.585
352.576 190.338
387.283 205.341
359.926 196.738
373.644 220.197
396.646 214.010
365.850 220.088
378.583 185.606
379.943 209.909
382.951 212.744
387.649 213.405
352.843 183.990
393.821 184.356
386.064 222.896
397.281 230.959
380.170 185.613
361.538 200.689
360.544 189.413
388.542 201.156
395.238 185.408
378.121 216.342
357.650 217.380
396.166 229.952
384.646 194.548
381.837 215.854
365.409 199.866
377.003 190.944
375.519 193.568
354.121 187.399
348.394 191.451
365.305 224.517
389.549 181.874
362.622 207.058
377.482 190.162
375.466 193.398
351.286 216.073
362.762 188.052
356.958 218.131
386.505 195.210
353.862 207.347
392.685 206.536
354.720 194.909
364.387 200.476
352.429 201.173
354.161 184.767
358.071 200.842
390.161 229.135
367.754 212.729
392.229 185.165
379.029 229.247
389.330 230.136
396.717 183.229
374.934 217.902
378.381 204.233
362.982 200.908
379.262 183.820
385.939 191.330
368.048 218.275
391.943 183.053
350.325 219.266
353.787 183.768
375.445 211.482
362.676 208.812
358.749 226.430
392.506 218.167
369.062 229.386
383.507 193.385
350.107 212.956
365.820 207.194
359.331 188.503
360.821 205.919
355.906 214.872
378.704 212.462
388.058 200.380
356.249 187.652
364.581 224.457
358.596 219.376
383.487 184.236
348.960 224.662
373.277 185.030
349.624 211.949
351.668 225.510
376.954 198.529
353.544 184.422
360.954 226.142
357.663 221.799
377.178 212.622
364.997 202.178
393.861 182.103
381.422 228.637
359.516 231.244
394.154 227.543
368.520 213.396
365.972 208.925
381.404 182.190
363.417 212.159
380.593 220.676
386.157 203.878
371.733 196.439
353.963 206.696
376.756 206.375
369.642 192.823
372.724 216.645
356.101 189.737
388.881 199.950
368.882 217.226
372.114 194.016
373.176 218.748
359.651 230.108
375.441 231.119
349.288 206.700
349.482 207.550
356.523 185.123
362.935 210.698
352.087 201.895
388.149 218.430
385.544 192.555
374.966 203.351
351.122 195.409
367.446 194.329
353.480 202.248
355.437 209.453
367.879 197.420
370.189 195.416
358.887 214.469
351.065 217.098
388.277 192.286
387.079 206.349
386.777 218.120
394.670 196.571
380.665 195.417
370.514 199.159
362.686 195.733
377.224 201.200
390.679 210.117
387.750 213.601
376.163 186.827
358.475 189.268
359.906 194.597
362.067 196.770
349.895 226.228
359.146 184.929
365.414 228.939
371.755 217.667
359.776 207.470
384.292 183.840
391.049 220.813
379.270 206.337
358.466 185.821
356.587 215.490
348.460 214.859
349.735 213.197
378.429 184.382
361.442 203.805
390.239 227.972
357.457 217.922
352.439 227.853
397.306 191.024
358.939 198.852
349.965 208.241
373.388 217.022
376.336 221.345
396.373 218.444
386.048 221.987
352.851 215.389
393.762 183.758
365.236 229.576
379.113 200.945
375.610 181.805
383.327 224.123
393.089 191.818
383.313 224.033
374.922 227.046
354.681 226.782
356.680 193.254
382.170 208.852
385.313 209.972
395.179 195.237
375.165 199.923
372.641 188.513
362.559 191.482
368.923 196.011
388.171 213.564
356.079 221.244
373.126 199.834
388.389 200.040
385.221 181.742
350.072 181.522
366.846 220.443
354.463 198.478
358.212 184.039
376.533 230.432
395.559 211.138
379.991 215.231
396.497 205.508
376.804 189.008
377.872 183.734
358.596 220.825
394.154 202.636
359.141 215.067
361.490 208.926
357.360 226.900
368.973 210.987
385.540 185.444
371.720 196.643
367.297 191.342
396.773 212.829
353.278 194.576
366.063 206.628
354.234 211.063
396.543 219.512
353.945 209.424
385.086 197.092
355.892 192.853
385.180 207.936
383.942 213.093
382.999 193.628
375.836 189.569
380.377 212.974
354.954 203.825
355.639 212.794
363.894 185.236
391.498 223.947
359.116 228.052
352.450 227.117
390.460 224.779
363.325 207.178
374.050 227.902
371.972 210.896
354.830 201.918
386.314 225.011
392.036 220.292
395.367 200.923
388.699 227.367
364.685 218.441
355.743 199.875
368.138 187.065
379.552 200.285
383.740 198.731
387.138 191.054
371.482 206.414
363.034 201.560
387.374 198.237
368.939 184.113
348.357 199.737
366.566 218.631
348.844 189.948
373.980 203.310
356.488 205.213
376.026 190.259
382.312 202.468
375.412 216.590
352.526 199.897
354.521 195.234
394.118 215.335
394.526 205.431
362.249 188.422
396.666 219.131
361.374 224.856
354.069 220.331
373.978 209.856
388.317 190.242
373.628 205.412
349.510 220.811
349.650 187.877
363.925 226.936
394.336 205.493
350.954 198.649
357.409 229.162
390.297 221.661
371.356 210.717
384.725 210.572
370.128 189.361
360.144 202.711
397.360 185.723
348.670 193.047
367.120 229.596
351.378 229.252
383.497 198.796
354.519 196.287
364.367 217.435
355.493 182.445
378.525 202.225
386.640 222.689
365.930 188.644
354.654 230.367
369.640 210.642
378.599 225.346
395.375 206.743
353.326 228.139
376.545 202.677
373.252 204.595
349.701 229.144
355.473 214.844
371.618 195.802
352.479 197.401
393.626 203.936
353.204 205.211
368.583 188.719
393.573 224.908
376.975 223.997
389.235 186.183
380.077 221.236
376.324 209.354
354.202 198.444
393.244 229.973
371.195 213.211
386.651 194.764
