200 5
50.000 50.000
65.943 50.473
64.323 53.228
70.420 49.001
71.556 48.567
68.517 53.787
67.912 58.318
67.251 51.883
64.884 55.798
69.967 51.461
65.801 52.096
67.019 48.638
63.759 56.218
64.352 53.667
66.206 50.447
65.309 50.145
63.971 48.683
65.480 56.675
66.873 53.620
66.515 47.810
68.439 52.033
74.739 53.084
72.744 51.560
64.131 55.681
64.995 51.195
71.678 50.859
67.133 50.950
64.806 53.571
74.245 49.174
69.389 51.886
72.419 57.874
70.652 54.799
67.089 57.494
72.036 58.009
66.592 48.117
64.304 57.635
72.639 51.773
71.017 53.274
66.788 51.565
68.677 56.701
65.227 55.225
74.006 53.429
69.190 51.011
68.599 47.485
63.906 53.576
74.548 53.237
69.988 50.043
67.770 51.917
63.848 57.081
68.359 52.102
70.499 58.021
70.025 58.322
52.184 70.925
47.698 72.738
52.533 66.822
43.709 69.987
42.407 69.732
41.993 71.612
46.731 69.584
42.952 64.576
48.793 73.706
50.317 70.227
46.654 68.383
48.315 71.831
52.357 69.390
47.276 74.401
50.658 64.660
46.389 66.800
40.884 64.952
49.838 70.959
41.034 65.045
44.275 64.709
51.512 72.035
46.868 75.399
47.413 66.019
41.022 65.428
44.312 73.642
49.597 75.670
40.719 73.220
50.079 74.299
41.207 74.139
41.360 66.733
50.566 72.004
48.736 69.727
44.927 72.882
45.924 68.227
50.339 69.425
48.225 70.888
46.810 74.000
45.049 75.695
45.396 66.104
46.678 73.715
47.778 66.126
43.545 70.115
45.627 69.066
47.329 67.455
44.921 65.117
46.821 74.038
51.711 67.155
32.863 46.422
27.878 46.137
35.619 53.305
30.250 47.437
28.198 44.369
31.626 51.457
26.718 45.531
34.477 51.715
35.413 51.255
27.395 54.231
31.526 53.444
24.761 44.774
33.693 48.314
27.736 51.674
32.834 44.680
34.524 46.201
28.244 44.563
26.049 47.778
25.789 52.082
33.799 44.137
34.649 51.913
32.840 44.838
32.396 50.391
24.244 50.883
35.533 44.786
29.854 54.652
25.428 52.346
33.281 51.130
27.609 54.321
32.454 44.490
29.556 52.817
27.411 54.857
34.938 52.725
34.045 49.345
24.768 45.145
34.395 51.343
32.257 47.217
28.263 45.011
29.004 49.493
25.393 54.391
29.221 51.270
33.422 48.207
25.985 55.335
30.045 47.886
33.747 46.712
33.611 45.151
28.263 46.627
27.681 44.941
33.041 50.415
26.892 55.062
35.188 51.171
32.667 55.476
32.744 52.402
26.637 52.966
35.717 49.173
34.999 53.893
33.794 51.571
50.848 27.038
49.374 29.634
51.215 33.377
48.028 35.521
43.059 35.427
41.015 28.719
48.932 34.622
44.571 34.429
42.819 29.628
50.384 34.234
48.863 24.524
48.048 25.343
46.687 35.309
43.281 35.668
43.175 29.199
47.090 33.949
45.140 25.224
49.015 27.474
42.242 26.323
47.074 29.445
42.861 33.914
42.806 27.390
50.184 29.779
48.222 30.833
47.363 32.863
47.822 24.628
40.790 35.106
51.106 29.572
49.561 29.350
41.052 29.581
41.189 29.680
50.231 28.008
40.467 28.004
49.065 28.507
42.805 31.534
41.783 29.284
43.600 29.878
46.192 29.675
48.470 36.110
46.140 32.181
45.493 33.338
47.578 29.048
44.189 34.627
42.340 32.342
