5000 3
2333.334 166.666
968.019 1342.066
1028.551 1185.697
823.273 1330.132
960.019 1224.358
993.292 1386.979
974.873 1408.208
913.497 1328.062
935.562 1271.819
994.173 1422.128
998.728 1357.882
858.015 1304.131
899.776 1364.924
1049.581 1382.382
893.212 1248.515
830.739 1359.723
902.306 1329.488
900.992 1422.581
930.354 1225.239
1064.367 1289.985
1033.110 1409.476
987.799 1310.279
878.464 1367.645
852.183 1327.821
927.630 1352.081
1001.252 1366.289
828.500 1235.123
939.459 1291.546
1037.923 1361.571
944.907 1313.182
953.361 1208.188
895.061 1181.809
851.106 1335.991
979.407 1355.146
972.122 1222.597
818.491 1187.785
954.584 1215.009
1033.908 1339.944
862.498 1362.897
997.785 1238.101
934.130 1264.208
835.222 1301.044
964.210 1405.411
854.312 1244.447
858.503 1275.807
972.981 1262.830
900.464 1360.152
997.651 1217.572
1057.531 1226.160
1067.265 1208.861
944.693 1234.281
946.699 1387.714
865.255 1229.563
891.925 1383.031
1016.340 1208.005
881.845 1268.469
828.053 1338.848
843.249 1275.525
833.933 1302.597
1019.347 1243.676
856.518 1315.147
886.072 1233.839
833.015 1188.773
1016.555 1260.097
961.303 1212.352
845.125 1356.515
818.260 1425.930
978.460 1325.568
1033.207 1254.194
937.677 1250.281
1057.590 1347.221
821.700 1386.737
841.454 1351.374
951.289 1237.820
910.898 1226.702
952.960 1320.495
946.947 1178.013
924.604 1290.195
1041.607 1324.156
987.962 1337.616
861.298 1380.412
1046.488 1347.174
1066.786 1311.313
1057.831 1345.020
1037.087 1385.511
957.666 1274.013
879.087 1412.368
983.161 1224.716
833.461 1309.519
903.384 1199.031
1049.526 1402.614
825.118 1385.735
985.453 1221.499
851.393 1367.023
990.166 1373.865
947.806 1369.482
855.196 1361.961
1011.207 1356.225
981.711 1192.989
984.325 1195.253
947.945 1359.177
927.947 1352.063
935.064 1286.593
856.030 1386.778
890.665 1354.299
1041.335 1386.091
846.705 1379.176
1005.559 1205.174
985.467 1387.956
820.916 1228.877
1053.591 1311.185
851.605 1323.482
908.604 1251.673
1018.511 1243.272
903.883 1204.314
901.896 1237.317
1006.122 1205.873
846.460 1406.663
908.727 1196.619
937.458 1219.707
984.403 1226.310
905.392 1321.560
1025.045 1396.177
1016.433 1344.939
896.029 1182.440
939.769 1318.656
924.420 1370.697
934.749 1281.339
977.942 1370.850
1025.685 1284.301
986.725 1364.494
877.345 1331.829
1052.022 1367.213
943.979 1331.644
849.063 1375.518
986.310 1360.465
908.414 1365.759
1020.812 1301.634
906.057 1360.596
1052.448 1267.521
861.256 1336.212
835.701 1307.787
999.063 1288.964
1015.413 1412.502
982.418 1209.024
1005.407 1264.924
959.324 1294.444
996.692 1420.584
1012.781 1319.881
985.185 1237.211
861.767 1244.798
853.445 1405.883
934.213 1263.932
957.734 1335.200
1024.651 1313.235
856.888 1352.118
1017.692 1228.288
819.823 1388.981
828.902 1232.497
879.609 1368.984
982.539 1363.663
1027.377 1218.915
855.744 1346.529
969.675 1375.382
983.944 1399.366
952.176 1233.600
975.112 1336.721
1052.554 1417.267
994.472 1299.829
901.184 1234.537
824.941 1251.337
968.965 1253.369
927.250 1277.341
883.627 1374.267
1008.454 1401.914
1029.131 1313.255
989.292 1199.942
1034.443 1209.188
945.843 1281.413
957.699 1308.309
856.082 1368.224
979.715 1424.022
984.476 1260.374
956.384 1261.400
943.957 1363.754
864.730 1280.182
1029.527 1285.858
1055.143 1387.841
1028.272 1185.515
817.903 1346.298
887.072 1326.182
895.092 1403.898
881.480 1357.528
1019.635 1262.963
882.150 1245.280
995.812 1346.979
977.109 1397.017
844.297 1295.863
861.516 1223.691
1003.664 1337.475
955.650 1397.614
911.288 1301.403
975.435 1309.231
910.165 1197.531
987.086 1254.243
850.450 1255.123
849.423 1308.998
900.372 1401.627
907.164 1368.892
950.077 1258.629
1014.563 1367.504
832.764 1400.755
860.919 1306.458
1024.880 1254.720
1047.812 1353.754
893.936 1417.179
828.983 1364.964
844.443 1191.733
845.714 1247.962
818.078 1230.507
896.676 1351.037
943.867 1267.156
910.492 1418.206
1039.692 1370.803
926.682 1342.726
834.618 1244.732
922.670 1252.238
897.219 1200.245
978.326 1404.494
968.637 1390.260
872.099 1333.449
859.134 1184.843
855.601 1297.318
1010.593 1221.166
1006.272 1183.328
1016.100 1263.036
834.695 1364.663
830.460 1278.695
936.686 1211.396
993.577 1185.699
1057.018 1423.101
1051.576 1321.398
923.400 1186.304
871.514 1182.703
869.006 1281.137
870.345 1250.574
859.510 1207.434
866.529 1341.683
1004.127 1287.646
1043.169 1180.340
984.714 1233.597
1047.878 1271.700
972.651 1207.928
861.731 1424.160
959.638 1401.992
919.605 1376.519
863.229 1248.457
963.047 1260.831
962.078 1207.539
893.099 1328.384
907.368 1280.286
829.850 1218.400
939.573 1334.509
973.375 1263.458
951.139 1230.006
1000.878 1184.715
1046.173 1288.437
864.958 1396.827
1026.781 1414.205
853.954 1354.422
832.996 1260.575
1002.227 1331.838
1011.344 1180.817
952.987 1222.997
985.014 1263.854
1039.993 1385.219
1031.063 1371.976
872.129 1213.385
963.267 1358.688
1052.791 1417.677
1005.980 1299.721
1015.037 1179.541
957.529 1383.460
863.399 1293.557
973.678 1264.230
844.787 1335.250
1022.828 1273.139
993.045 1273.459
883.182 1275.549
830.916 1300.035
925.976 1365.392
1060.866 1308.068
836.331 1398.645
997.401 1355.276
854.240 1199.394
831.674 1321.480
927.462 1274.589
1022.782 1191.681
951.534 1274.790
1044.988 1249.010
883.462 1291.029
918.267 1406.142
883.832 1402.529
1036.833 1367.736
960.452 1322.893
830.094 1217.547
851.954 1376.445
1020.790 1376.590
916.042 1340.182
916.129 1348.886
1049.305 1253.392
958.192 1425.374
820.768 1358.361
936.865 1242.654
947.527 1354.359
957.194 1217.771
1011.606 1331.544
1027.058 1332.673
890.513 1351.876
853.286 1202.380
855.075 1216.796
894.350 1319.866
911.954 1381.318
904.143 1314.288
1020.336 1381.244
942.036 1297.960
1031.662 1284.989
877.346 1257.194
917.671 1312.257
991.166 1205.256
833.005 1383.226
1002.166 1364.971
843.366 1247.222
1025.439 1289.143
999.392 1265.425
837.863 1190.270
844.444 1355.828
939.571 1352.808
942.807 1195.403
1010.126 1290.081
831.555 1373.619
857.134 1388.153
1041.906 1351.971
997.271 1296.495
1021.972 1292.941
977.000 1245.156
840.169 1425.775
1041.402 1359.503
902.286 1239.428
982.317 1391.069
846.473 1261.766
853.373 1310.276
857.640 1215.095
1008.919 1369.141
878.119 1283.656
1065.346 1317.114
952.268 1363.990
896.862 1398.669
917.166 1259.497
867.400 1403.713
919.079 1382.754
827.199 1240.206
940.324 1425.942
1059.287 1389.998
1036.039 1306.049
948.050 1204.745
980.227 1389.236
834.036 1389.731
848.253 1407.611
993.853 1278.598
856.478 1419.543
867.415 1343.224
865.368 1187.186
848.520 1246.009
940.460 1233.426
1062.279 1360.586
1060.606 1219.400
984.214 1252.583
943.911 1321.263
964.478 1297.264
1055.452 1353.357
936.565 1296.210
1053.827 1368.526
938.592 1340.094
1051.522 1207.601
1046.404 1340.806
1019.422 1382.767
819.414 1396.540
874.473 1323.228
929.295 1351.358
979.387 1278.101
820.549 1386.664
900.990 1399.622
860.796 1415.837
852.992 1249.932
937.339 1210.366
1014.590 1410.619
877.595 1301.431
927.831 1305.955
1052.962 1322.977
902.945 1346.145
856.706 1397.101
974.034 1260.330
920.920 1332.999
1005.872 1317.858
979.509 1199.901
1008.710 1391.818
1060.706 1314.364
868.297 1385.777
937.005 1254.859
849.153 1223.413
953.971 1422.078
946.499 1374.520
825.087 1248.914
949.070 1293.702
952.874 1262.473
854.933 1226.726
989.678 1328.512
936.351 1184.007
898.344 1287.420
981.071 1424.528
1060.896 1331.574
1066.809 1420.925
966.800 1230.508
818.788 1196.993
820.114 1330.516
960.720 1378.998
1053.758 1399.849
959.794 1235.122
990.297 1187.803
958.272 1290.606
993.824 1369.103
1015.820 1370.713
912.073 1417.508
973.547 1349.611
865.823 1190.151
923.175 1424.167
952.944 1228.664
933.427 1313.420
1061.260 1242.182
866.679 1379.959
1065.198 1183.752
858.582 1178.350
948.021 1395.344
1057.368 1317.949
964.548 1344.882
933.807 1217.208
937.745 1409.924
1059.022 1311.902
965.898 1197.362
1062.605 1310.376
991.248 1397.081
1066.906 1277.874
893.458 1356.596
933.213 1423.000
858.232 1220.995
968.798 1350.767
821.819 1207.055
1057.476 1285.961
952.446 1187.162
1025.758 1363.428
936.994 1204.087
1017.569 1380.115
948.595 1412.821
885.546 1311.495
1056.206 1418.664
946.662 1185.993
838.041 1307.790
895.870 1197.574
824.418 1393.187
1004.711 1298.815
1020.451 1383.629
841.358 1396.735
1055.843 1423.870
1012.791 1305.709
937.437 1268.981
845.105 1418.629
860.578 1351.089
971.180 1411.741
918.065 1223.027
1044.931 1382.650
1011.982 1426.240
960.029 1291.318
958.897 1217.200
881.344 1333.016
851.598 1209.419
987.928 1269.635
954.209 1326.584
827.184 1351.582
931.047 1271.286
1038.727 1291.715
868.281 1417.247
907.360 1325.464
968.787 1419.496
911.670 1282.340
840.418 1231.274
871.771 1288.193
1029.492 1364.201
1055.173 1392.625
883.702 1408.166
975.049 1380.345
990.762 1361.733
840.192 1327.533
920.089 1235.905
963.051 1365.232
989.864 1204.798
888.633 1187.778
892.482 1332.906
942.960 1249.090
1055.608 1334.607
1049.782 1346.357
835.163 1400.557
849.803 1357.922
1066.826 1378.192
1040.510 1329.697
1060.929 1415.624
999.683 1252.119
958.653 1237.846
1063.095 1234.379
836.214 1207.986
947.893 1190.873
931.711 1228.718
845.687 1290.192
1033.874 1403.248
866.755 1203.135
921.574 1229.065
1011.317 1177.884
998.167 1366.768
828.518 1213.634
934.942 1380.482
989.527 1282.384
846.226 1299.240
820.252 1199.863
900.639 1318.826
821.590 1404.605
1058.555 1341.775
904.561 1340.502
1019.206 1220.936
1051.869 1255.905
876.606 1332.511
1066.693 1247.750
929.645 1410.766
942.217 1189.759
852.647 1385.327
994.679 1339.854
1023.368 1252.091
967.430 1361.256
997.549 1202.111
945.129 1292.054
821.042 1219.445
851.480 1377.043
1048.963 1401.341
992.509 1405.459
911.416 1349.186
836.198 1393.733
996.061 1391.214
919.068 1214.446
1017.343 1397.031
897.316 1327.442
999.873 1361.430
1000.467 1270.195
915.672 1273.511
846.301 1196.269
930.731 1304.798
956.528 1180.416
1062.902 1261.702
884.906 1342.056
1014.222 1366.771
1020.283 1294.634
907.444 1240.791
925.728 1312.129
1040.933 1406.034
1058.448 1311.874
963.648 1226.349
1009.471 1220.511
980.073 1199.198
943.989 1356.720
1048.381 1313.842
999.425 1418.767
959.124 1231.530
819.235 1209.604
918.415 1273.389
1025.613 1352.196
851.496 1254.705
869.346 1317.709
1056.478 1347.545
1034.552 1257.142
824.268 1335.464
1014.422 1404.066
1019.225 1363.418
1022.654 1234.984
878.409 1267.627
939.623 1216.330
889.684 1311.067
989.540 1417.722
1037.478 1239.415
948.772 1367.952
943.891 1232.059
890.646 1403.363
938.536 1405.422
827.156 1304.808
892.151 1265.492
819.286 1257.246
963.009 1182.272
918.650 1347.531
890.443 1256.070
908.004 1405.119
922.197 1259.012
889.379 1282.558
911.257 1220.146
1063.552 1417.242
1023.274 1297.197
847.822 1241.699
946.616 1181.862
902.409 1212.437
904.679 1406.693
960.192 1397.903
1047.440 1377.700
912.583 1209.938
1012.907 1210.051
852.145 1195.443
962.591 1345.001
891.694 1412.640
1041.103 1201.027
945.297 1295.458
1022.391 1372.546
1004.998 1423.485
947.992 1206.393
992.328 1242.101
865.388 1409.821
948.009 1220.655
950.729 1410.908
894.393 1220.528
851.342 1268.563
825.663 1302.809
832.284 1271.799
848.644 1215.486
1011.259 1329.034
933.372 1378.220
1026.633 1245.192
999.173 1317.360
884.155 1294.140
988.633 1257.368
903.956 1333.567
969.469 1312.467
853.768 1391.713
981.591 1375.478
1065.935 1275.277
823.349 1221.319
918.608 1178.184
896.713 1272.744
953.863 1233.816
956.748 1395.467
843.834 1394.154
1051.287 1349.894
1019.846 1234.754
914.139 1285.779
833.120 1372.740
986.876 1423.776
1022.523 1213.552
863.380 1234.507
927.335 1400.550
924.941 1403.104
1053.397 1274.909
1021.957 1292.723
1016.588 1283.727
1063.811 1312.219
1024.433 1192.779
868.573 1269.199
930.942 1223.236
1018.947 1349.841
1010.079 1281.451
987.464 1366.170
958.257 1226.119
874.420 1210.119
969.885 1406.823
997.283 1376.879
902.131 1343.036
889.912 1413.165
1038.800 1381.710
985.207 1384.628
888.100 1327.144
846.984 1302.084
1062.599 1291.573
830.779 1177.670
896.543 1282.389
1050.299 1252.647
878.204 1321.427
858.047 1345.611
843.048 1274.997
820.956 1182.679
839.796 1260.118
843.401 1426.344
1061.113 1235.482
902.870 1250.817
824.363 1240.288
949.258 1308.617
822.747 1412.344
1026.631 1243.077
941.076 1290.838
877.465 1333.548
875.151 1188.776
1002.594 1253.673
1010.698 1253.868
918.248 1283.491
1058.266 1370.144
1058.673 1226.520
961.341 1215.798
836.684 1253.170
859.161 1339.524
991.627 1393.508
944.837 1375.676
985.263 1233.345
839.299 1391.510
985.746 1271.126
891.049 1336.613
936.312 1220.680
993.987 1323.690
882.837 1188.031
906.230 1366.753
916.659 1344.883
844.025 1381.140
1057.975 1305.682
963.265 1312.164
887.901 1411.248
983.861 1303.073
840.188 1348.567
888.620 1335.289
1022.435 1397.437
1042.028 1363.139
926.005 1236.961
976.310 1331.146
1013.898 1411.833
999.229 1279.080
923.730 1295.581
949.407 1193.695
957.504 1420.707
881.442 1352.971
881.030 1221.677
856.988 1395.252
913.591 1245.558
1046.618 1319.309
864.964 1325.950
858.166 1192.520
963.996 1399.242
899.861 1293.631
1031.076 1307.497
979.999 1394.921
1035.631 1414.987
963.349 1314.301
972.535 1282.510
1055.279 1384.426
861.176 1391.873
935.855 1396.287
900.197 1297.449
883.070 1285.331
1012.427 1264.770
833.644 1345.175
930.593 1238.701
966.878 1241.153
914.493 1394.889
989.497 1383.982
924.188 1207.059
1058.049 1420.660
1029.681 1378.427
1027.605 1244.322
934.298 1378.365
960.781 1424.307
1056.431 1410.549
1028.805 1253.537
896.724 1324.200
934.995 1276.597
1005.990 1368.530
863.543 1267.015
914.540 1291.660
885.014 1381.284
1048.885 1373.672
914.211 1418.793
834.309 1351.592
948.878 1226.269
875.826 1357.555
1022.685 1341.475
890.734 1349.550
1003.024 1354.439
1005.283 1269.137
928.468 1271.438
1044.534 1340.366
820.910 1206.474
933.648 1382.264
973.136 1307.531
982.865 1362.156
987.941 1263.563
1006.105 1205.558
874.815 1267.542
1018.317 1292.604
822.540 1287.905
854.519 1186.081
1059.543 1280.141
923.618 1351.925
1060.011 1319.241
896.616 1214.363
848.863 1390.860
923.901 1215.935
988.278 1222.202
966.754 1364.850
894.499 1178.091
865.917 1345.902
987.585 1375.053
888.849 1301.625
993.904 1393.701
966.521 1311.803
1064.663 1272.405
841.654 1238.847
936.260 1198.049
1057.683 1224.551
828.720 1212.259
872.055 1193.517
927.508 1291.786
1031.715 1245.432
820.426 1392.211
863.855 1265.014
900.996 1366.494
994.791 1225.475
1044.622 1225.007
987.149 1322.722
967.675 1296.517
975.824 1275.124
936.118 1255.112
886.081 1179.974
1021.540 1218.796
834.228 1248.159
1044.858 1212.177
962.263 1177.051
863.558 1387.933
998.236 1186.314
837.395 1404.275
964.985 1251.334
989.477 1374.017
1023.259 1411.766
941.085 1323.392
931.855 1255.948
989.673 1202.710
879.099 1298.655
1032.743 1341.754
918.496 1339.642
1065.458 1298.273
888.092 1329.279
947.623 1308.722
878.508 1408.612
1040.295 1409.665
838.519 1230.829
977.455 1345.451
947.243 1422.116
986.828 1370.536
973.232 1249.030
859.003 1359.086
939.470 1413.477
845.613 1195.981
843.045 1216.047
948.621 1328.704
921.550 1318.362
837.538 1192.911
920.041 1312.446
1037.626 1419.151
1061.606 1370.390
908.343 1187.636
834.837 1378.711
947.597 1278.549
1029.374 1191.006
906.506 1322.531
856.682 1229.210
1029.720 1365.873
839.142 1380.145
925.380 1254.132
928.100 1334.249
905.568 1261.401
1023.203 1276.733
995.623 1228.747
933.661 1360.401
997.447 1304.883
1050.879 1357.980
958.801 1395.148
836.483 1206.478
898.511 1302.590
962.650 1325.649
894.984 1321.248
978.910 1189.336
958.510 1310.871
899.562 1392.456
867.532 1353.470
995.306 1310.496
858.803 1361.729
886.706 1256.746
955.590 1367.543
974.289 1248.345
898.301 1411.035
1015.029 1217.438
1001.489 1341.152
843.465 1194.895
1028.180 1205.485
1046.693 1179.252
954.192 1239.501
997.065 1359.586
923.450 1267.089
1003.724 1227.387
892.343 1413.602
817.536 1308.709
1066.529 1344.983
998.575 1177.752
910.811 1369.959
897.845 1383.491
926.645 1338.782
1021.982 1321.229
915.900 1352.285
890.779 1240.498
992.945 1188.669
1047.765 1295.945
979.498 1409.818
888.501 1369.841
913.189 1246.647
871.643 1220.731
1059.132 1363.733
1018.530 1313.419
854.423 1404.481
1059.611 1403.374
987.507 1377.991
1028.199 1338.643
888.885 1213.126
916.745 1375.995
824.625 1410.163
992.326 1223.272
1038.531 1194.069
943.121 1256.559
1014.179 1279.493
1035.927 1411.146
1048.303 1242.825
975.234 1413.106
1005.569 1343.254
986.285 1345.461
898.559 1205.643
841.335 1385.159
1006.489 1180.676
1059.715 1236.210
861.245 1243.753
932.096 1299.535
910.034 1422.779
1037.760 1204.146
1029.151 1345.501
1056.147 1384.622
958.156 1206.350
953.550 1300.638
950.280 1203.191
843.751 1216.142
994.007 1219.861
877.691 1386.095
834.201 1353.041
857.591 1199.706
938.123 1395.928
914.904 1208.153
1016.687 1271.471
1025.093 1355.346
951.026 1367.462
922.495 1387.175
1025.779 1412.768
929.052 1414.862
905.609 1377.639
945.132 1348.967
1032.798 1256.761
956.061 1233.603
1004.093 1199.237
908.856 1231.716
1064.358 1406.239
962.877 1344.701
883.971 1416.058
1015.247 1214.385
836.671 1306.007
1040.534 1350.692
853.935 1234.615
994.685 1280.100
979.119 1241.098
944.059 1336.164
913.262 1235.552
1056.093 1349.041
821.876 1232.490
1011.061 1406.553
1029.551 1255.796
919.736 1384.028
985.257 1238.282
982.891 1339.901
1024.853 1218.431
1003.513 1316.274
912.561 1390.111
897.050 1308.729
835.452 1299.784
862.481 1367.695
937.236 1234.253
996.279 1417.776
929.635 1424.315
983.065 1245.716
923.897 1177.705
1014.758 1329.306
922.478 1214.536
891.870 1361.599
904.993 1397.415
1043.801 1227.116
832.319 1298.033
892.206 1201.602
960.216 1420.077
847.213 1202.123
1012.844 1277.514
973.377 1274.836
975.515 1283.841
857.755 1195.382
856.658 1178.947
818.214 1282.339
1050.262 1336.223
965.295 1187.772
829.501 1389.854
868.240 1423.748
1000.949 1286.090
946.978 1188.536
967.809 1209.022
906.700 1405.229
918.271 1334.434
1000.599 1242.955
861.248 1402.283
1036.804 1317.282
853.917 1305.638
1025.189 1217.462
973.602 1417.701
1019.025 1396.790
849.541 1215.827
830.320 1300.341
978.289 1253.197
892.306 1329.566
921.014 1330.481
822.488 1351.945
831.285 1332.870
881.333 1223.104
904.067 1311.200
840.917 1310.658
996.879 1393.017
1035.434 1229.001
1047.088 1321.212
1036.210 1222.625
817.993 1256.484
886.052 1180.818
974.808 1324.874
905.157 1231.718
830.981 1306.510
889.902 1392.701
861.599 1347.755
858.404 1385.953
919.864 1258.415
1041.744 1190.882
820.591 1189.688
831.576 1204.332
965.871 1418.139
908.266 1286.306
840.660 1293.460
963.622 1210.353
887.896 1302.910
886.926 1233.567
999.293 1371.574
961.295 1372.332
839.486 1317.384
1005.189 1353.859
904.984 1305.135
1023.534 1225.390
887.841 1307.361
988.234 1398.010
950.465 1269.486
1024.800 1183.418
906.954 1397.982
970.730 1236.665
822.781 1355.784
986.399 1401.624
1013.631 1227.897
834.441 1391.472
940.566 1384.108
864.833 1384.136
1033.384 1233.663
858.621 1280.881
981.110 1412.205
1031.590 1215.673
1011.286 1406.289
969.929 1197.904
876.410 1239.028
849.901 1258.562
903.255 1420.220
901.151 1190.512
870.126 1178.603
994.742 1218.502
972.331 1393.415
827.220 1283.535
1054.331 1273.381
945.861 1203.698
872.297 1385.479
909.718 1364.806
869.487 1207.413
1000.900 1257.627
901.600 1182.193
884.566 1269.616
854.314 1228.571
865.510 1245.239
1039.008 1211.121
980.108 1316.359
971.099 1361.441
972.762 1326.659
975.456 1190.042
835.755 1273.796
1054.699 1219.231
1014.335 1249.478
1055.033 1238.072
894.255 1355.275
888.860 1367.437
833.584 1227.405
977.708 1375.199
818.068 1244.804
841.313 1294.967
1008.727 1237.083
1008.554 1312.088
981.843 1257.848
1005.307 1223.239
922.138 1399.021
1060.402 1349.212
870.387 1207.376
1038.099 1409.478
900.284 1194.969
1058.656 1417.561
971.222 1309.355
963.406 1424.977
966.061 1400.418
871.743 1357.570
826.339 1279.476
896.052 1240.461
974.845 1301.712
817.441 1196.577
852.567 1190.776
1049.777 1360.878
819.979 1184.155
861.064 1285.332
828.261 1212.172
1038.127 1310.294
973.343 1198.956
989.003 1264.147
875.908 1266.346
899.876 1328.673
826.337 1229.249
948.623 1324.978
1058.349 1206.558
1047.096 1319.581
1023.046 1197.708
906.732 1384.189
838.769 1419.560
920.969 1369.050
852.795 1177.847
917.901 1269.296
994.815 1223.084
849.044 1350.782
988.292 1194.327
972.966 1183.377
920.326 1223.232
919.268 1202.040
914.789 1346.312
836.976 1332.807
979.023 1194.068
1049.194 1234.338
1024.119 1296.961
971.771 1406.483
843.060 1350.398
842.012 1333.919
854.635 1385.160
936.434 1213.977
887.712 1223.877
848.987 1327.514
1033.388 1282.666
950.347 1302.683
827.018 1299.502
1038.569 1201.192
964.814 1309.882
950.338 1203.290
885.020 1290.012
827.371 1260.008
932.849 1230.494
1003.287 1235.500
955.810 1310.064
967.977 1202.127
1009.940 1406.661
1025.993 1408.627
900.168 1354.485
1023.172 1314.274
1048.770 1298.805
870.686 1351.096
1026.180 1353.544
969.632 1256.469
1060.401 1296.090
835.978 1380.872
861.620 1282.825
1064.535 1349.036
1046.551 1209.611
922.952 1331.791
927.809 1229.316
937.305 1324.563
925.978 1222.743
864.049 1384.213
1027.386 1387.186
899.960 1358.822
826.460 1296.788
830.934 1366.148
976.389 1197.024
904.021 1309.285
985.622 1246.196
1035.371 1331.195
874.269 1301.512
901.085 1217.443
856.089 1223.390
819.010 1194.781
961.981 1420.281
864.363 1218.762
924.970 1425.866
859.009 1331.468
947.406 1267.940
1041.750 1413.837
1000.742 1319.987
858.786 1282.280
963.538 1376.361
898.330 1181.747
1026.872 1384.075
998.130 1300.512
1040.676 1241.733
905.711 1234.759
869.414 1238.607
872.655 1191.801
985.069 1397.913
1043.003 1294.363
890.116 1358.033
824.919 1203.601
933.973 1222.411
963.809 1253.185
865.449 1323.339
887.474 1332.779
934.564 1198.865
1013.492 1368.741
1038.598 1303.719
983.650 1210.006
962.857 1297.965
929.402 1192.853
952.103 1399.952
831.183 1271.557
985.577 1318.035
985.529 1377.260
889.894 1205.788
1027.557 1399.961
1029.551 1180.143
1060.174 1313.329
993.662 1326.870
1017.637 1323.706
944.873 1289.332
823.850 1286.574
875.078 1417.099
1026.692 1363.335
937.788 1197.303
917.357 1389.658
1006.320 1421.404
841.056 1196.156
823.914 1401.253
1064.633 1399.651
866.555 1281.254
872.283 1212.763
824.014 1265.775
973.907 1321.476
876.060 1197.211
1066.561 1196.194
949.544 1371.221
997.698 1234.393
893.970 1299.423
1037.889 1204.963
876.492 1202.802
843.554 1339.672
968.009 1368.644
949.188 1304.460
856.420 1225.982
894.191 1216.558
844.876 1352.703
960.313 1311.894
1024.087 1400.711
1209.031 2045.409
1110.089 2062.075
1133.463 2122.610
1303.567 2173.903
1213.590 2043.374
1200.771 1994.130
1156.280 2162.186
1296.732 2076.236
1066.097 2027.683
1234.077 2062.482
1155.439 2100.736
1262.990 1962.778
1222.193 1981.691
1242.752 1942.867
1089.907 2030.114
1169.076 1982.562
1073.144 2000.466
1177.931 2094.830
1174.693 2044.942
1304.839 2133.866
1296.434 2084.189
1265.667 1961.876
1301.913 2168.156
1181.825 1995.862
1201.555 1981.589
1128.561 2040.675
1174.503 2169.724
1216.227 2056.652
1182.995 2033.353
1150.925 1977.195
1141.189 2136.160
1102.426 2105.668
1210.471 2020.664
1104.986 2105.169
1116.961 2073.840
1273.899 2032.326
1125.547 2095.042
1239.978 2102.649
1183.259 1955.726
1143.139 2102.323
1228.173 2073.353
1295.754 2070.199
1203.411 2150.955
1288.603 2064.539
1174.152 1977.968
1247.392 2135.333
1069.410 2009.983
1284.695 2173.093
1133.686 1935.634
1155.907 2107.452
1279.546 2079.593
1094.491 2160.309
1203.170 1950.892
1260.442 1996.176
1234.407 2152.832
1162.868 2048.835
1089.108 2151.435
1284.888 2079.164
1162.877 2180.039
1160.817 2046.390
1247.407 2153.751
1269.730 2025.300
1246.502 2082.784
1239.365 2054.209
1306.226 2050.300
1080.028 1942.167
1079.804 2119.860
1257.751 2086.978
1068.334 1973.719
1156.156 1975.362
1068.946 1987.780
1067.180 2121.088
1174.343 1975.352
1268.844 1960.213
1228.761 1983.714
1186.957 1939.886
1224.532 2096.564
1182.870 2077.546
1216.853 1943.450
1118.401 2173.590
1300.055 2138.972
1264.932 2076.984
1259.946 2064.848
1220.303 2121.719
1136.829 2015.857
1227.428 1974.207
1184.840 1986.036
1083.247 2110.147
1168.890 1936.871
1160.118 2090.871
1164.254 2122.821
1145.271 1980.425
1224.033 2120.172
1067.203 1934.607
1282.418 2155.736
1061.717 2168.696
1148.186 1949.828
1062.517 2009.701
1263.402 1983.727
1301.957 2174.151
1292.446 2060.669
1171.783 2054.655
1246.064 1986.477
1141.105 2050.112
1249.029 2080.216
1060.017 2174.217
1229.798 2101.799
1288.575 2034.736
1260.362 2154.485
1286.106 1948.349
1197.561 2117.778
1075.721 2155.201
1113.637 2153.287
1169.529 2033.156
1246.811 2099.471
1256.700 2039.654
1231.627 2135.495
1069.034 2073.495
1262.972 2178.884
1165.910 2052.419
1163.627 1981.913
1190.031 2011.310
1272.850 2006.953
1277.477 2064.307
1262.346 2050.499
1099.935 2053.134
1109.847 1957.671
1148.109 2107.178
1237.448 2042.085
1115.468 2045.125
1123.846 2111.691
1175.706 2052.389
1180.244 2083.219
1242.847 2022.167
1248.807 2133.118
1168.332 2154.028
1285.622 2101.834
1094.471 2084.309
1233.370 2161.718
1278.189 2079.375
1086.855 2051.982
1111.125 2096.347
1192.183 1961.242
1277.153 2069.125
1193.675 2114.989
1081.568 1970.625
1078.579 2124.888
1190.526 2065.757
1157.553 1930.572
1264.918 2137.197
1080.101 2038.280
1235.630 2154.888
1206.853 1987.115
1157.762 2078.573
1085.748 2000.697
1087.282 2048.482
1111.565 2136.920
1063.227 2121.993
1152.450 2084.764
1193.887 1978.174
1129.640 2081.566
1297.097 2159.703
1200.924 1981.378
1079.610 2026.246
1278.421 2173.890
1152.943 2175.189
1187.517 2151.923
1105.846 1946.067
1116.318 2107.226
1200.142 2147.330
1134.727 1974.453
1174.091 1983.878
1179.327 1939.515
1236.745 2150.052
1155.586 1947.852
1249.048 1957.614
1135.532 2168.527
1302.422 2133.305
1072.535 1967.182
1254.333 2097.035
1097.271 2006.590
1083.716 1980.708
1170.869 1951.666
1182.700 2005.318
1306.870 2121.881
1260.688 2010.825
1193.499 2129.770
1148.337 1961.299
1241.049 2075.420
1293.637 2113.100
1260.019 2061.070
1183.446 1972.114
1278.417 2141.075
1160.794 2003.439
1187.360 1930.665
1204.378 1987.835
1166.062 1949.479
1077.082 2088.806
1090.672 1962.697
1174.718 2137.666
1257.192 2032.009
1145.330 2096.072
1134.465 1982.735
1143.535 1977.271
1096.412 1948.095
1095.574 2148.044
1258.216 1955.418
1257.574 2002.574
1147.571 1969.087
1160.160 1948.444
1277.707 1968.516
1121.533 2091.060
1279.575 2020.268
1147.267 1959.515
1276.375 2064.663
1196.960 2092.254
1077.308 2008.368
1305.850 1950.472
1138.196 2047.743
1258.802 2119.205
1140.936 2087.965
1190.751 1978.220
1131.014 1931.235
1276.917 2157.633
1065.603 2164.577
1117.001 2017.410
1236.778 1983.712
1203.358 2126.906
1192.316 2034.023
1217.244 2149.565
1101.587 2046.510
1218.204 2128.859
1223.438 2018.273
1066.292 2065.470
1176.653 2177.212
1161.388 2087.504
1288.450 2089.546
1175.601 2124.129
1270.466 2015.401
1211.317 2100.490
1202.397 2132.126
1063.698 1989.006
1072.235 2102.942
1206.410 2114.910
1164.092 2133.512
1066.068 1974.755
1060.810 2137.989
1235.470 2078.199
1073.383 1987.420
1078.168 2053.030
1068.022 2051.716
1090.568 1933.710
1284.050 1992.190
1216.130 1984.660
1127.277 1959.325
1264.532 1972.027
1253.748 2038.576
1072.736 2170.450
1303.746 2088.999
1302.434 2019.427
1184.622 1937.902
1089.383 2165.236
1147.953 2175.882
1174.633 2076.328
1086.396 2133.441
1246.003 2076.402
1162.746 2054.236
1199.460 1973.936
1211.208 2106.722
1199.832 1967.751
1246.923 2121.817
1160.019 2100.247
1094.127 1981.352
1120.991 2050.479
1124.613 2049.077
1243.927 2029.580
1299.391 2118.386
1262.198 2004.303
1243.214 2035.061
1153.289 2018.959
1112.647 2021.575
1190.328 1939.429
1165.780 2171.110
1243.092 1932.652
1113.822 2037.376
1169.443 1930.989
1216.039 2002.827
1290.332 2039.952
1219.581 2084.742
1155.652 2035.065
1230.525 1950.209
1225.823 1936.842
1290.660 2143.125
1073.306 2065.325
1156.299 2066.254
1061.243 2069.298
1129.860 2134.155
1123.923 2041.128
1118.699 2040.854
1293.939 2153.957
1105.880 2146.965
1156.187 2005.120
1068.498 2129.794
1105.770 1968.565
1308.054 1938.236
1235.525 2030.857
1257.051 2172.156
1260.806 2168.404
1143.901 2063.624
1254.765 1969.337
1134.783 2126.193
1284.482 2143.032
1161.448 2145.272
1153.177 2168.807
1261.793 2009.465
1257.805 2045.969
1168.918 2152.701
1067.986 2106.986
1242.184 2096.495
1257.354 2100.880
1244.334 2177.778
1158.547 1951.582
1256.687 2085.199
1169.290 2153.657
1229.782 2133.806
1292.654 2065.533
1082.432 2114.995
1163.014 2088.261
1073.620 2090.899
1179.410 2016.259
1236.724 2061.473
1104.019 2080.976
1230.116 2057.904
1109.509 2044.706
1168.900 2003.144
1096.824 2047.463
1144.340 2127.446
1072.223 1994.955
1133.884 2121.654
1222.621 1959.218
1156.506 2166.660
1233.283 2072.095
1293.709 2027.236
1237.746 2130.723
1151.020 2157.753
1188.225 2096.365
1284.239 2132.450
1161.811 1945.402
1248.626 1978.411
1229.772 2148.604
1107.722 2034.476
1283.415 2019.679
1117.892 2066.651
1214.606 2047.754
1296.275 2038.650
1265.520 1934.969
1208.869 2097.554
1185.201 2100.751
1161.391 2066.369
1238.031 2129.353
1290.304 2166.001
1153.337 1951.144
1249.742 1935.631
1106.845 2139.410
1253.879 2046.903
1279.823 2110.571
1190.658 2160.437
1224.904 2001.152
1180.653 2133.100
1116.209 2020.139
1262.546 2118.642
1200.578 2117.005
1141.888 1955.343
1074.068 2026.786
1280.400 2002.520
1193.606 2168.174
1195.748 2001.698
1149.699 1997.970
1206.703 2003.184
1128.330 2031.599
1301.454 2128.018
1068.612 2008.968
1210.709 1989.267
1123.821 2116.269
1210.261 2137.087
1113.554 2115.098
1298.627 2107.363
1241.351 1959.421
1193.887 2081.549
1205.425 2035.934
1300.303 2153.554
1148.833 2067.465
1165.060 2136.702
1122.329 1997.233
1252.854 2071.057
1231.680 2162.643
1303.747 2048.265
1210.831 1958.030
1209.931 2180.076
1109.001 2145.887
1218.070 2142.789
1097.200 2015.188
1109.050 2071.040
1081.753 1972.549
1081.612 2166.201
1171.704 2137.950
1275.425 1946.303
1239.160 1945.533
1074.642 1933.384
1110.669 1984.839
1182.347 2119.328
1213.766 2095.225
1237.746 2094.244
1070.117 2159.354
1303.216 2166.634
1163.132 2127.566
1176.546 2059.551
1077.927 1932.100
1290.396 2131.630
1190.368 1934.871
1156.330 1952.261
1288.197 2165.331
1085.690 2066.316
1069.807 1966.988
1241.254 2134.418
1221.426 2151.301
1120.080 2101.859
1197.516 1935.828
1258.034 2116.775
1194.344 2086.728
1306.184 2082.423
1289.344 2066.353
1063.922 1967.368
1080.761 1994.359
1267.044 2149.294
1119.885 2101.782
1118.904 2061.378
1111.876 2090.027
1083.435 2133.986
1062.201 2070.212
1171.724 2167.912
1073.983 1996.762
1167.422 2006.249
1091.873 1983.537
1182.161 2175.178
1264.583 2161.802
1274.899 2103.642
1112.624 2035.165
1275.919 2057.800
1062.687 2090.861
1089.938 1962.807
1236.587 2110.637
1175.823 1948.998
1155.502 1951.830
1144.058 1939.885
1286.039 2095.972
1096.767 2118.481
1189.883 1943.944
1111.830 1985.736
1177.816 1987.617
1122.268 1958.081
1104.426 2159.273
1237.341 2147.613
1118.224 2010.826
1260.036 1965.163
1223.702 1989.687
1237.167 2080.421
1248.902 1943.146
1272.756 2027.836
1107.319 1944.153
1078.799 1945.956
1292.786 2084.998
1202.334 2122.009
1282.648 2169.355
1209.081 1969.848
1305.467 2117.874
1208.749 2079.004
1300.193 1934.946
1081.266 2002.424
1209.580 2088.995
1255.920 1962.111
1221.516 1971.480
1273.105 1931.887
1071.728 1974.299
1105.576 1930.710
1233.621 1985.870
1299.228 2129.011
1225.834 2083.682
1146.169 2049.323
1134.744 2002.851
1113.782 2157.907
1122.303 2158.883
1177.353 1985.054
1251.172 2119.053
1126.257 2066.235
1061.205 1968.155
1085.816 2172.036
1152.381 2135.989
1216.790 1954.133
1304.178 1992.017
1101.337 2122.950
1243.316 2001.743
1067.840 2127.368
1297.442 2050.799
1124.549 2039.342
1271.608 2109.847
1082.712 2170.620
1141.845 2022.137
1238.699 1952.890
1299.986 1983.476
1082.544 2138.079
1069.393 2119.537
1226.703 1973.210
1269.124 1969.936
1205.108 1947.674
1187.685 1967.424
1253.031 1937.495
1177.112 2052.299
1135.169 2075.923
1246.381 2141.475
1078.766 2011.044
1165.036 2155.157
1106.209 1997.499
1063.535 2005.944
1146.585 2031.089
1197.853 2098.747
1222.067 2135.444
1150.303 1949.379
1094.148 2083.992
1163.862 2107.418
1252.431 2168.707
1109.423 2096.687
1102.377 1999.936
1261.932 2050.718
1277.447 1946.993
1067.821 2126.015
1210.871 1968.871
1173.393 2111.113
1108.768 2166.417
1059.872 2075.099
1069.127 1979.436
1153.468 2069.838
1162.505 2086.163
1301.348 2076.551
1110.280 2067.655
1226.960 2008.811
1072.614 1935.189
1137.585 2027.940
1236.010 1956.708
1156.756 2101.788
1059.863 2118.168
1268.095 2132.915
1196.477 2164.549
1169.735 2106.215
1212.628 1978.141
1210.909 2063.244
1295.069 1947.957
1090.818 2073.095
1070.188 2104.034
1256.783 2071.731
1195.885 2042.182
1266.024 2069.697
1210.266 1990.486
1071.717 2145.566
1139.568 2034.950
1108.967 2016.250
1166.517 2043.146
1152.582 2038.547
1226.353 1973.684
1179.502 2138.894
1211.851 1975.049
1295.589 1936.418
1238.069 2098.963
1241.954 2000.310
1138.315 2101.491
1225.794 2029.199
1229.817 2005.154
1263.373 2058.463
1161.177 1996.856
1257.525 2116.011
1106.694 2026.547
1173.882 2047.258
1237.111 1964.134
1082.174 1984.334
1303.957 1953.505
1131.268 1979.958
1211.010 1992.426
1082.597 1990.255
1212.432 1959.903
1187.077 2016.403
1108.408 1939.272
1159.142 2084.708
1246.777 2086.245
1264.768 1934.730
1111.149 2022.954
1218.846 1939.794
1106.460 1971.960
1179.743 1963.829
1159.563 2074.284
1251.941 2119.311
1304.516 2023.794
1187.213 1997.161
1291.380 1966.929
1235.238 2146.333
1118.235 1932.434
1245.251 2091.101
1291.355 2117.166
1294.645 2021.997
1273.395 2148.900
1065.292 1939.335
1237.451 1947.125
1070.020 2117.970
1305.928 2158.807
1252.668 2014.200
1217.000 1985.344
1134.657 2121.884
1206.009 1940.614
1242.922 1958.951
1066.071 1985.841
1282.211 2062.584
1250.555 2060.057
1256.085 1932.367
1092.671 2087.668
1272.701 1940.657
1110.384 2084.618
1141.785 1988.281
1090.879 2144.769
1275.115 1994.725
1241.055 1947.799
1302.116 2009.105
1300.498 2178.862
1062.923 2176.388
1116.634 2143.037
1169.652 2065.699
1131.955 1960.861
1173.343 2026.222
1185.513 2064.160
1201.438 2166.197
1167.864 2067.171
1127.003 1961.640
1158.956 2116.071
1269.766 2065.112
1112.331 1991.656
1171.932 1980.130
1123.743 2077.156
1138.581 2119.920
1279.586 2068.342
1173.581 2019.599
1154.423 1936.715
1167.920 2076.836
1286.060 2055.839
1148.298 1978.415
1244.465 2130.619
1185.392 2062.967
1142.991 2012.635
1283.885 2056.773
1063.328 2123.210
1245.880 2018.717
1252.478 2027.566
1217.192 1957.299
1072.732 2067.578
1223.526 2037.758
1232.907 2048.433
1282.801 2113.348
1074.095 2175.032
1090.819 1980.864
1104.439 2110.197
1239.959 2118.767
1183.247 2174.804
1093.287 2153.522
1249.117 2107.452
1190.525 2112.671
1266.724 2078.646
1058.442 2174.064
1156.506 1974.225
1076.541 2180.118
1212.743 2176.398
1199.846 1982.508
1083.270 2170.983
1307.241 2018.267
1177.092 2088.654
1286.484 2062.422
1157.673 2173.094
1297.949 2086.130
1214.657 1983.188
1101.197 1963.750
1145.772 2044.600
1186.502 1960.343
1098.339 2059.437
1132.255 1931.546
1138.259 2173.055
1164.848 2143.742
1305.346 2127.576
1066.903 2162.322
1220.128 1947.764
1238.532 1973.093
1277.496 2052.824
1262.902 2005.108
1280.776 2074.610
1166.736 1941.631
1095.196 2046.996
1239.451 1938.677
1167.462 1942.036
1283.754 2156.544
1169.835 2017.840
1099.047 1941.834
1241.619 2175.872
1086.274 2037.903
1105.892 2069.445
1221.811 2102.176
1283.579 2061.826
1062.837 2051.596
1233.704 2148.038
1113.998 1994.344
1144.001 1984.281
1230.514 2039.335
1129.472 2071.393
1274.962 2172.417
1166.263 1952.316
1115.821 1957.245
1211.106 2098.525
1245.308 2101.117
1091.874 1957.255
1146.881 1983.193
1264.483 1931.523
1174.493 1996.208
1221.730 2045.254
1134.665 2129.392
1244.969 2040.441
1281.080 2049.350
1079.614 2155.924
1271.599 2053.662
1094.883 2012.873
1271.819 1946.188
1243.250 2027.835
1097.703 2049.784
1288.753 2034.286
1274.269 2115.102
1158.318 2019.495
1105.518 2046.434
1253.905 2080.910
1301.366 2133.491
1253.949 2047.945
1109.714 2095.288
1066.940 1935.967
1221.110 2159.908
1261.244 2103.484
1258.171 2162.792
1250.733 2160.296
1286.120 2121.059
1129.823 2080.012
1173.581 2146.039
1164.588 2071.905
1154.759 1958.357
1133.821 2081.977
1148.286 2020.832
1224.551 2044.670
1232.140 1960.420
1194.033 2056.549
1229.688 2035.035
1061.689 2100.975
1246.412 2151.559
1145.379 2101.103
1161.190 2008.983
1074.111 2001.831
1095.751 2076.847
1243.655 2113.519
1144.573 1971.470
1252.926 2119.318
1063.334 1984.045
1297.334 2120.170
1152.240 2164.038
1199.767 2131.941
1233.263 2010.671
1216.546 2111.091
1284.509 1983.359
1169.737 2115.249
1060.560 2043.882
1153.945 2075.878
1296.046 2005.983
1092.773 2168.188
1100.285 2093.971
1139.579 2128.300
1127.239 2170.094
1181.157 1935.563
1239.311 2033.980
1198.159 2057.272
1277.686 2065.846
1177.653 2122.168
1201.054 2065.890
1299.247 1966.351
1157.885 2109.000
1098.156 1945.630
1277.761 1966.701
1296.701 2053.336
1298.890 1932.963
1274.740 2089.254
1270.558 2023.653
1195.854 1979.241
1286.402 1956.610
1221.745 2036.009
1267.867 2020.299
1292.641 2100.760
1072.931 1973.130
1245.761 2110.993
1172.341 2125.572
1068.181 2149.432
1116.968 2039.477
1090.214 1931.814
1183.789 2168.219
1298.572 2050.669
1191.491 2065.680
1212.640 1942.870
1182.500 1998.691
1143.046 1935.548
1110.659 2178.561
1215.346 2158.947
1307.272 2121.530
1295.873 2152.068
1227.274 1982.908
1187.635 2030.529
1197.233 2021.332
1288.722 2116.066
1128.917 1937.204
1197.759 1997.879
1176.072 2050.912
1269.714 2151.705
1104.455 2011.484
1188.355 1983.102
1227.200 1948.049
1263.838 2081.527
1061.899 2123.641
1301.764 2078.984
1301.083 2178.035
1258.046 2175.084
1246.368 2164.639
1100.103 2061.158
1091.024 2152.414
1204.056 1970.342
1148.201 2142.479
1189.429 2160.945
1273.370 2094.576
1242.982 2009.861
1137.113 1935.178
1155.432 2058.545
1137.113 2079.471
1183.733 2087.821
1106.562 2152.662
1220.910 2175.724
1232.008 2011.930
1087.474 2159.466
1091.404 1931.335
1146.183 1963.095
1127.454 1981.713
1160.706 2047.651
1122.246 1977.536
1128.977 1957.485
1067.602 2095.659
1211.532 2148.866
1211.982 2127.010
1301.951 2022.555
1173.500 2010.522
1267.398 2059.228
1263.181 2086.254
1267.568 2028.070
1269.598 2071.135
1236.681 1933.706
1220.710 2128.467
1112.853 1981.999
1177.058 1988.396
1094.714 2058.210
1221.770 2089.950
1225.473 2047.890
1115.101 2122.280
1182.502 2032.403
1095.598 2070.887
1287.920 2118.595
1118.097 2019.858
1076.270 1974.081
1223.410 2125.499
1233.203 2035.115
1183.566 2123.655
1235.622 2006.329
1226.902 2175.348
1211.946 2036.693
1176.238 2169.505
1165.296 1956.430
1284.420 2056.043
1295.140 2138.779
1104.780 2051.022
1144.739 2109.858
1199.080 2020.404
1251.427 2090.503
1264.980 2164.978
1083.778 1946.098
1211.446 2177.403
1222.543 2018.405
1235.831 2128.897
1101.408 1996.180
1231.132 2008.920
1158.837 2011.382
1088.434 2045.876
1284.099 1935.595
1095.351 1945.280
1146.879 2097.596
1191.222 2070.989
1156.395 1991.560
1168.102 2152.245
1265.084 1941.427
1119.600 2179.021
1202.199 1936.562
1203.089 2059.883
1060.157 1934.191
1280.633 2017.277
1148.443 2129.611
1281.342 2069.468
1177.415 2155.850
1142.007 2136.358
1153.608 1939.873
1063.694 1984.193
1210.940 2081.751
1265.744 2136.902
1298.553 2040.369
1230.118 1953.134
1228.417 2168.357
1140.956 2089.664
1294.358 2024.409
1262.826 1975.651
1227.395 2126.111
1175.074 2080.982
1293.476 1968.412
1150.365 2032.320
1205.332 2169.491
1307.914 2068.825
1109.731 2010.981
1200.473 2163.462
1148.656 2151.886
1218.083 2140.517
1277.218 2022.942
1096.432 1943.962
1181.469 2099.679
1239.287 2079.650
1142.762 1938.639
1170.473 2139.694
1248.275 2005.290
1184.122 2151.051
1274.696 2129.177
1099.754 2042.677
1144.623 2017.944
1071.930 2177.464
1192.917 1983.972
1263.601 2113.347
1271.679 1995.901
1303.178 2069.179
1082.028 1961.975
1298.051 2141.998
1199.847 2011.160
1108.579 1956.700
1116.419 2153.710
1294.356 2068.037
1245.570 1938.952
1205.908 2019.080
1070.738 2154.938
1087.761 2174.518
1205.318 1965.619
1213.360 1976.954
1266.653 2030.936
1262.054 1988.153
1124.574 1961.205
1223.076 2161.890
1077.539 2051.906
1176.921 1959.883
1148.091 2029.007
1189.283 1932.099
1252.132 2098.305
1088.452 2048.087
1256.583 1975.428
1115.594 1956.225
1183.785 2116.307
1282.645 2064.496
1288.032 2023.572
1150.454 1956.045
1094.503 2086.951
1184.573 2125.858
1264.083 2122.255
1242.850 2114.079
1232.380 1959.462
1161.139 2011.729
1299.094 2050.770
1212.773 2102.146
1128.318 2171.460
1072.897 2085.080
1232.513 1947.584
1229.665 1952.977
1099.055 2071.250
1251.139 2168.876
1062.827 1945.091
1079.314 2086.230
1230.236 2140.043
1278.133 1951.765
1291.450 2034.148
1238.194 2152.234
1167.750 2139.947
1275.450 1978.767
1082.274 2036.562
1082.435 1969.866
1217.501 2169.358
1139.572 2063.598
1210.454 2088.519
1239.416 2038.324
1236.323 2021.017
1065.549 1955.202
1290.249 2064.895
1255.817 1953.224
1200.259 2103.642
1189.440 1988.960
1293.198 2011.935
1225.989 2048.839
1287.958 2041.306
1129.949 2151.789
1113.322 2073.772
1079.081 2040.530
1260.222 2019.632
1088.136 1997.078
1146.709 2173.119
1152.913 1949.161
1155.239 1990.896
1080.944 2094.223
1090.323 2072.520
1294.276 1978.642
1170.647 2150.704
1205.827 2103.031
1236.528 1960.665
1215.773 2074.574
1303.613 2046.863
1162.728 2112.845
1233.762 1956.123
1286.056 2083.409
1072.953 1956.388
1203.880 2025.255
1168.772 1981.986
1160.385 2089.184
1131.375 1965.866
1094.074 1992.807
1270.971 2103.165
1232.105 2159.043
1248.962 1934.403
1177.181 2028.626
1208.725 2010.182
1202.970 2070.046
1274.157 2167.304
1063.703 2179.884
1278.866 2104.299
1259.213 2022.852
1276.330 2112.625
1093.251 1931.481
1076.614 1966.271
1182.942 2001.979
1204.489 2051.112
1216.398 2001.102
1283.762 2101.621
1234.481 2044.615
1137.083 2061.246
1225.942 2067.052
1228.789 2111.468
1137.832 1940.221
1135.135 1979.771
1075.056 1975.730
1079.772 2134.377
1288.437 1951.725
1211.097 2004.810
1117.014 1933.351
1156.204 2126.697
1263.395 2150.133
1198.105 1941.500
1259.484 2157.540
1222.798 1993.656
1073.151 2033.082
1285.449 2029.374
1203.686 1995.224
1183.827 2008.561
1173.657 2032.809
1247.432 2169.273
1296.394 2132.204
1115.508 2025.545
1226.283 2091.083
1208.975 2072.897
1178.951 2057.151
1103.089 2127.216
1303.462 2028.679
1292.108 1956.060
1243.260 2053.963
1120.363 1931.311
1090.913 2150.306
1209.846 2042.222
1207.889 2003.575
1214.536 2043.133
1149.928 2038.556
1189.863 2157.081
1208.807 2129.724
1110.133 1989.337
1089.849 2177.890
1238.132 2079.965
1246.525 1932.725
1296.320 2167.591
1156.509 2097.213
1307.944 2111.692
1302.880 2001.065
1308.171 2161.679
1213.274 2122.504
1091.935 2054.149
1071.537 2154.452
1144.413 2166.050
1179.716 2074.119
1178.387 1994.246
1205.176 2137.111
1090.771 2029.618
1072.923 2117.058
1216.143 2098.528
1144.985 2039.213
1190.950 2053.113
1079.301 2154.846
1212.408 1953.637
1068.910 1996.379
1148.493 2122.276
1227.098 2180.123
1100.047 2018.969
1280.729 2126.301
1286.641 2110.453
1121.525 1941.909
1068.614 1933.131
1287.922 2120.225
1305.826 2116.755
1270.346 2003.205
1189.757 1935.379
1167.401 1999.388
1149.248 1943.882
1149.751 2026.024
1230.128 1976.366
1207.178 2026.883
1180.150 2093.316
1158.626 2003.503
1186.759 2025.033
1240.613 1947.745
1218.536 2167.691
1160.963 1990.238
1300.287 2081.100
1303.533 2155.162
1177.185 2030.468
1150.446 2084.833
1114.710 2091.589
1070.874 2147.501
1112.813 1980.881
1288.419 2139.677
1183.327 2157.362
1229.665 2055.259
1064.163 2068.709
1234.127 2108.159
1172.002 2121.299
1087.353 1943.162
1109.340 2169.965
1161.166 2122.054
1132.690 2061.657
1228.316 2094.888
1303.565 1952.882
1110.428 2099.687
1237.463 2075.555
1228.219 2058.229
1268.938 2126.263
1302.785 2067.326
1258.911 2065.896
1165.258 2136.837
1072.586 1979.769
1283.989 2041.650
1304.977 1982.597
1074.493 2120.317
1136.773 2155.565
1123.838 1970.384
1238.692 2095.822
1122.235 2001.930
1252.784 1980.597
1264.852 2015.182
1081.355 2119.952
1288.700 2067.782
1115.626 2071.022
1174.250 2027.834
1067.488 2125.276
1241.397 2126.705
1243.656 2143.901
1219.840 2058.082
1259.068 1938.865
1245.254 1981.388
1080.043 1962.267
1259.164 2020.313
1087.593 2152.577
1197.080 1948.695
1063.820 2121.198
1135.041 2014.200
1247.944 2020.247
1173.991 2126.572
1201.775 2138.924
1259.407 2126.342
1240.352 1994.637
1274.205 1989.606
1233.756 2094.059
1079.330 1983.103
1174.623 2178.801
1152.955 2086.762
1242.361 1982.968
1118.284 2114.219
1121.334 2013.249
1263.970 2071.194
1278.508 2086.312
1127.687 1938.336
1098.423 2084.932
1148.637 2161.263
1082.817 1937.494
1167.834 1944.400
1182.416 2169.759
1138.580 1980.787
1125.947 2132.785
1297.771 2156.969
1078.469 1951.886
1078.855 1985.609
1120.527 2094.565
1234.196 1944.668
1253.805 2139.232
1259.541 1991.537
1280.016 1998.522
1237.771 2180.093
1273.117 1984.131
1164.548 1971.834
1196.810 2060.747
1302.864 2131.240
1232.825 2176.599
1150.795 1953.502
1259.581 2141.358
1282.871 2034.128
1193.831 2144.070
1087.835 2094.665
1242.356 2111.971
1121.292 1952.463
1179.632 2179.682
1302.593 2148.997
1199.289 2136.874
1306.991 2172.849
1271.311 2005.395
1204.747 1962.517
1264.671 2106.672
1111.236 2141.414
1095.577 2043.712
1259.510 2038.862
1199.996 1970.198
1259.234 2127.052
1188.019 1996.082
1093.284 1998.630
1192.528 1952.100
1189.091 2137.534
1066.140 2053.607
1162.610 2043.732
1164.912 1992.594
1184.909 2009.681
1288.957 2010.271
1208.157 2058.644
1105.882 2004.854
1082.291 1998.344
1299.974 2132.594
1075.721 2007.559
1219.114 2099.195
1064.803 2056.299
1213.899 2166.791
1299.662 1947.635
1233.701 2026.718
1251.155 2134.910
1126.219 2146.793
1304.281 2109.482
1159.657 2116.529
1188.217 2034.262
1259.493 2141.250
1134.778 2058.194
1164.044 1997.238
1162.199 1977.066
1177.923 2055.722
1270.104 2014.231
1100.754 2100.810
1145.941 1932.951
1160.100 2050.719
1192.416 2058.542
1068.703 1959.470
1223.159 2048.391
1062.884 1998.571
1278.861 2164.154
1307.131 1982.611
1274.546 2074.307
1301.491 1951.435
1152.421 2070.914
1157.277 1997.574
1153.825 1967.044
1128.389 2153.291
1106.904 2003.036
1215.258 2148.300
1197.367 1985.197
1192.652 1938.536
1229.032 1949.249
1078.622 1939.491
1149.732 2043.388
1169.876 2011.267
1242.148 2134.446
1085.857 2026.514
1090.504 2094.817
1138.941 2091.216
1113.291 2047.258
1087.654 2124.978
1245.474 2107.568
1197.126 1987.432
1297.744 1973.433
1100.537 2177.309
1287.935 2145.865
1221.621 2125.210
1175.918 2093.583
1162.676 2026.265
1096.525 1943.174
1125.516 2156.380
1098.452 2174.694
1154.970 2108.261
1298.910 2095.962
1144.527 2162.912
1177.615 1954.907
1150.034 2160.041
1253.147 2170.686
1243.542 2155.750
1203.088 2105.014
1093.144 2048.823
1164.608 2089.195
1196.592 1957.508
1131.356 2152.281
1170.201 2071.530
1062.855 2148.441
1079.954 2169.270
1224.279 1999.034
1059.166 2086.662
1169.385 2084.117
1176.882 2031.208
1300.506 2121.343
1214.127 2096.786
1080.393 1940.697
1116.629 2024.512
1065.475 1404.484
1099.044 1364.419
1165.030 1411.532
1124.594 1317.550
1027.879 1393.362
1224.211 1404.481
1188.964 1265.926
1180.107 1237.459
1047.436 1456.257
1036.184 1323.123
1115.352 1431.805
1061.645 1412.892
1071.916 1279.876
1169.362 1339.653
1246.550 1319.235
1118.557 1371.382
1249.083 1420.727
1170.370 1227.970
1131.415 1240.394
1214.054 1296.124
1151.264 1394.361
1052.905 1239.231
1035.721 1442.252
1032.862 1369.491
1164.749 1355.995
1111.011 1350.759
1108.863 1328.117
1220.713 1309.143
1149.962 1425.649
1077.794 1444.190
1180.262 1281.765
1131.712 1286.340
1056.172 1447.746
1143.391 1439.801
1177.843 1397.988
1033.329 1475.185
1232.179 1247.459
1167.920 1304.214
1149.076 1420.414
1167.809 1267.117
1155.764 1310.989
1049.025 1365.583
1258.610 1396.896
1177.697 1322.119
1214.816 1317.977
1058.229 1260.786
1064.729 1242.827
1217.055 1271.799
1241.906 1457.079
1053.206 1291.436
1212.359 1344.052
1234.657 1345.479
1053.924 1460.323
1254.033 1274.394
1203.092 1249.094
1180.968 1396.795
1034.729 1449.540
1187.807 1340.225
1185.766 1243.863
1021.096 1322.749
1056.786 1399.285
1069.411 1404.929
1162.137 1407.896
1178.928 1359.451
1039.335 1230.669
1122.407 1249.816
1137.630 1303.244
1103.552 1339.984
1247.322 1344.640
1202.530 1309.044
1092.550 1447.901
1034.312 1273.043
1092.575 1322.490
1019.577 1388.576
1088.969 1319.103
1084.385 1417.166
1134.329 1277.602
1149.178 1429.438
1174.034 1255.307
1190.774 1305.897
1143.501 1299.995
1148.662 1363.965
1055.355 1370.000
1140.144 1426.245
1138.498 1438.674
1098.980 1268.648
1261.724 1309.391
1109.042 1272.118
1161.855 1451.287
1211.634 1305.258
1133.697 1285.813
1071.156 1471.760
1242.262 1439.717
1239.111 1238.596
1232.104 1302.223
1156.744 1320.890
1253.969 1279.644
1205.948 1229.433
1208.885 1458.739
1107.728 1303.572
1146.777 1350.734
1174.449 1450.534
1257.025 1462.288
1190.597 1474.899
1064.105 1311.883
1085.866 1428.334
1250.307 1250.533
1237.326 1272.786
1117.367 1455.832
1255.738 1251.582
1116.957 1242.653
1252.164 1386.074
1220.579 1345.703
1076.030 1408.435
1093.167 1289.447
1240.489 1234.556
1235.965 1424.838
1171.299 1469.436
1053.700 1399.598
1157.805 1373.615
1228.095 1401.110
1263.534 1347.348
1149.982 1391.066
1183.558 1321.366
1253.601 1302.628
1068.534 1258.029
1093.657 1356.217
1257.461 1393.784
1104.048 1428.616
1250.019 1362.467
1057.625 1437.205
1178.033 1348.881
1086.141 1294.190
1063.289 1469.793
1267.437 1283.894
1188.437 1258.147
1024.549 1376.069
1108.414 1331.851
1215.404 1229.423
1159.703 1406.863
1246.274 1228.537
1071.155 1348.498
1152.739 1453.638
1258.063 1394.405
1025.360 1434.256
1261.476 1474.891
1081.405 1278.406
1233.242 1283.428
1091.725 1247.499
1148.051 1435.520
1210.423 1268.537
1059.186 1345.436
1136.178 1300.512
1246.845 1448.501
1227.173 1467.911
1187.169 1309.598
1119.147 1408.302
1210.162 1282.394
1090.679 1397.737
1082.460 1405.528
1087.495 1256.219
1241.558 1354.939
1099.863 1238.105
1108.257 1378.933
1085.970 1329.147
1092.583 1291.194
1052.583 1404.286
1228.448 1277.032
1136.152 1294.512
1150.389 1448.786
1233.552 1427.587
1158.135 1355.539
1029.699 1465.884
1212.561 1442.195
1138.221 1416.634
1023.329 1265.630
1141.523 1455.500
1104.657 1272.481
1123.739 1255.185
1058.668 1383.796
1106.122 1272.274
1104.566 1371.184
1100.565 1388.040
1263.189 1465.951
1058.679 1395.028
1246.955 1229.675
1197.501 1383.845
1050.094 1440.218
1044.727 1354.964
1172.833 1409.152
1211.449 1457.476
1232.744 1273.882
1207.198 1468.965
1078.497 1362.227
1193.799 1439.079
1021.569 1450.412
1024.219 1392.734
1241.742 1453.152
1073.345 1301.524
1248.369 1427.715
1058.728 1258.574
1028.505 1331.040
1087.753 1370.717
1096.062 1300.323
1228.341 1227.865
1193.094 1434.134
1204.477 1461.600
1123.048 1281.115
1109.997 1302.409
1237.252 1458.576
1080.240 1392.833
1256.606 1359.614
1162.709 1374.942
1085.689 1325.551
1036.622 1454.100
1107.541 1290.495
1044.973 1262.851
1027.609 1262.733
1200.560 1334.918
1034.427 1284.270
1063.036 1322.556
1267.654 1252.220
1129.956 1333.381
1022.342 1265.947
1098.059 1314.351
1067.668 1255.167
1220.113 1382.934
1211.949 1399.117
1174.726 1345.771
1098.760 1405.565
1222.778 1362.356
1249.145 1259.719
1226.754 1275.344
1116.803 1375.861
1133.319 1409.035
1126.355 1350.222
1077.150 1433.195
1153.722 1422.020
1240.473 1317.868
1206.872 1306.185
1074.894 1274.592
1032.178 1408.570
1104.700 1275.554
1256.500 1376.930
1072.804 1300.795
1145.397 1360.050
1203.398 1363.588
1077.650 1379.229
1138.237 1363.717
1230.060 1337.788
1261.666 1396.963
1119.604 1281.422
1129.034 1293.821
1178.008 1310.342
1088.274 1368.002
1206.217 1386.698
1029.999 1434.565
1228.908 1419.398
1092.947 1464.199
1164.114 1337.042
1196.668 1340.730
1226.948 1281.729
1185.098 1387.651
1072.542 1300.214
1165.220 1373.319
1107.564 1234.763
1154.170 1385.893
1069.596 1359.502
1156.150 1470.598
1253.739 1383.001
1207.097 1309.838
1227.971 1237.630
1117.568 1404.095
1124.090 1230.441
1104.353 1272.390
1186.178 1296.953
1098.714 1417.669
1085.650 1460.229
1082.862 1435.922
1088.658 1435.933
1252.713 1389.332
1020.164 1398.716
1196.802 1416.586
1211.665 1293.505
1080.949 1367.145
1205.612 1407.607
1134.864 1472.232
1222.039 1278.913
1085.479 1377.030
1223.233 1322.173
1029.614 1435.837
1269.082 1361.472
1164.776 1312.598
1224.781 1257.909
1102.931 1287.268
1081.618 1294.675
1208.628 1402.302
1140.180 1314.800
1228.481 1307.285
1076.304 1352.243
1039.049 1381.390
1071.737 1232.361
1081.474 1370.303
1149.035 1352.741
1108.980 1323.765
1234.893 1447.622
1148.413 1391.809
1170.029 1244.539
1067.594 1414.389
1113.104 1343.465
1255.607 1229.369
1163.709 1234.766
1181.752 1354.576
1106.770 1430.091
1222.115 1254.792
1085.162 1329.191
1183.709 1347.164
1105.396 1372.093
1092.620 1244.115
1255.738 1246.139
1107.859 1274.325
1253.734 1243.046
1059.529 1245.746
1034.130 1381.931
1245.160 1404.746
1145.162 1244.534
1269.378 1369.505
1157.702 1263.979
1187.558 1457.807
1169.983 1390.079
1158.287 1266.044
1081.445 1300.690
1208.999 1261.601
1024.647 1306.880
1073.011 1358.236
1181.234 1240.023
1184.580 1339.662
1119.259 1462.358
1175.157 1247.050
1223.952 1438.282
1045.594 1252.470
1125.904 1437.818
1128.964 1228.484
1254.747 1273.608
1203.223 1230.019
1141.749 1361.988
1227.346 1383.973
1234.640 1273.778
1038.684 1282.201
1202.505 1280.536
1055.596 1462.166
1244.295 1426.104
1212.666 1341.790
1036.707 1321.973
1093.056 1234.010
1089.724 1309.014
1249.811 1474.429
1152.340 1352.039
1096.649 1470.524
1208.340 1347.778
1227.691 1273.241
1034.282 1465.495
1264.523 1334.263
1191.273 1401.330
1199.602 1434.016
1042.543 1386.045
1245.058 1321.588
1114.134 1395.171
1094.738 1474.795
1191.093 1439.722
1168.035 1279.192
1116.914 1351.056
1030.384 1442.561
1201.943 1357.030
1202.723 1402.633
1091.529 1280.860
1060.066 1449.682
1101.349 1322.888
1227.891 1366.907
1131.668 1387.122
1172.505 1314.864
1084.749 1318.046
1146.928 1369.908
1087.163 1354.734
1269.093 1315.583
1121.611 1304.316
1235.943 1447.251
1116.754 1406.179
1146.725 1347.264
1043.121 1413.321
1052.958 1354.499
1089.279 1278.874
1179.975 1234.986
1024.368 1453.300
1112.127 1296.897
1156.837 1388.873
1219.995 1470.260
1194.629 1415.478
1089.585 1371.809
1089.029 1423.503
1097.717 1412.746
1268.184 1472.441
1255.303 1316.562
1249.265 1444.763
1089.019 1352.312
1155.874 1419.301
1239.008 1393.190
1176.424 1386.925
1165.112 1410.844
1087.324 1323.511
1093.774 1377.610
1103.947 1459.152
1186.345 1344.091
1031.871 1357.658
1162.667 1247.947
1168.418 1384.635
1054.067 1313.553
1263.136 1323.862
1082.408 1388.284
1057.740 1448.494
1058.771 1367.028
1047.985 1432.729
1233.024 1428.155
1024.355 1234.384
1186.259 1349.142
1245.764 1467.164
1107.966 1331.851
1155.707 1376.478
1132.854 1271.932
1267.144 1263.158
1116.561 1252.356
1240.689 1392.745
1269.381 1312.034
1214.243 1307.422
1177.010 1308.559
1066.570 1426.079
1230.458 1417.406
1027.816 1297.811
1093.961 1402.665
1030.496 1286.103
1234.469 1415.254
1216.837 1415.637
1131.945 1389.320
1249.712 1351.432
1193.927 1471.868
1022.556 1402.149
1247.351 1332.530
1156.411 1354.313
1258.796 1469.306
1190.874 1270.855
1080.493 1238.486
1231.604 1353.185
1181.627 1443.639
1253.516 1259.477
1209.716 1463.794
1048.264 1442.576
1057.327 1261.128
1148.965 1468.501
1150.626 1353.570
1178.135 1398.142
1099.665 1236.183
1150.278 1274.078
1238.964 1450.891
1059.427 1380.937
1241.153 1451.883
1070.220 1371.765
1122.654 1248.178
1088.791 1263.692
1212.977 1431.036
1257.925 1440.235
1238.140 1414.298
1099.596 1268.561
1075.829 1360.166
1146.101 1303.640
1059.342 1365.941
1244.705 1414.655
1103.338 1413.068
1147.766 1241.143
1234.758 1354.532
1176.829 1440.177
1127.489 1353.102
1159.310 1333.838
1240.660 1406.610
1184.270 1280.488
1106.154 1382.168
1042.353 1304.393
1247.046 1262.092
1185.270 1425.478
1088.276 1391.108
1119.446 1366.207
1071.018 1349.972
1221.740 1434.271
1131.485 1286.360
1106.696 1252.528
1023.849 1329.392
1048.837 1277.441
1104.553 1338.737
1031.224 1383.971
1031.606 1387.372
1161.873 1452.663
1120.770 1291.709
1152.948 1459.051
1211.955 1310.580
1060.009 1286.127
1120.000 1295.170
1202.775 1436.135
1138.829 1342.851
1070.819 1368.154
1204.950 1474.655
1133.054 1255.245
1079.385 1273.839
1087.015 1473.465
1145.462 1343.823
1114.589 1434.151
1183.286 1285.102
1104.904 1458.811
1033.653 1274.736
1057.943 1378.453
1128.196 1362.853
1154.455 1397.070
1065.659 1449.511
1258.357 1280.090
1167.383 1289.965
1166.125 1363.003
1108.941 1273.915
1262.288 1380.006
1264.294 1390.044
1022.611 1412.420
1144.430 1350.463
1048.713 1273.572
1185.994 1227.558
1152.970 1277.092
1108.595 1418.563
1153.921 1304.502
1157.903 1377.021
1147.554 1374.128
1058.851 1294.566
1116.725 1359.511
1106.870 1286.195
1255.146 1263.798
1030.210 1426.149
1214.727 1262.450
1266.626 1271.933
1098.949 1407.721
1062.079 1292.058
1074.515 1242.462
1144.012 1430.707
1145.394 1247.105
1026.862 1296.458
1022.436 1345.496
1118.244 1239.757
1250.523 1338.220
1184.819 1253.166
1168.009 1317.652
1055.675 1285.313
1106.552 1468.689
1251.813 1402.839
1042.689 1252.115
1239.940 1380.855
1228.154 1240.824
1264.464 1281.214
1088.390 1351.764
1079.945 1310.948
1051.727 1369.347
1081.699 1351.488
1042.027 1334.711
1261.329 1245.917
1028.669 1433.846
1214.822 1252.465
1246.170 1230.085
1263.254 1231.270
1200.141 1388.479
1157.718 1442.850
1035.108 1226.081
1245.000 1316.475
1037.703 1244.431
1094.937 1442.755
1072.558 1262.245
1079.513 1375.317
1147.491 1288.075
1145.208 1229.732
1067.957 1426.377
1125.888 1360.084
1154.528 1449.838
1221.973 1247.809
1190.193 1322.412
1219.286 1368.605
1227.705 1314.764
1241.344 1242.549
1152.195 1247.823
1123.317 1385.470
1155.816 1401.929
1096.447 1335.594
1044.285 1406.714
1170.089 1429.613
1267.561 1354.744
1185.155 1272.785
1252.728 1419.591
1092.339 1255.397
1105.681 1322.596
1146.807 1256.993
1128.364 1383.574
1220.325 1235.402
1115.139 1454.096
1247.114 1404.131
1029.886 1471.249
1032.129 1372.143
1243.982 1298.457
1098.416 1437.685
1252.967 1240.449
1250.554 1231.239
1049.494 1321.862
1186.703 1364.261
1185.418 1241.616
1185.629 1310.466
1213.028 1307.316
1180.814 1385.974
1033.272 1289.019
1030.862 1286.675
1140.372 1382.828
1089.833 1279.302
1028.485 1466.065
1070.440 1417.373
1097.728 1444.794
1049.324 1365.859
1186.921 1271.960
1050.039 1310.125
1063.493 1252.559
1053.958 1394.151
1047.179 1231.807
1035.194 1230.499
1095.263 1332.107
1030.257 1297.493
1156.722 1291.819
1173.704 1398.413
1019.758 1294.304
1197.714 1413.036
1195.867 1267.555
1244.000 1298.096
1037.369 1470.912
1224.809 1369.150
1131.711 1420.083
1029.496 1441.319
1147.772 1369.639
1073.914 1295.379
1069.985 1357.928
1019.447 1239.659
1208.119 1358.935
1022.831 1348.953
1024.020 1448.709
1030.783 1346.836
1187.018 1359.988
1068.803 1324.828
1212.686 1399.258
1164.008 1231.901
1105.651 1347.555
1104.793 1291.597
1209.836 1462.359
1106.592 1285.639
1196.187 1278.888
1263.854 1333.278
1137.984 1440.199
1249.383 1427.821
1072.606 1347.101
1036.548 1370.020
1178.638 1355.444
1250.978 1469.228
1242.145 1413.415
1048.782 1470.047
1121.001 1254.876
1077.006 1432.668
1066.922 1268.772
1053.429 1377.946
1245.488 1426.552
1022.519 1461.579
1127.406 1288.565
1180.555 1240.213
1096.788 1430.029
1178.756 1352.306
1116.997 1460.179
1261.400 1357.916
1042.234 1399.932
1033.868 1396.594
1149.289 1459.089
1241.661 1251.592
1065.215 1334.821
1254.122 1432.420
1020.684 1425.249
1046.829 1345.939
1201.684 1300.110
1229.976 1377.299
1071.192 1237.474
1101.083 1338.586
1083.443 1336.857
1117.531 1331.520
1045.667 1463.620
1091.896 1387.986
1231.220 1381.030
1174.666 1424.706
1051.189 1355.475
1070.977 1405.290
1136.072 1397.581
1103.361 1353.727
1258.244 1380.963
1129.829 1423.244
1116.539 1278.888
1109.169 1270.062
1055.104 1243.952
1194.123 1377.158
1031.939 1322.126
1024.978 1462.231
1044.265 1288.482
1061.859 1398.083
1078.922 1424.673
1108.591 1330.249
1246.309 1241.358
1242.471 1336.466
1033.784 1468.867
1024.790 1442.803
1031.066 1398.846
1267.991 1250.191
1074.118 1241.742
1029.279 1473.959
1028.557 1389.638
1249.624 1314.796
1070.280 1359.663
1140.619 1404.096
1021.261 1433.890
1068.986 1469.349
1142.256 1471.692
1166.991 1360.725
1105.696 1389.803
1072.016 1232.612
1176.857 1236.763
1195.563 1335.682
1160.643 1305.897
1062.395 1461.265
1196.855 1333.188
1172.879 1388.793
1189.044 1376.637
1262.303 1344.783
1239.958 1469.257
1135.855 1232.166
1167.307 1266.236
1055.838 1429.304
1168.688 1430.883
1235.356 1419.481
1040.171 1275.532
1180.232 1445.231
1133.423 1358.791
1108.125 1348.346
1130.241 1272.374
1255.846 1249.335
1078.134 1378.619
1086.884 1299.523
1111.693 1238.605
1107.689 1248.432
1051.185 1379.616
1255.397 1446.826
1243.393 1445.453
1098.884 1390.953
1167.181 1247.284
1065.122 1412.813
1029.819 1462.992
1092.476 1328.006
1185.336 1271.198
1027.571 1360.842
1209.809 1333.582
1221.278 1465.657
1225.555 1393.674
1218.428 1268.784
1090.689 1425.642
1058.767 1241.897
1124.957 1445.149
1255.431 1357.695
1260.385 1233.890
1031.311 1266.052
1124.473 1280.480
1051.688 1337.548
1148.868 1286.425
1251.292 1373.915
1200.584 1347.350
1173.338 1232.384
1163.936 1422.768
1230.401 1362.858
1249.687 1408.886
1080.881 1363.941
1223.041 1263.633
1124.214 1372.455
1194.157 1432.374
1065.904 1455.072
1116.411 1243.608
1082.698 1394.754
1242.125 1375.714
1139.193 1298.428
1085.056 1314.090
1150.745 1328.825
1211.177 1261.877
1107.394 1372.897
1124.027 1276.953
1063.346 1227.239
1061.059 1321.861
1099.837 1392.010
1019.927 1465.305
1250.048 1280.699
1084.555 1421.090
1218.132 1332.667
1029.430 1464.441
1146.725 1380.674
1121.329 1287.816
1046.267 1422.508
1164.504 1249.524
1233.844 1231.709
1182.782 1379.585
1092.968 1239.149
1055.776 1411.241
1147.419 1361.669
1068.584 1412.691
1163.096 1316.268
1128.533 1344.684
1252.151 1286.879
1170.883 1303.137
1211.028 1307.556
1049.791 1388.728
1160.537 1416.532
1092.347 1401.507
1232.967 1276.623
1193.242 1233.663
1080.024 1248.449
1091.194 1427.323
1223.104 1270.414
1020.029 1246.088
1249.605 1290.034
1048.506 1358.246
1135.526 1414.665
1090.103 1346.358
1112.206 1431.695
1023.508 1372.499
1049.800 1289.164
1139.371 1245.713
1186.493 1443.797
1162.262 1340.383
1229.810 1394.663
1149.740 1279.725
1136.580 1236.628
1232.776 1298.158
1117.023 1238.951
1236.908 1320.141
1052.866 1419.787
1145.817 1465.977
1249.317 1458.470
1081.914 1267.300
1071.337 1262.116
1110.545 1470.815
1027.801 1462.324
1059.678 1353.558
1139.380 1276.526
1233.965 1357.351
1225.857 1384.620
1020.418 1327.269
1241.191 1356.083
1046.683 1273.351
1159.743 1257.389
1242.071 1319.455
1053.831 1289.895
1129.856 1264.106
1165.686 1393.836
1133.812 1301.160
1265.267 1416.686
1260.824 1414.731
1173.920 1353.506
1226.181 1436.074
1103.629 1429.266
1210.250 1466.255
1202.369 1415.792
1241.461 1405.838
1173.234 1305.276
1207.378 1468.560
1259.957 1376.854
1185.770 1409.364
1040.227 1364.463
1182.467 1291.476
1106.607 1472.978
1205.486 1397.440
1144.915 1422.076
1172.467 1430.021
1248.906 1470.127
1243.390 1403.211
1139.057 1367.442
1220.299 1328.867
1220.714 1472.333
1138.719 1385.465
1185.896 1245.287
1047.314 1380.763
1258.853 1275.017
1252.573 1436.336
1205.189 1359.571
1179.683 1274.943
1068.284 1471.365
1140.896 1335.399
1020.121 1416.101
1043.679 1263.172
1095.147 1270.745
1079.646 1286.258
1073.709 1387.091
1224.892 1382.506
1151.828 1232.127
1166.651 1447.304
1169.545 1457.905
1261.505 1446.050
1119.175 1262.068
1046.942 1411.355
1158.744 1227.677
1187.930 1387.928
1180.086 1321.073
1150.418 1327.689
1025.036 1303.986
1025.993 1387.148
1074.187 1325.122
1193.317 1347.188
1126.565 1253.814
1086.769 1346.384
1140.157 1431.696
1123.651 1234.158
1266.609 1352.252
1073.465 1252.616
1227.487 1385.688
1226.010 1423.744
1058.015 1237.776
1032.544 1291.880
1098.508 1397.780
1231.717 1373.530
1120.246 1444.492
1140.397 1403.487
1021.978 1349.186
1225.534 1255.729
1143.055 1451.549
1185.288 1247.512
1148.014 1318.126
1042.049 1267.150
1022.399 1422.326
1057.189 1272.654
1121.433 1230.194
1085.459 1463.166
1177.399 1403.514
1178.745 1270.350
1140.174 1427.438
1040.465 1447.209
1055.267 1425.297
1028.818 1414.976
1155.649 1367.266
1262.549 1234.373
1232.950 1390.362
1240.302 1437.206
1049.642 1385.024
1207.886 1312.633
1225.697 1257.463
1265.709 1471.912
1052.989 1378.897
1051.087 1349.275
1148.502 1461.824
1188.581 1290.457
1150.948 1471.458
1163.072 1247.997
1141.435 1230.118
1066.294 1438.670
1196.889 1291.139
1083.888 1263.032
1162.472 1335.178
1056.480 1345.259
1089.117 1259.196
1224.329 1262.438
1199.599 1363.049
1231.435 1234.942
1140.081 1336.130
1027.866 1406.148
1248.280 1394.397
1169.414 1325.715
1251.540 1336.057
1070.161 1460.475
1058.530 1465.518
1045.734 1340.092
1137.631 1377.761
1197.463 1246.640
1141.954 1407.715
1175.527 1403.568
1072.254 1473.779
1183.403 1378.382
1098.379 1281.323
1045.543 1430.134
1092.456 1351.433
1156.802 1406.874
1161.919 1379.576
1255.529 1247.066
1076.809 1430.467
1232.112 1453.562
1105.858 1280.178
1135.386 1440.592
1199.989 1364.433
1229.710 1333.186
1047.589 1466.017
1061.046 1378.758
1042.008 1227.781
1019.847 1443.868
1263.042 1416.728
1148.278 1463.025
1027.791 1320.063
1116.785 1364.590
1190.210 1277.274
1256.235 1310.955
1190.833 1369.908
1252.474 1335.528
1165.229 1456.928
1244.326 1311.794
1049.430 1415.279
1248.602 1412.903
1239.438 1325.327
1211.105 1386.406
1120.829 1276.729
1188.930 1361.994
1021.194 1367.726
1227.298 1271.423
1131.733 1374.221
1236.347 1419.417
1267.841 1246.968
1111.030 1453.345
1099.352 1390.851
1269.149 1330.120
1114.301 1361.206
1243.433 1297.226
1264.495 1363.459
1035.488 1397.876
1090.577 1407.822
1099.023 1415.956
1197.373 1256.295
1130.090 1231.182
1036.965 1458.831
1065.821 1262.449
1077.351 1469.297
1029.238 1226.864
1080.020 1243.710
1242.277 1357.656
1173.125 1424.270
1171.095 1301.447
1095.685 1315.317
1162.539 1355.532
1228.271 1450.597
1157.153 1405.536
1250.961 1470.593
1108.935 1269.143
1225.599 1315.441
1188.717 1300.484
1087.931 1269.126
1228.548 1327.414
1022.790 1439.110
1049.437 1267.204
1150.140 1251.128
1026.232 1438.178
1055.493 1323.243
1207.184 1229.643
1201.916 1316.779
1032.884 1333.187
1084.541 1229.572
1244.563 1354.429
1123.914 1447.689
1220.640 1410.703
1093.234 1452.415
1134.144 1469.374
1226.040 1273.382
1034.872 1415.940
1199.080 1404.092
1102.469 1302.163
1094.005 1415.541
1130.586 1404.531
1151.639 1333.756
1223.063 1427.007
1183.888 1293.496
1252.068 1460.416
1214.357 1369.135
1217.916 1245.943
1115.741 1258.678
1058.190 1354.000
1260.664 1370.270
1062.205 1228.499
1222.261 1250.389
1108.718 1316.038
1267.009 1251.410
1157.637 1385.730
1049.583 1447.303
1222.034 1470.769
1259.772 1258.269
1045.853 1464.637
1253.900 1366.405
1119.721 1296.522
1066.210 1227.821
1182.960 1333.040
1097.871 1333.318
1076.839 1363.522
1126.451 1330.903
1106.513 1443.695
1222.316 1403.426
1031.251 1367.755
1262.117 1373.958
1213.200 1257.762
1137.340 1432.311
1097.644 1375.985
1263.347 1238.944
1171.807 1428.567
1165.901 1245.519
1191.716 1431.119
1257.880 1259.892
1058.578 1398.123
1114.099 1265.530
1111.243 1414.906
1226.631 1452.189
1108.255 1296.912
1078.341 1462.785
1226.331 1418.392
1091.411 1370.578
1024.734 1266.588
1257.860 1228.161
1076.082 1356.986
1149.576 1437.625
1032.474 1229.809
1109.659 1230.612
1110.654 1325.582
1200.822 1462.808
1025.005 1392.963
1191.635 1348.897
1108.130 1417.146
1131.615 1447.059
1132.000 1384.063
1257.445 1382.803
1111.785 1297.143
1119.867 1326.479
1055.926 1252.229
1084.861 1419.430
1093.468 1413.953
1250.357 1249.379
1113.777 1393.214
1108.353 1235.060
1032.391 1269.130
1247.772 1279.321
1040.583 1346.135
1055.026 1286.159
1161.340 1345.328
1245.908 1400.568
1153.518 1325.429
1228.901 1442.464
1026.038 1400.284
1090.464 1301.836
1222.599 1431.248
1128.586 1454.716
1161.007 1448.019
1145.108 1386.509
1254.430 1369.300
1219.508 1278.038
1030.788 1430.081
1153.739 1456.484
1248.205 1282.125
1256.086 1462.350
1155.529 1283.425
1089.144 1316.034
1256.900 1370.320
1172.692 1260.934
1139.457 1363.600
1139.726 1469.361
1129.598 1410.006
1180.656 1442.312
1055.818 1472.646
1255.733 1309.286
1114.907 1333.784
1198.392 1236.743
1233.567 1459.037
1061.908 1318.179
1131.918 1470.411
1232.928 1459.422
1196.831 1401.534
1255.171 1259.882
1114.581 1359.065
1109.092 1344.261
1091.118 1353.813
1222.017 1244.845
1053.341 1397.468
1206.432 1427.483
1257.082 1402.888
1024.089 1423.119
1044.686 1238.378
1172.580 1239.974
1210.556 1408.120
1076.900 1266.376
1119.462 1228.736
1265.147 1460.468
1077.644 1339.182
1261.504 1333.853
1060.927 1289.179
1198.228 1300.965
1042.882 1373.863
1052.978 1322.341
1148.838 1331.517
1080.074 1388.854
1097.836 1390.833
1257.469 1255.768
1181.715 1405.777
1232.612 1258.968
1026.062 1260.449
1155.281 1341.894
1078.096 1315.847
1185.657 1247.251
1117.880 1357.396
1246.430 1292.737
1245.376 1428.094
1078.555 1415.829
1028.418 1235.435
1237.659 1451.244
1163.614 1241.305
1228.575 1274.622
1229.071 1251.096
1054.620 1459.043
1091.721 1367.064
1227.888 1387.724
1125.512 1389.464
1246.955 1230.545
1125.448 1407.291
1172.987 1242.434
1132.806 1424.111
1141.208 1356.288
1189.969 1305.531
1079.713 1382.848
1247.184 1387.448
1225.311 1356.592
1077.867 1303.285
1065.808 1325.851
1038.485 1475.149
1266.199 1269.321
1191.630 1461.919
1165.589 1384.546
1221.316 1351.065
1043.660 1336.694
1040.208 1228.708
1248.461 1316.104
1025.587 1268.451
1259.663 1429.780
1243.679 1332.652
1065.533 1238.689
1173.727 1304.080
1088.880 1436.057
1103.256 1250.478
1256.192 1410.044
1055.700 1264.494
1152.024 1242.122
1035.949 1377.497
1105.504 1294.323
1234.162 1359.488
1046.615 1337.833
1067.721 1433.658
1043.176 1415.746
1141.801 1328.926
1047.977 1355.087
1229.017 1320.861
1186.607 1443.321
1027.293 1436.200
1027.624 1257.779
1066.545 1326.528
1213.742 1248.810
1054.098 1454.648
1029.582 1463.231
1109.943 1303.965
1136.441 1318.167
1194.091 1305.744
1143.517 1251.720
1172.464 1347.664
1139.267 1411.356
1062.430 1436.881
1118.444 1265.148
1200.546 1354.558
1025.284 1312.106
1209.251 1404.893
1046.281 1363.438
1072.152 1467.434
1074.370 1417.997
1025.624 1353.576
1202.838 1371.485
1210.580 1358.122
1171.913 1343.607
1087.098 1386.344
1264.422 1458.535
1091.620 1262.011
1041.004 1423.578
1221.991 1418.999
1151.873 1317.378
1118.505 1378.757
1133.362 1323.570
1190.925 1457.843
1493.792 1023.635
1496.722 1036.875
1355.382 983.235
1586.676 1122.562
1476.952 1064.327
1449.537 1074.599
1408.909 1103.846
1463.596 971.224
1415.997 1068.574
1499.933 939.451
1421.021 1151.371
1364.341 1004.728
1469.234 1000.849
1463.627 1066.904
1353.156 1109.456
1550.319 997.899
1597.859 981.374
1588.391 1127.386
1587.472 1004.885
1378.642 1053.950
1419.362 1081.783
1543.270 1032.505
1546.736 1137.547
1573.249 940.963
1427.851 1100.725
1566.147 1024.059
1488.812 1024.044
1473.773 996.654
1460.722 1000.020
1367.898 1049.503
1415.345 1156.066
1401.557 1023.814
1396.095 997.212
1391.743 1030.574
1528.316 1092.326
1497.648 1043.625
1558.474 1163.787
1360.302 1067.149
1484.401 955.992
1408.018 975.477
1381.179 1096.487
1480.622 1163.097
1438.529 982.052
1444.759 1024.427
1546.157 994.074
1469.237 1109.438
1442.845 1160.408
1391.527 1130.364
1384.876 1010.746
1387.392 936.751
1585.690 1104.742
1444.848 1108.094
1500.371 1062.235
1550.626 1035.667
1543.395 987.498
1412.929 997.865
1396.765 1116.808
1510.883 1042.324
1493.553 977.487
1517.666 955.849
1529.781 1043.052
1536.072 1159.729
1494.568 932.862
1411.416 1009.650
1532.550 1035.795
1490.825 1068.628
1384.195 1150.373
1596.747 951.906
1385.493 1167.002
1518.938 1049.833
1439.902 933.463
1564.445 956.279
1510.821 1128.581
1475.174 982.766
1439.195 969.921
1506.063 1079.286
1541.825 1045.794
1560.569 1060.317
1536.075 954.181
1371.937 992.839
1597.491 927.895
1472.103 1121.615
1484.713 1121.064
1437.606 1111.513
1563.740 1113.647
1480.128 1137.429
1381.538 1102.130
1524.080 1038.619
1593.122 1149.906
1592.094 980.829
1559.161 1108.140
1490.168 1154.842
1427.551 1019.197
1431.616 927.050
1575.669 1100.012
1470.554 1143.275
1364.437 1071.114
1456.691 1013.188
1498.257 1112.109
1454.237 1106.073
1583.460 1018.405
1566.683 1071.154
1593.134 1167.061
1523.733 1098.047
1349.700 974.859
1587.768 1071.437
1398.131 1157.776
1539.798 1075.305
1545.362 941.069
1360.175 1060.606
1476.939 1005.652
1550.968 984.465
1480.051 1063.102
1390.955 1141.391
1559.474 1067.007
1431.087 942.885
1445.569 1119.029
1587.443 955.237
1499.397 1113.722
1596.677 1143.936
1577.054 1070.854
1412.552 999.499
1372.270 1074.169
1464.799 1005.249
1548.453 962.131
1482.050 1162.185
1367.408 1014.954
1407.169 1170.647
1421.899 1052.440
1436.488 1090.669
1427.896 931.799
1488.285 1133.353
1428.864 971.017
1378.548 949.907
1462.306 1117.801
1584.578 1076.008
1414.462 929.293
1364.537 1102.615
1380.440 1133.977
1500.345 967.331
1553.697 943.402
1564.976 1136.192
1355.468 1038.270
1546.495 1032.349
1431.087 994.561
1439.842 934.353
1583.219 1056.069
1454.203 1125.071
1566.690 951.821
1360.978 996.000
1392.170 1051.744
1365.260 970.229
1550.652 1115.516
1477.797 1108.003
1564.051 930.157
1388.401 1110.466
1495.899 1066.113
1377.043 951.686
1405.414 923.048
1398.793 1029.652
1483.762 1004.099
1451.012 1091.884
1365.093 1117.080
1451.244 1089.986
1365.707 934.615
1539.177 969.188
1560.610 1006.802
1380.621 953.205
1582.983 943.311
1442.870 1164.416
1466.658 938.123
1505.133 930.791
1561.808 1094.378
1501.861 1017.314
1555.509 928.062
1474.244 1062.940
1514.995 1110.156
1507.250 968.198
1454.140 1022.225
1412.562 1092.921
1459.309 1025.766
1517.161 937.559
1407.126 997.740
1395.575 1163.786
1551.968 987.968
1543.718 1122.131
1593.813 1056.809
1416.096 923.720
1364.731 927.308
1363.984 1115.656
1470.124 1137.030
1417.910 1081.197
1546.995 1039.545
1397.042 1148.055
1586.782 928.903
1471.524 1089.728
1540.120 1073.647
1542.552 1068.832
1474.607 1055.975
1434.388 1100.139
1526.146 1064.441
1487.858 1094.369
1482.194 1026.143
1539.601 1147.152
1407.725 1164.511
1556.930 1151.430
1421.755 935.693
1466.874 950.668
1562.792 1007.580
1545.768 923.425
1426.162 988.267
1407.697 1018.875
1504.103 1025.217
1482.490 1116.735
1474.939 931.928
1530.493 1138.688
1456.756 1039.851
1559.468 1142.199
1573.242 1018.076
1456.344 995.707
1587.947 973.359
1555.389 1122.445
1388.754 1091.137
1405.738 1063.820
1407.367 1085.183
1357.612 1112.669
1597.279 956.868
1378.074 1105.329
1587.767 1122.010
1379.577 990.881
1500.683 1124.415
1592.556 1009.633
1541.867 926.202
1514.535 982.350
1404.562 1138.231
1459.540 928.226
1430.729 944.447
1408.881 944.814
1557.259 960.863
1475.356 1073.865
1360.793 1028.060
1485.866 928.442
1501.521 966.208
1491.526 1076.946
1543.115 986.731
1395.153 930.159
1451.203 990.670
1383.335 955.363
1386.317 966.572
1504.264 965.025
1597.327 998.084
1568.312 998.853
1552.018 1024.128
1582.343 989.293
1463.754 988.743
1591.456 1127.500
1363.288 1118.823
1546.937 965.534
1538.221 1030.518
1527.116 1045.841
1533.034 996.329
1438.822 1065.508
1488.238 1134.818
1470.158 1085.987
1477.935 1000.836
1499.781 1169.963
1541.196 1171.100
1461.776 1119.564
1499.846 1061.193
1485.641 1147.936
1556.164 1151.427
1400.357 1021.669
1465.954 1162.950
1461.219 946.215
1424.287 969.919
1369.052 1095.381
1542.790 977.890
1467.488 981.912
1552.690 959.950
1532.521 1028.078
1597.692 1075.240
1567.594 1162.246
1368.751 1067.215
1395.291 998.972
1366.662 952.026
1418.908 1093.216
1453.015 1050.416
1530.487 1145.534
1376.576 1152.526
1445.166 1135.170
1415.431 1122.941
1508.476 1054.470
1560.948 1059.099
1422.472 939.055
1406.442 1152.208
1374.307 935.888
1442.795 1153.954
1408.839 976.762
1473.821 1015.769
1485.676 1032.315
1393.765 1088.442
1458.764 1053.111
1417.446 1100.980
1373.482 972.467
1594.801 1029.251
1368.541 1033.182
1450.939 1116.435
1512.072 1006.384
1516.226 1103.221
1592.412 1139.194
1391.895 1124.502
1460.417 1102.335
1520.804 1020.013
1398.470 1146.603
1385.770 923.491
1458.664 934.733
1490.884 1121.090
1422.627 1131.872
1449.835 969.445
1464.332 1085.434
1397.356 1158.429
1527.640 951.652
1547.494 1111.997
1494.676 1003.561
1356.598 947.073
1599.074 1156.392
1494.910 937.347
1545.760 949.319
1429.192 924.775
1434.637 1006.234
1455.407 1157.870
1445.214 1142.112
1480.561 1125.200
1420.285 1077.053
1351.562 1006.069
1430.475 1172.263
1462.917 1136.507
1378.075 978.311
1582.893 1086.971
1557.552 1005.533
1590.673 930.057
1417.194 1063.269
1430.254 1135.439
1498.195 1030.214
1448.002 1060.638
1381.777 939.291
1456.653 980.596
1550.876 1004.777
1378.917 1064.922
1359.746 1148.412
1420.672 978.837
1437.397 1077.139
1577.399 1058.594
1390.026 954.500
1494.944 1042.594
1598.086 1108.934
1593.898 1140.554
1402.166 1019.251
1434.435 927.333
1398.415 1160.511
1424.171 1065.258
1460.310 1095.885
1379.249 991.162
1441.130 935.213
1400.020 938.204
1475.392 980.380
1387.189 1098.141
1568.942 980.100
1470.949 989.870
1453.849 1164.801
1382.569 1122.277
1495.380 1132.536
1358.030 1110.655
1482.506 1098.414
1497.857 1000.256
1571.604 979.116
1375.585 928.934
1480.064 1042.284
1576.745 1033.227
1460.913 979.310
1514.154 1117.928
1485.976 1113.506
1561.628 979.419
1406.761 935.201
1562.646 1021.671
1393.011 950.456
1415.482 1171.143
1546.624 1110.002
1350.473 967.060
1574.369 1111.679
1539.188 1159.192
1535.690 1155.633
1415.154 1167.952
1590.926 1125.446
1496.384 973.952
1561.808 978.218
1552.651 993.800
1435.058 950.847
1460.182 1060.867
1469.901 1078.194
1372.161 962.300
1580.433 1127.009
1368.983 962.028
1411.304 991.203
1364.394 1161.846
1444.029 988.634
1545.086 1168.251
1566.012 1072.221
1573.664 1097.239
1566.149 1131.772
1384.141 979.036
1576.866 1088.685
1497.296 944.711
1550.252 1048.310
1480.112 929.997
1535.086 1003.436
1433.374 1098.925
1402.181 992.375
1392.892 944.148
1443.502 990.132
1472.046 1169.358
1535.500 1063.975
1567.190 1159.418
1451.350 1072.377
1419.891 1052.350
1525.409 981.808
1354.490 1007.127
1454.016 1006.974
1593.881 1117.071
1439.615 952.501
1562.862 998.653
1582.232 1080.114
1422.677 1104.690
1389.796 924.873
1581.089 1094.689
1492.331 1103.137
1442.267 1034.556
1379.555 1070.312
1548.913 1171.041
1486.377 1008.330
1488.289 941.833
1438.933 1095.791
1577.821 989.588
1588.948 1012.662
1567.292 1008.584
1507.994 1098.960
1505.641 1006.825
1452.787 933.389
1458.011 1154.738
1513.848 980.603
1543.233 1043.271
1422.452 999.490
1418.431 1014.457
1413.883 1086.764
1427.350 943.606
1391.115 1141.584
1371.628 976.433
1423.198 979.855
1471.958 1099.271
1526.049 1131.623
1410.069 1007.073
1503.374 956.208
1418.065 1149.137
1440.934 1015.238
1592.509 1044.059
1547.037 960.159
1375.455 936.220
1440.637 1145.543
1355.445 945.389
1456.241 1100.052
1487.128 968.171
1507.885 932.283
1583.906 954.593
1479.810 1003.913
1430.830 1148.619
1357.272 1095.468
1547.369 1029.760
1566.612 1078.995
1537.833 946.724
1490.401 1155.403
1598.395 923.450
1492.964 1166.021
1511.323 1073.510
1490.135 986.331
1472.322 1020.263
1589.481 1137.732
1552.437 951.483
1512.607 1002.228
1476.955 1043.205
1357.212 972.724
1364.159 1158.856
1518.626 1036.439
1517.161 984.415
1402.553 1161.212
1504.944 1098.030
1395.469 1046.563
1354.136 985.280
1584.989 965.537
1355.551 1055.028
1553.111 1031.508
1558.553 1151.338
1423.187 1151.723
1523.750 1011.815
1472.301 1042.272
1361.366 1153.818
1485.324 1066.691
1393.660 1047.500
1513.357 962.208
1570.993 996.880
1544.666 991.505
1482.849 1032.894
1427.141 937.283
1453.774 947.068
1519.500 936.375
1414.133 1010.985
1454.088 1046.495
1416.583 1012.949
1418.179 1139.585
1368.380 1074.579
1446.439 944.197
1368.216 1118.606
1490.930 1129.724
1489.715 1060.364
1440.144 991.153
1521.174 1092.836
1561.824 1073.708
1551.561 1054.130
1501.942 972.123
1485.966 1058.107
1559.116 1025.413
1522.131 1030.686
1548.004 1079.893
1496.282 982.515
1588.043 1021.893
1490.996 1077.616
1475.884 959.424
1489.265 948.281
1493.009 1030.795
1539.274 1001.863
1374.563 992.038
1426.398 1089.707
1392.820 999.402
1394.441 1103.326
1423.672 958.745
1510.384 987.686
1497.090 1111.927
1510.095 1029.437
1443.339 1134.299
1545.738 1159.908
1397.839 956.402
1384.117 1156.939
1431.137 1153.725
1525.034 1112.479
1464.368 1053.460
1405.896 972.142
1497.224 1041.123
1539.206 1133.509
1516.249 1073.807
1353.566 1134.640
1572.216 976.170
1452.405 1131.855
1503.302 1016.902
1508.101 935.239
1371.179 942.874
1491.191 1098.749
1361.532 1025.856
1408.791 1154.634
1375.072 985.439
1406.668 1139.334
1501.094 1013.905
1363.416 1142.098
1524.678 991.073
1487.292 1004.800
1393.922 1121.315
1473.315 932.440
1579.890 1164.921
1419.741 1000.228
1390.684 925.277
1565.243 1019.654
1482.284 1031.199
1589.664 929.840
1465.318 1161.824
1584.473 1045.653
1446.496 1088.428
1385.620 1063.912
1414.851 1091.680
1461.897 1033.977
1358.167 1025.523
1493.970 1071.401
1420.811 942.932
1431.431 1116.816
1408.515 998.366
1462.131 980.261
1433.627 1123.852
1507.403 1105.058
1583.303 934.323
1595.727 1092.738
1590.935 1042.688
1512.028 1064.060
1465.483 1073.657
1564.993 978.565
1591.204 969.790
1451.405 1082.048
1368.468 1103.503
1448.460 1034.005
1358.415 1102.989
1431.939 943.022
1407.719 1166.980
1453.107 984.698
1475.046 1153.497
1584.103 968.100
1496.058 1010.529
1543.652 1104.032
1409.729 983.012
1563.100 1122.878
1367.666 933.999
1505.848 954.320
1465.369 1030.369
1521.415 1095.424
1497.007 925.095
1518.839 986.691
1550.330 1115.320
1598.727 1051.160
1477.422 1132.579
1411.660 1113.272
1416.710 941.962
1434.422 982.183
1444.909 1133.490
1445.651 1083.636
1386.447 1071.968
1374.296 986.104
1480.965 1151.884
1425.313 977.519
1397.633 1087.006
1559.740 974.737
1359.261 1159.323
1592.345 1153.741
1419.162 965.076
1556.422 1095.536
1524.450 1102.119
1493.712 1114.654
1487.405 1020.493
1592.742 1050.466
1521.330 1013.306
1428.678 1162.142
1491.187 1108.677
1517.050 1114.355
1354.658 1093.157
1383.350 989.084
1412.353 1070.604
1570.164 1076.952
1408.524 977.938
1486.232 1065.581
1386.711 925.906
1569.629 1104.041
1442.591 1079.922
1492.532 1055.111
1370.291 1041.743
1373.518 1081.156
1567.258 953.178
1418.985 944.612
1434.028 1129.719
1546.094 1030.372
1517.497 983.057
1457.356 1076.433
1357.140 992.988
1435.491 962.596
1462.251 992.975
1495.342 1149.745
1372.751 923.725
1548.226 1108.822
1519.908 927.473
1420.440 981.816
1431.781 922.769
1549.964 1046.682
1511.425 949.940
1460.775 972.441
1579.354 941.660
1384.284 1161.098
1410.004 956.107
1528.384 1118.942
1516.063 961.616
1381.836 1078.868
1599.120 1072.803
1572.418 1016.139
1555.874 963.760
1536.345 940.192
1551.971 1167.311
1571.971 1014.951
1415.143 1048.422
1477.069 990.056
1434.694 1022.523
1413.728 1156.050
1429.216 1004.776
1441.976 1144.361
1474.815 944.720
1435.595 954.328
1575.155 1033.333
1474.172 1033.159
1373.874 947.800
1421.895 1097.091
1554.199 1148.109
1588.379 1028.129
1406.405 1058.501
1414.227 1165.347
1562.784 1030.849
1450.159 1038.845
1454.122 999.730
1530.273 1035.524
1429.798 1028.679
1397.532 927.022
1586.978 1000.775
1475.211 984.343
1392.866 984.727
1403.617 1116.498
1387.705 951.366
1390.521 927.402
1524.938 1042.050
1351.627 941.010
1570.690 1159.741
1479.145 947.099
1503.309 927.373
1431.237 1113.719
1418.830 1020.988
1393.993 1168.633
1470.081 1086.742
1530.630 1004.030
1488.510 1169.416
1518.856 924.122
1388.689 1024.715
1438.107 1063.972
1395.538 1146.808
1439.508 969.437
1453.407 1165.820
1489.834 1097.653
1412.545 1011.312
1350.006 1100.913
1596.658 1159.990
1467.465 1039.348
1433.316 941.360
1541.270 1062.069
1475.654 1077.885
1458.034 1115.072
1402.852 1049.079
1459.010 1052.455
1546.859 963.255
1564.354 933.440
1451.510 1159.690
1514.066 944.362
1466.745 985.766
1440.389 1060.102
1440.206 1110.999
1474.429 1159.832
1515.587 1025.228
1383.471 1089.844
1560.188 1019.272
1428.032 1126.920
1512.562 1028.862
1439.003 1084.850
1491.439 1096.544
1443.989 1024.008
1527.252 998.170
1487.466 1046.770
1431.084 1089.146
1444.433 932.069
1373.869 969.509
1487.313 1140.958
1363.049 1019.064
1434.959 1063.847
1455.039 1006.398
1579.620 1120.118
1388.182 1002.193
1399.965 1140.730
1546.704 1113.864
1475.759 1113.684
1480.021 1010.365
1386.644 1041.142
1427.784 1167.943
1370.394 1138.929
1450.111 1089.860
1530.797 1147.318
1423.720 1092.437
1469.210 1044.546
1433.235 1006.452
1470.894 981.112
1466.449 1137.528
1559.979 941.505
1570.770 1159.619
1368.028 1143.397
1351.266 942.283
1567.912 949.992
1405.081 986.902
1474.795 974.644
1539.259 1138.278
1453.586 1122.719
1361.979 1102.340
1396.343 1167.387
1477.125 959.715
1574.193 1038.371
1380.327 1035.368
1432.035 1171.417
1407.077 972.397
1536.688 965.495
1544.827 1116.701
1483.733 1042.389
1579.506 1085.615
1514.752 1112.840
1590.036 1128.354
1523.120 1114.676
1396.243 950.026
1429.877 979.282
1450.287 1168.281
1362.901 934.836
1522.377 1090.216
1532.801 1004.758
1567.674 1001.445
1536.984 1156.886
1504.124 959.120
1565.214 1142.955
1412.170 939.249
1388.636 1014.305
1520.045 993.738
1443.484 961.586
1471.103 1104.759
1413.487 1063.504
1365.771 1171.146
1445.910 984.434
1438.570 1107.835
1353.217 1142.150
1430.946 1028.933
1572.633 1061.471
1495.237 1160.356
1511.256 1058.326
1432.864 1152.816
1511.441 1154.612
1477.238 1039.047
1553.835 931.904
1537.363 1117.424
1390.120 1045.164
1387.317 1080.451
1458.581 1006.149
1523.532 1140.978
1502.592 1161.294
1480.395 1043.944
1422.613 981.736
1474.253 1021.661
1494.041 1026.131
1354.710 938.681
1364.757 1040.982
1460.503 1009.490
1411.449 1153.568
1571.811 947.894
1464.569 1141.827
1369.814 1130.808
1594.969 1088.427
1362.244 1057.654
1411.317 1118.890
1587.886 943.277
1594.009 932.505
1545.665 1137.749
1382.571 980.601
1504.178 1052.214
1542.603 1006.295
1434.510 1081.596
1473.963 1035.039
1387.972 1119.321
1545.472 982.044
1354.480 1022.526
1466.171 967.072
1365.842 1050.542
1391.412 982.195
1379.217 1054.369
1479.140 976.037
1490.002 1085.241
1415.785 989.974
1552.003 949.903
1435.502 1085.466
1465.586 994.112
1529.782 1110.932
1586.539 1121.262
1535.063 1061.643
1516.132 971.692
1588.458 1065.379
1545.664 991.189
1582.063 986.880
1571.246 1002.072
1582.227 1027.179
1438.805 1089.336
1499.540 1162.498
1357.105 1099.829
1512.917 1059.913
1399.453 1085.244
1385.372 995.801
1555.271 979.641
1375.341 954.373
1469.844 1036.253
1363.377 1083.211
1505.405 1167.992
1574.205 1109.569
1589.564 947.457
1351.296 941.752
1445.038 949.169
1431.420 1008.759
1558.329 1148.787
1579.147 1080.188
1407.202 957.326
1500.551 1114.284
1375.172 928.203
1538.939 1062.222
1418.903 934.029
1397.565 1012.534
1360.352 978.583
1480.664 1066.768
1407.473 1066.962
1377.852 1081.743
1512.813 1146.953
1433.497 1145.194
1567.328 1118.099
1598.836 1023.981
1521.424 1011.629
1484.903 1117.455
1412.226 1126.614
1501.808 1052.665
1453.949 1123.409
1564.592 1144.888
1578.297 1048.124
1533.299 1120.438
1576.642 1114.997
1514.652 970.985
1509.176 1018.154
1449.527 1164.766
1509.476 1044.891
1593.118 1125.418
1487.985 1029.615
1542.707 1147.731
1405.471 973.744
1549.087 1006.668
1409.391 1117.510
1508.851 1112.638
1587.929 1056.792
1591.136 1018.101
1455.212 945.836
1409.960 1159.414
1444.083 1025.654
1370.293 1111.452
1456.939 930.983
1556.545 971.562
1477.327 980.060
1523.588 1049.997
1571.265 928.615
1420.044 1055.878
1564.705 1146.288
1536.314 1088.236
1515.366 929.613
1558.453 970.171
1483.254 953.043
1527.769 958.479
1365.259 1133.199
1500.110 1139.747
1401.315 1157.971
1478.070 923.595
1482.184 1081.297
1491.182 1025.017
1487.657 1070.044
1501.555 1050.830
1398.110 1079.244
1418.506 942.631
1402.575 947.900
1369.401 977.008
1526.527 1041.955
1400.070 941.725
1588.672 1015.476
1545.720 1002.664
1580.901 958.102
1405.508 985.567
1391.597 1165.603
1582.275 1166.453
1475.250 1027.672
1497.648 1041.081
1369.759 1170.973
1430.467 1155.156
1559.220 1040.311
1455.171 1118.601
1497.694 1078.564
1460.315 985.776
1442.462 1154.900
1533.243 1131.664
1596.321 1158.076
1587.452 1099.831
1466.435 973.067
1470.223 938.819
1454.948 1110.363
1458.051 1048.030
1516.305 994.870
1583.526 1068.078
1452.445 975.913
1570.655 1124.477
1369.447 1097.614
1410.544 1078.057
1491.828 1128.755
1580.349 1128.741
1527.800 1025.710
1358.574 1117.185
1551.909 1060.212
1585.984 936.646
1466.655 984.673
1531.797 1111.997
1444.769 1009.792
1361.113 1166.024
1450.749 1148.340
1550.983 1100.512
1401.279 1129.113
1589.652 1038.607
1410.172 1129.515
1471.747 971.179
1402.073 1077.576
1583.535 945.421
1422.567 1114.737
1448.497 997.537
1563.291 979.814
1470.092 966.749
1442.895 967.994
1394.272 1068.635
1515.370 1048.936
1462.870 1114.276
1523.641 929.540
1531.252 1001.148
1477.077 1015.194
1596.110 1043.163
1507.454 1020.110
1558.347 926.759
1514.260 975.483
1574.263 1062.080
1518.453 1153.664
1583.324 1057.860
1558.996 1150.917
1484.904 965.814
1409.182 1064.627
1533.338 953.661
1424.511 1080.098
1538.460 1103.724
1421.855 1105.108
1383.924 967.204
1447.885 1153.505
1446.831 1034.360
1415.031 1073.447
1456.737 923.675
1390.015 1161.722
1367.264 925.976
1460.726 1099.862
1457.264 936.163
1587.301 963.947
1520.988 1166.740
1356.002 1081.842
1411.164 930.040
1462.485 1017.056
1428.929 1137.454
1472.601 1159.935
1584.289 1053.555
1442.627 1074.661
1448.205 1124.385
1586.698 997.995
1355.062 1158.548
1384.958 1028.752
1362.880 978.332
1398.915 1019.872
1504.945 1104.712
1380.172 1045.675
1442.070 1118.786
1443.358 1150.257
1484.488 1133.629
1476.243 1119.516
