5000 7
166.666 2333.334
2144.521 1756.026
1960.107 1696.505
2080.798 1590.193
2099.282 1555.955
2068.129 1540.558
2139.850 1601.480
2126.194 1706.731
1982.721 1622.160
2109.603 1725.871
2089.300 1748.082
2019.904 1677.509
2060.108 1607.840
2127.861 1610.790
2149.386 1708.168
1964.525 1566.511
2159.330 1690.157
1980.036 1604.241
2157.595 1724.955
2118.394 1725.126
1966.612 1694.680
1971.272 1732.466
1943.582 1675.394
2101.099 1680.895
1980.252 1740.600
2063.717 1611.530
1968.573 1601.727
2085.260 1551.163
2152.940 1721.793
2073.149 1776.895
1943.681 1558.086
1962.621 1698.995
1976.591 1539.516
2041.660 1591.539
2173.000 1611.254
2111.063 1544.883
2090.942 1598.159
1975.469 1653.616
2143.711 1658.400
1940.080 1769.840
1999.816 1679.295
1988.770 1712.904
1957.353 1686.428
1965.670 1544.310
2053.774 1565.648
2030.800 1740.541
2136.065 1697.626
1995.485 1595.689
2157.224 1741.369
2000.937 1674.863
2188.630 1704.025
2049.072 1644.171
2150.868 1760.353
2183.405 1597.835
2071.271 1662.957
2095.446 1747.216
1940.283 1593.698
2006.766 1752.150
2118.774 1626.306
2074.435 1536.067
1959.422 1641.295
2121.212 1662.469
2153.340 1578.779
2139.301 1535.727
2043.957 1613.947
2149.502 1668.618
2081.793 1672.935
2011.658 1702.982
2159.549 1713.641
1995.881 1540.078
2069.624 1687.941
2050.020 1530.747
2078.350 1611.976
2045.415 1641.116
1998.821 1565.306
2082.127 1581.412
1958.694 1556.415
2028.042 1763.761
2086.370 1674.033
2168.489 1690.969
2066.254 1582.037
1964.264 1745.713
2063.709 1603.129
2161.795 1647.276
1954.207 1559.026
2089.390 1733.206
2176.274 1763.682
1950.809 1774.706
1943.495 1715.060
2031.228 1706.826
2030.213 1539.867
1983.934 1763.460
2006.426 1617.304
2054.631 1714.363
1987.167 1619.369
1998.417 1714.813
1952.981 1566.788
2088.978 1660.567
2154.960 1541.598
2050.057 1753.605
2174.572 1638.140
2137.015 1570.585
2175.227 1693.919
2097.067 1642.046
2129.044 1579.591
2014.571 1718.849
2147.733 1609.331
1975.357 1623.386
1958.932 1593.426
1945.324 1689.273
2173.170 1571.679
1985.995 1541.414
2024.855 1774.207
2140.639 1602.125
1940.557 1551.906
2144.236 1619.318
2163.653 1730.218
2086.347 1581.216
2185.803 1671.367
2114.354 1568.072
1978.435 1640.602
2065.007 1681.603
2103.440 1710.900
2010.594 1531.296
2019.264 1760.717
1971.299 1685.848
2159.938 1545.836
2107.396 1763.190
2124.381 1659.437
2075.900 1698.509
2084.535 1612.091
2089.257 1609.858
2111.176 1539.010
2094.081 1742.059
2075.038 1553.737
1971.426 1725.688
1987.486 1748.695
2089.417 1679.982
2162.915 1648.326
2163.607 1638.347
2042.808 1560.992
2105.953 1556.621
1950.392 1607.494
2102.161 1645.229
2185.638 1733.374
2106.955 1560.951
2058.669 1616.196
2034.774 1552.077
2078.145 1629.711
2166.564 1628.795
2134.348 1530.771
2018.187 1557.971
2152.318 1654.277
2132.954 1576.185
2001.744 1780.419
1992.608 1629.519
2125.183 1745.458
2102.411 1602.420
1946.696 1722.619
2188.595 1681.936
1949.803 1686.368
2158.838 1571.462
2088.028 1536.968
2035.132 1680.490
2064.804 1550.775
2070.241 1574.134
2020.825 1603.562
2162.501 1674.401
1963.862 1742.126
2077.658 1774.016
1946.368 1683.235
2078.629 1761.985
2096.775 1731.249
2069.869 1728.417
2017.878 1778.436
2155.349 1740.247
2064.572 1581.412
2088.202 1707.325
1970.371 1660.602
1978.768 1658.275
1997.811 1745.984
2139.018 1760.022
1978.091 1723.063
2132.179 1673.582
2092.117 1655.989
1942.065 1580.987
2020.469 1748.903
1955.529 1545.800
1967.885 1738.553
2152.391 1748.707
1951.356 1632.497
1987.485 1654.655
2163.900 1577.360
2083.593 1728.656
2029.076 1670.491
2020.174 1775.886
2159.324 1649.025
2170.212 1633.665
1949.108 1628.665
1973.549 1638.936
2176.653 1727.462
2089.406 1646.053
1977.478 1670.983
2121.952 1557.066
1938.757 1563.612
2054.204 1584.389
1986.319 1771.430
2176.606 1593.020
1999.941 1545.401
1956.726 1567.087
2096.084 1741.364
1969.884 1547.627
2084.575 1596.594
2057.972 1600.357
1949.869 1575.038
1982.666 1604.693
2119.214 1649.287
2053.051 1623.090
2114.273 1694.085
2015.304 1570.740
2006.830 1588.737
1967.002 1648.139
1963.024 1718.732
2145.368 1669.400
2114.234 1609.180
2169.348 1707.385
2017.182 1752.028
2046.480 1619.072
1977.443 1597.204
1988.981 1636.937
2088.788 1744.035
2132.272 1710.786
2039.937 1772.737
2179.285 1687.948
2054.581 1770.190
1984.040 1554.749
2084.481 1736.116
2051.006 1742.753
2015.660 1593.585
2003.004 1618.519
2149.067 1743.661
1985.320 1618.516
2132.313 1687.406
2090.957 1753.072
2023.523 1565.387
2052.745 1747.312
2014.889 1566.592
2043.890 1579.287
2039.960 1568.393
2048.891 1657.289
2083.445 1760.602
2122.375 1642.878
1956.485 1777.412
1990.845 1721.952
1964.940 1614.761
2157.647 1720.057
2127.873 1736.396
2172.702 1549.614
2106.172 1726.062
1953.224 1574.238
2049.910 1687.511
1965.106 1696.296
1945.738 1560.348
2151.355 1762.076
2182.553 1705.068
2008.151 1739.405
2149.838 1712.768
2116.437 1609.838
2150.678 1601.777
2187.406 1732.074
2069.067 1733.878
2171.721 1635.582
2146.845 1648.420
2056.242 1610.429
1997.285 1636.318
2056.761 1619.739
2176.906 1630.207
2032.512 1601.806
1984.418 1645.097
2147.549 1649.553
2084.726 1636.876
1977.334 1550.903
2115.740 1580.242
2032.743 1597.419
2009.301 1545.343
2076.739 1734.805
2042.076 1612.572
2004.719 1615.795
2036.062 1596.269
1997.949 1540.384
2035.878 1769.606
2084.145 1756.879
2083.938 1593.641
2188.048 1700.760
2164.976 1724.402
2025.348 1708.927
2070.078 1695.115
2065.005 1713.013
1940.032 1756.026
1987.302 1549.212
2047.278 1660.725
1973.066 1610.096
2070.027 1645.926
2148.499 1694.673
2053.604 1558.941
1966.323 1670.269
2012.029 1594.305
1978.058 1747.478
2085.153 1575.794
2001.324 1776.642
2086.511 1703.371
2115.639 1656.457
2129.982 1536.744
2187.256 1570.873
1947.268 1747.034
1947.149 1541.757
2101.158 1760.102
2012.578 1624.063
2000.073 1690.057
2096.836 1751.563
1955.517 1592.643
1949.230 1697.733
1940.043 1593.424
2186.974 1715.271
1945.616 1552.887
2087.738 1620.412
2173.103 1710.414
2121.188 1630.417
2006.750 1569.605
1971.186 1731.588
2161.986 1550.357
1998.193 1754.431
2049.244 1720.240
2056.364 1608.952
1980.536 1741.079
1958.958 1551.576
1985.254 1618.034
1990.449 1539.308
2120.609 1563.495
1969.291 1722.643
2077.387 1643.572
2050.823 1694.872
2158.487 1624.516
1981.857 1590.315
1996.292 1561.630
2013.139 1660.087
2052.754 1668.815
2180.748 1636.920
2159.261 1630.274
2161.202 1628.901
2107.960 1765.526
2166.554 1757.472
2058.644 1766.216
2185.702 1639.413
2165.300 1585.487
2160.342 1750.304
2157.645 1668.172
2052.677 1759.790
2091.518 1697.928
2056.738 1640.876
2184.999 1636.576
2124.640 1544.461
2102.422 1713.612
2063.969 1755.226
2098.086 1579.171
2048.490 1556.341
2034.456 1760.112
2188.359 1547.608
2015.763 1701.785
2068.594 1725.872
1964.614 1705.171
2156.081 1626.052
2152.425 1638.008
2154.748 1619.598
2017.949 1767.310
2171.042 1685.439
1978.385 1679.811
2126.789 1712.981
2047.271 1661.785
2080.529 1580.307
2119.135 1690.329
1947.682 1734.612
2112.101 1696.385
2063.544 1672.118
2124.529 1760.953
2060.792 1578.448
2165.728 1706.299
1983.057 1615.937
2090.774 1540.962
2120.171 1551.327
2135.793 1674.312
1971.055 1779.174
2047.896 1732.977
2026.271 1695.592
2070.461 1744.125
2005.059 1740.327
1965.689 1767.488
2011.748 1600.118
2122.531 1644.355
1986.612 1628.412
2050.902 1654.125
2104.838 1729.344
2148.669 1674.697
2144.319 1730.289
1958.192 1686.604
1984.811 1724.020
2118.386 1742.166
2119.232 1746.762
2145.427 1656.573
2017.709 1645.932
2090.989 1545.926
2165.364 1595.696
2163.407 1671.760
2171.609 1761.740
2008.124 1744.938
2014.823 1681.040
2049.837 1759.308
2155.279 1608.286
2143.532 1640.826
2022.153 1614.101
2040.041 1757.394
2139.172 1737.405
1971.183 1752.916
2181.135 1669.748
2066.048 1565.973
2136.183 1660.101
1951.028 1687.780
1984.421 1769.668
2064.071 1757.179
2099.879 1763.927
2003.564 1775.039
2005.470 1698.891
2051.589 1732.869
2042.455 1628.371
2051.196 1687.086
2085.800 1590.907
1989.527 1678.567
1955.846 1654.983
2152.981 1777.239
2096.892 1775.839
2057.629 1734.233
1945.778 1706.116
2086.242 1711.963
2079.224 1770.748
1978.895 1656.643
2131.227 1765.960
1975.653 1748.944
2115.424 1680.183
2111.415 1667.487
2082.605 1719.015
2156.466 1717.222
2017.071 1632.985
2147.912 1613.945
1955.764 1659.517
2016.561 1556.939
2102.047 1700.393
2079.407 1558.351
2041.261 1737.738
2035.028 1583.058
1945.348 1753.026
2001.089 1584.061
2153.124 1764.094
2014.598 1757.579
2025.677 1593.678
1998.920 1707.224
2082.448 1601.946
1980.580 1729.544
2148.595 1727.664
2050.751 1682.008
2180.079 1586.803
2077.401 1703.528
2025.632 1732.391
1950.119 1633.614
2008.785 1587.157
2116.054 1776.752
2175.644 1588.636
2052.026 1576.582
1946.664 1588.630
2008.807 1589.209
2132.240 1644.979
1961.516 1583.976
2159.436 1666.972
2002.047 1665.146
1952.408 1756.781
2022.791 1650.839
2079.713 1605.711
2172.062 1692.889
2038.261 1650.217
2053.078 1686.432
2097.507 1641.013
2179.775 1708.151
1975.171 1598.644
2079.474 1715.839
2011.623 1656.913
2165.126 1543.611
2167.056 1721.228
2014.348 1762.448
1996.888 1736.273
2111.833 1624.290
1978.926 1660.309
2044.826 1761.992
1963.526 1734.490
2033.364 1532.987
2142.565 1662.957
2065.266 1719.374
2041.806 1630.662
2099.054 1638.096
2017.640 1743.820
2087.455 1697.781
1999.620 1566.749
2024.892 1701.587
2049.860 1572.078
2058.905 1556.566
2107.656 1683.992
2110.725 1553.317
2162.719 1607.620
2181.915 1710.157
1972.951 1629.413
2031.959 1633.119
2146.776 1562.413
2135.947 1575.166
2101.509 1777.429
2065.816 1637.046
2024.635 1591.985
1997.538 1670.881
2137.068 1590.258
2121.047 1673.837
2137.454 1630.179
1943.549 1740.061
1973.594 1558.155
2063.329 1769.666
2036.618 1663.271
2050.218 1743.686
1945.343 1710.595
2158.063 1682.002
1959.064 1705.092
2182.907 1668.205
2078.273 1615.114
2107.070 1585.312
2147.810 1710.898
2015.302 1608.126
2152.294 1700.007
2079.508 1680.772
1977.652 1615.895
2009.694 1572.161
2149.025 1697.828
1980.524 1534.255
2104.938 1682.201
1946.475 1707.380
2068.852 1592.699
1948.408 1545.584
2061.797 1692.925
1944.734 1732.139
2077.363 1644.432
2171.374 1715.357
2170.644 1776.795
2131.825 1628.649
2141.614 1606.811
2129.394 1755.731
2112.233 1705.963
2113.067 1683.639
2127.565 1588.355
2107.939 1611.407
2034.998 1667.120
1945.695 1656.251
2121.751 1710.827
2134.546 1563.301
2119.384 1644.927
2085.746 1617.181
2054.889 1648.698
2177.459 1541.635
2079.863 1674.265
2151.062 1543.792
2035.661 1681.049
1977.607 1763.748
2017.030 1543.826
2124.832 1576.941
1971.303 1628.401
1944.525 1578.786
1968.013 1634.542
2162.672 1575.201
2148.358 1553.267
2033.752 1693.520
2154.288 1639.765
2031.366 1629.175
2077.232 1629.514
2042.315 1762.071
2011.441 1774.026
2011.526 1710.322
1967.207 1544.754
2177.327 1587.626
2153.776 1577.739
2104.453 1704.157
2081.952 1585.503
2106.101 1605.456
2114.116 1614.555
2046.257 1548.159
2116.390 1615.473
2146.228 1765.682
2107.605 1653.172
1951.589 1743.943
2067.242 1581.477
2179.377 1614.555
2105.652 1608.995
2152.793 1598.728
2029.613 1696.578
2023.399 1607.113
2016.417 1679.042
2009.093 1574.628
1990.023 1669.114
1998.488 1669.738
2047.428 1653.049
2146.109 1624.039
2100.725 1643.302
1990.745 1614.005
2142.677 1761.409
2023.472 1607.086
2128.429 1607.513
2058.375 1767.533
2024.943 1543.718
1996.850 1587.138
2069.754 1600.847
2170.661 1639.468
2035.223 1718.211
1943.209 1580.382
1970.479 1707.647
2059.392 1713.452
2030.661 1730.453
1975.911 1615.918
2015.140 1565.029
2009.118 1623.542
2065.696 1728.896
2103.647 1552.088
1956.777 1709.479
2149.799 1615.626
2152.849 1776.855
2094.811 1702.768
2152.331 1537.630
2020.272 1664.971
2060.616 1686.986
2128.087 1654.506
2168.010 1736.351
2140.263 1695.612
2115.917 1749.943
2045.193 1676.552
2068.501 1612.827
1967.343 1562.563
2066.623 1722.925
2135.428 1574.851
2036.355 1629.878
2093.440 1625.675
1960.498 1650.897
2101.677 1548.675
1972.962 1564.130
2013.304 1739.151
1952.438 1595.900
2000.680 1558.720
2120.416 1577.849
2150.134 1629.253
2174.234 1561.822
1993.886 1545.313
2166.054 1592.823
2022.884 1551.337
1966.444 1616.367
1943.040 1740.963
1979.302 1595.088
2175.229 1648.256
2109.785 1745.757
2159.082 1584.865
2052.481 1762.542
1971.313 1538.961
2157.925 1664.908
2099.096 1758.774
2133.804 1609.438
2135.507 1725.404
2140.832 1755.545
2164.425 1638.630
1998.312 1593.324
1955.085 1676.973
2088.504 1728.344
2112.959 1574.388
2031.552 1590.672
2006.278 1690.951
2096.317 1723.107
1988.406 1562.864
2139.992 1713.416
2185.609 1685.557
2178.130 1691.158
2184.173 1605.090
1983.914 1631.599
1958.016 1777.664
2128.354 1745.468
2018.600 1604.854
1987.817 1752.894
2099.902 1735.931
1985.509 1534.355
1993.565 1697.029
1984.035 1585.821
2109.507 1641.163
1963.554 1667.271
1961.678 1625.413
1994.294 1741.655
2074.548 1692.643
2098.530 1558.489
2064.648 1659.106
2069.226 1596.891
2118.618 1717.364
1985.544 1581.136
1993.152 1654.019
2048.462 1754.693
2178.783 1776.716
2168.277 1668.105
2018.860 1746.249
2144.854 1709.518
2047.641 1690.066
2170.417 1650.913
2018.130 1535.608
2043.393 1721.262
2130.677 1722.671
2060.808 1732.918
2173.538 1599.393
2132.485 1543.076
1998.604 1555.176
2046.749 1622.499
1997.855 1721.979
2030.599 1770.372
2108.158 1667.518
2114.708 1765.264
1964.170 1754.649
1947.680 1745.496
1994.555 1763.452
2077.906 1658.459
2170.061 1732.136
2057.330 1740.727
2085.953 1632.023
2130.447 1549.109
2041.185 1570.335
2092.031 1703.710
2156.563 1562.281
1997.011 1609.943
1975.916 1558.838
2066.501 1767.010
2122.007 1721.032
2011.337 1712.004
1944.770 1704.755
1959.724 1537.798
1943.065 1702.013
2110.663 1578.736
2127.287 1649.884
2170.890 1684.275
1946.891 1739.222
1944.298 1688.870
2104.208 1613.544
2122.243 1573.619
2010.447 1557.433
2011.018 1630.043
2057.219 1618.925
2178.618 1586.951
1969.469 1757.356
1999.568 1564.495
2168.156 1742.877
1984.571 1626.219
1997.085 1660.811
2011.730 1549.795
1951.123 1688.439
2047.751 1576.030
2112.667 1578.938
1987.785 1768.361
1987.667 1613.569
2114.530 1630.735
2172.133 1630.806
1970.421 1555.809
2139.017 1661.921
2042.819 1644.726
2002.145 1682.047
2105.329 1619.000
2176.719 1773.531
2149.446 1597.389
2078.720 1748.716
2111.003 1621.865
2147.193 1662.985
1991.571 1661.910
2131.935 1571.592
2078.075 1570.677
1977.553 1703.069
1992.149 1550.691
1959.438 1581.840
2039.724 1762.009
2139.548 1639.572
1997.597 1718.915
1989.410 1777.049
2085.874 1560.193
2022.574 1540.238
2049.622 1531.953
2094.687 1706.887
2071.486 1700.176
1942.599 1724.863
1967.278 1704.579
2185.240 1764.376
2032.904 1616.963
1971.818 1569.823
1965.758 1585.431
2093.736 1617.535
2137.387 1669.854
1998.334 1583.621
2098.008 1639.284
2016.403 1564.506
2160.698 1774.788
2147.665 1626.133
2023.910 1718.771
2155.593 1603.388
2172.553 1557.914
2179.037 1576.078
2152.850 1600.288
1961.051 1711.127
2182.933 1632.007
2014.806 1621.715
2088.933 1729.574
2032.097 1752.512
2094.427 1695.974
2048.128 1614.007
2043.926 1769.992
2048.596 1549.363
1994.453 1777.302
1975.041 1747.213
2176.213 1622.530
1962.706 1643.972
2089.117 1648.393
2084.217 1660.779
2026.522 1550.098
2023.934 1714.702
2167.201 1621.191
2014.688 1731.701
2174.950 1617.672
2181.218 1557.421
1958.236 1656.951
2046.054 1755.413
2138.797 1600.119
2120.087 1663.386
2068.237 1676.720
1938.844 1602.637
2172.357 1681.632
2138.002 1717.031
2018.609 1745.877
2037.307 1744.164
2183.999 1637.338
2072.767 1629.574
1949.942 1673.010
2100.896 1719.709
2147.962 1722.057
2140.377 1669.208
2086.597 1759.293
2044.127 1716.011
2038.582 1613.165
2004.094 1600.153
2160.887 1558.180
2023.164 1545.405
2026.093 1573.225
2188.276 1744.327
1979.082 1561.323
1992.812 1638.661
2163.350 1546.983
2032.909 1577.679
2178.684 1535.070
2022.179 1601.886
1969.212 1673.528
2013.792 1684.232
2073.132 1637.652
2084.015 1754.365
2102.030 1686.980
2072.762 1709.369
2129.707 1623.995
2094.880 1713.117
2095.961 1609.606
1995.941 1649.774
2147.923 1689.997
2001.201 1628.896
2185.671 1658.829
2010.106 1548.977
2009.959 1649.038
2064.026 1687.025
1964.673 1583.715
2013.870 1607.526
2048.820 1617.948
1951.253 1705.404
2004.441 1611.273
2077.872 1661.727
2009.029 1714.280
1964.290 1706.886
2011.402 1545.603
2062.317 1594.837
1991.422 1557.386
1939.334 1604.336
2087.074 1628.124
2008.985 1580.909
1991.794 1546.145
2065.957 1730.491
2088.948 1611.567
1976.892 1579.153
1951.984 1770.789
2064.133 1538.998
1990.497 1660.752
2098.543 1628.874
2166.531 1651.652
2128.640 1560.067
1988.124 1531.315
2109.836 1717.875
1985.029 1546.496
1951.265 1716.362
2120.806 1760.054
2184.126 1548.671
2098.855 1595.886
1964.902 1684.011
2177.356 1724.297
2169.726 1603.588
2086.001 1743.323
2079.652 1566.199
1979.145 1696.600
1943.468 1741.628
1976.462 1727.780
2187.060 1543.619
2188.600 1780.039
2001.885 1621.363
1986.181 1566.002
2058.937 1729.422
2113.767 1702.926
2163.683 1551.280
2099.190 1767.198
2181.943 1714.131
2113.889 1558.152
2063.227 1580.173
1973.284 1710.528
2008.669 1779.742
2062.828 1544.987
2043.747 1761.337
2164.473 1563.009
2094.435 1768.085
2145.278 1601.466
2149.556 1686.199
1983.404 1707.831
2039.234 1599.478
1956.858 1641.283
2095.043 1687.176
2012.135 1779.480
2171.317 1535.577
1957.581 1657.960
2160.058 1591.064
2018.706 1575.085
1945.689 1729.335
1942.675 1616.935
2101.193 1746.944
2092.675 1613.430
2183.552 1696.742
2184.199 1775.750
2025.374 1770.254
2100.566 1647.127
2185.178 1717.296
2184.832 1531.819
2009.647 1639.331
2004.986 1652.472
2083.261 1763.038
2129.621 1680.207
2005.803 1618.266
2103.980 1575.938
2051.631 1687.048
1967.577 1545.527
1983.904 1610.801
2050.654 1569.592
2038.588 1721.692
2105.832 1710.479
2040.209 1770.066
1953.579 1715.041
2164.325 1620.418
2099.223 1621.198
2044.595 1561.608
2093.818 1538.635
1964.637 1618.218
1998.318 1738.389
2079.085 1665.040
2031.125 1686.431
1945.562 1559.453
2065.483 1738.369
1945.632 1672.586
2056.963 1569.702
2052.113 1705.028
2094.171 1563.067
1956.613 1677.936
1985.308 1660.986
1968.959 1567.930
2137.813 1606.390
1959.153 1768.697
2073.579 1621.132
2016.558 1684.738
1953.194 1710.168
2123.817 1714.498
1974.349 1694.218
2075.960 1707.604
1996.148 1766.191
2128.365 1612.378
2159.948 1586.571
2143.805 1633.927
2096.976 1733.217
1949.254 1686.607
1977.393 1627.084
1991.523 1737.195
2059.168 1533.747
1965.252 1681.422
2030.268 1676.426
2007.598 1637.703
2186.418 1560.203
1942.174 1584.548
2116.976 1646.938
2168.443 1597.493
1952.151 1715.145
2006.133 1727.605
2136.619 1726.518
2152.131 1750.526
2153.539 1767.926
2060.281 1700.001
2012.836 1569.871
2150.780 1587.618
2149.494 1593.372
2026.223 1707.844
2092.111 1643.017
1984.908 1765.406
2171.918 1634.683
2151.181 1620.531
2156.398 1599.692
2054.905 1533.106
2102.720 1766.832
2076.089 1749.712
1968.714 1741.967
2040.645 1640.468
2086.222 1709.344
2090.861 1595.596
1989.409 1621.527
2098.920 1583.507
2000.410 1539.155
2070.644 1579.367
2097.310 1648.636
1961.486 1569.881
2087.221 1536.965
1954.301 1736.005
1983.204 1595.338
2178.304 1712.127
2103.412 1650.639
2176.421 1653.775
2055.167 1702.506
2082.631 1614.359
2169.868 1675.498
2136.036 1711.947
1939.003 1610.067
2081.763 1580.088
2081.906 1658.030
2052.249 1760.879
2040.859 1548.365
1959.634 1646.847
2109.444 1689.294
1950.485 1639.390
1990.725 1596.745
2183.133 1642.964
2066.466 1697.042
2017.213 1672.532
2155.233 1766.129
2085.651 1562.883
2053.390 1690.738
2006.589 1601.797
1957.874 1642.825
2056.322 1612.627
2097.818 1640.015
2021.337 1750.221
2011.126 1600.168
2129.639 1711.016
2123.444 1675.031
1946.809 1686.422
2075.962 1682.951
2124.155 1650.015
2167.200 1759.718
2182.425 1707.544
2081.966 1589.711
2063.307 1667.331
2144.177 1715.004
1945.951 1746.081
1958.035 1634.045
2132.851 1712.140
2173.760 1563.258
2043.338 1711.397
2055.440 1628.180
2147.044 1735.907
2002.252 1707.045
1962.232 1698.428
2145.423 1568.462
2064.923 1660.778
2007.575 1596.965
1941.002 1644.632
1976.779 1689.253
2038.383 1639.572
2036.373 1635.003
1954.968 1603.960
1976.956 1613.547
1948.922 1660.511
2168.263 1772.517
1939.796 1634.730
1950.524 1776.053
1959.741 1676.605
1940.253 1673.223
1969.168 1603.804
2102.333 1633.995
2125.731 1582.317
2099.585 1638.316
2169.753 1687.276
2090.856 1695.236
1033.163 1991.812
981.887 1950.667
910.831 2167.768
1081.174 2184.995
1090.411 2025.502
1041.047 2110.973
1086.620 1960.579
956.512 2012.621
923.472 2064.772
1009.519 1949.745
943.297 2115.402
875.305 2132.490
930.099 2034.225
1076.111 2005.394
1070.861 2171.989
912.495 2151.640
919.337 2096.341
915.928 2024.574
1030.862 1955.950
979.360 2074.129
1019.186 2150.540
950.807 2016.091
1008.378 1972.797
1035.502 2146.591
1041.207 2080.699
1019.614 1937.831
978.664 1959.107
1062.648 2162.865
987.183 2072.998
958.984 2060.198
953.757 2179.842
886.320 2093.051
904.124 2006.314
901.075 2175.341
1085.946 2129.434
985.499 2047.226
909.759 2173.054
983.933 2062.194
1092.268 2027.167
868.172 2134.012
1052.130 2137.034
1086.057 2042.005
1070.683 2040.595
1058.808 1945.905
993.172 2164.724
872.237 2047.218
1036.865 2092.607
1085.213 2002.193
917.386 2014.535
925.435 2045.986
1055.628 2016.516
1004.028 2077.429
946.926 2077.507
1022.471 2114.830
939.943 2182.756
932.976 2060.317
961.792 1985.608
1015.719 2175.316
997.467 2057.963
886.673 2066.296
1002.562 2061.149
955.191 2135.073
926.145 2026.188
987.520 2088.377
936.398 2102.064
933.852 2063.267
940.950 2161.056
929.747 1995.424
1059.576 2073.930
966.907 1998.750
954.245 2157.630
920.069 1958.801
881.647 2126.907
948.555 2037.418
929.202 1971.350
877.195 2043.617
1059.887 1966.929
914.871 1954.902
889.793 1971.093
940.377 2139.901
864.896 1959.190
1009.524 2173.356
905.128 1970.363
983.796 2013.036
1034.605 2099.918
994.389 2072.551
1074.579 1956.526
886.208 2077.524
904.705 2155.987
894.688 1998.410
919.774 2080.133
1066.249 1956.550
1075.190 2154.440
968.297 2043.520
1084.033 2055.331
961.858 1983.720
1050.276 2150.973
1061.039 2095.183
922.335 2003.194
1074.065 2038.930
933.523 2162.946
1016.570 2095.223
918.055 2079.975
943.594 2068.740
924.115 1946.862
985.177 2042.450
1087.443 2186.874
990.363 2061.643
1065.075 2104.644
884.213 2164.486
949.226 1987.327
1098.100 2003.798
1017.746 2040.145
930.037 2039.363
991.257 2121.830
925.040 1986.619
936.291 1997.676
951.441 2016.438
862.615 2044.000
953.451 2101.629
870.838 1993.754
1058.136 2100.407
1030.138 2004.300
881.113 2116.383
912.733 2060.284
905.381 2016.185
958.382 2106.602
966.896 2045.052
857.754 2137.410
852.870 2012.959
1017.078 2129.855
1027.022 2102.361
1072.481 2062.713
917.086 2164.114
1004.868 2001.223
1052.065 2165.992
966.399 2143.796
988.976 2069.299
1022.623 1979.331
910.866 2126.115
1048.923 1995.298
942.631 1947.817
986.035 2150.028
983.984 2106.071
1077.660 2125.899
1101.251 2108.483
1055.303 2133.352
1086.241 2143.428
859.839 2069.928
1098.806 2025.214
1078.251 2145.255
934.674 1959.567
1056.960 2038.911
1096.958 2012.369
947.734 1983.409
1056.936 2141.037
898.358 2165.083
977.768 2036.862
956.514 2021.370
980.424 2069.463
991.750 2090.621
964.943 2088.841
1075.839 2119.457
910.892 2024.445
1029.192 2047.778
873.928 2124.984
1055.701 1978.024
1084.372 2002.033
998.216 1978.827
870.180 2137.423
989.985 2148.542
964.604 2111.333
1049.864 2159.708
1041.009 2133.350
1041.683 2174.355
938.735 2153.504
973.115 2176.801
1025.973 2172.787
1056.687 2162.355
980.416 1987.836
972.469 2122.121
1097.579 2112.491
1063.583 2121.540
971.562 2046.152
944.746 2059.736
985.817 2172.936
1050.949 2077.455
1024.636 2060.999
1058.750 1984.856
1078.636 2141.459
908.526 2094.120
1093.970 2102.653
860.915 2113.306
1025.668 2146.762
986.569 2128.075
1100.395 1981.375
852.566 2130.000
889.801 2062.311
1003.832 2164.036
866.712 2152.559
1016.730 1975.131
1063.673 2151.522
1081.054 2168.254
926.073 1963.828
869.531 2087.240
987.391 2186.245
977.602 2127.998
920.712 1964.526
968.162 2065.177
885.323 2088.086
894.268 2063.217
922.443 2127.876
925.587 2053.274
1062.851 2099.977
998.372 2156.917
946.996 2174.584
941.309 2087.577
907.808 2075.853
1034.441 1981.923
1075.793 2030.371
983.856 2023.880
931.780 2107.232
1048.981 2152.052
961.326 2006.314
940.394 2094.346
906.557 2076.774
1021.007 2068.435
879.039 2088.398
866.814 1957.179
879.230 1950.875
1036.001 1960.357
1001.802 2016.857
1061.263 2156.925
1054.905 2077.294
987.488 2176.302
954.103 2184.695
1094.078 2002.603
1086.106 2175.416
951.114 2009.438
881.992 2094.573
984.663 2058.656
1100.511 2127.610
926.445 2097.643
1019.018 2124.307
1081.846 2134.814
1080.632 2135.012
1101.117 2077.315
966.737 2145.816
918.173 2034.596
961.856 1981.851
970.756 1940.360
1092.401 2034.693
1024.836 2154.415
1036.708 2037.264
1093.921 2150.051
988.409 2041.887
1067.590 2056.919
906.770 2001.519
921.754 2170.788
1042.082 2052.370
903.165 1939.864
1016.810 2044.733
1094.387 2054.104
852.184 2009.993
1060.297 2031.028
1093.039 2163.258
988.621 2073.008
1034.235 1937.359
924.127 2175.634
1015.864 2177.673
875.588 1958.099
989.548 2121.534
1052.927 2073.780
1056.211 1961.281
874.621 1984.811
880.805 2106.196
880.826 2046.819
1025.019 2096.865
871.687 2033.940
1028.813 2066.681
968.017 2185.734
870.452 1982.825
927.349 2125.044
1022.070 2096.119
972.579 2013.325
1010.282 1948.694
955.876 1963.157
879.487 2140.348
871.125 1985.247
979.616 2038.280
1006.336 2147.245
961.405 2167.363
1023.176 2132.069
886.540 2125.239
941.296 1984.268
864.450 2121.248
1057.795 2172.990
1052.390 2166.310
1020.789 2013.043
905.572 2060.949
913.267 2170.273
1037.931 2028.779
1045.481 2013.673
1093.322 2097.711
913.893 2163.128
1086.802 2004.876
1051.399 2020.407
1093.827 2173.309
1092.135 2147.305
853.657 2116.840
1055.950 2059.893
953.412 1956.474
1030.797 2110.925
881.939 1988.197
914.112 2169.734
1006.200 2107.077
965.696 2145.915
1091.575 2074.546
1002.169 2072.976
881.465 1958.176
887.966 2003.259
895.122 2004.631
901.194 2012.737
951.053 2135.843
1006.222 2047.827
1066.560 1973.734
977.722 1991.096
949.699 2139.047
946.571 1969.303
1097.684 2137.200
943.172 1991.620
902.275 2076.832
942.016 1992.446
960.174 1945.415
882.564 2168.259
1076.436 2166.389
1002.519 2170.148
918.440 2084.171
976.078 1952.689
891.076 2128.799
1079.804 2124.332
1013.731 2063.129
917.927 2029.762
957.143 1969.169
925.041 1946.578
986.729 2161.471
922.964 2080.533
997.788 1955.471
998.139 2064.054
910.498 2065.506
941.975 2057.542
920.881 1951.116
969.060 2036.696
985.440 2013.383
1060.866 2016.752
855.553 2110.317
1026.227 2158.920
1052.553 2045.842
1072.152 2159.743
881.120 2021.258
1061.035 1990.612
999.719 1940.996
966.641 2094.121
941.815 2036.436
1073.289 2061.262
1081.121 2080.960
978.235 2134.375
931.974 2000.560
1069.298 2133.850
1065.543 1984.300
948.952 2003.414
1026.912 1983.353
934.769 2062.316
941.407 2079.003
1058.771 2126.671
901.844 2027.877
1015.372 1995.623
899.405 2185.018
988.358 2095.408
932.745 2064.493
891.145 1949.377
1011.271 2002.450
912.879 2042.497
1014.177 2008.576
953.563 2145.006
901.341 1962.790
1034.548 1954.187
853.474 2082.819
899.016 2043.451
1003.525 2168.762
989.759 2071.844
1090.324 1999.184
1058.069 2120.145
905.187 2005.811
1069.414 1976.570
938.577 2157.014
892.894 2030.025
952.186 2046.255
974.334 1960.647
955.649 2146.620
1081.704 2082.270
1082.693 2051.211
1047.360 2130.125
1080.419 2008.813
1055.377 2115.630
867.757 1952.460
1071.492 2001.304
1044.490 2015.369
1048.509 2065.229
859.742 2115.664
857.365 1964.241
970.409 2161.896
1074.661 2112.031
1047.879 1994.958
891.080 2063.133
924.789 2150.699
1017.205 2061.634
943.770 2024.659
960.540 2076.784
1061.785 2027.878
1082.300 2175.044
993.878 2022.252
1053.903 2066.149
986.579 2133.959
1047.729 2134.734
1089.949 2007.445
1049.777 2041.830
958.364 2012.056
1031.316 2179.961
944.181 2177.343
1079.884 2138.221
1000.320 2122.926
955.446 2023.890
902.914 2022.964
907.290 1989.226
900.500 2004.940
936.919 2079.416
888.689 2003.987
1052.754 2015.995
1057.850 2150.475
864.138 2000.679
1092.441 1988.833
974.908 2181.431
980.342 2105.236
1091.047 1983.908
1078.206 1989.622
873.150 2127.753
1099.793 2000.975
1079.889 2136.613
960.665 2018.798
998.534 2078.419
1061.062 2159.597
1101.418 1998.102
877.918 1939.062
970.641 2164.012
1062.547 2105.991
878.472 2184.150
978.712 2081.994
943.990 2014.913
938.851 2093.853
877.679 2046.100
927.150 1974.388
896.465 2053.546
1098.245 2020.006
1051.756 2027.007
1070.419 2002.816
958.064 2089.635
908.077 1984.411
858.879 2133.140
1035.165 2000.718
1067.827 1950.603
1083.331 2114.199
1079.695 2113.082
962.228 1947.822
1004.218 2129.705
1084.491 2015.300
1085.214 2006.477
949.744 2163.577
922.579 1946.698
852.537 2126.602
924.300 2009.326
879.779 2135.455
859.441 2040.259
960.001 2118.332
872.596 2173.331
895.969 2009.483
1019.313 2127.601
971.688 2077.483
859.017 2097.776
1036.583 2053.607
922.876 2169.980
1042.996 2001.006
965.290 1987.989
1029.890 2141.507
1098.313 2069.986
876.146 2059.159
1015.157 2122.680
1003.677 2013.654
1052.078 1951.356
867.708 2160.524
998.123 2029.948
1004.345 2054.462
893.451 2115.250
900.123 1961.055
854.750 2146.250
1078.059 1981.100
902.796 2012.510
1033.881 2008.679
954.981 2131.597
975.027 2109.640
1091.382 2141.558
862.832 2072.847
1030.967 2180.060
1048.832 2076.657
924.013 2169.595
998.293 2099.129
1034.465 2079.253
931.343 1986.498
975.382 2084.994
867.525 2138.257
977.657 1984.788
887.824 2155.001
871.101 1950.995
1078.953 2072.060
1051.164 2168.881
1042.054 1990.814
1082.623 1975.106
931.942 2052.087
991.938 2017.016
1045.848 2062.401
1007.609 2097.720
974.430 2178.424
961.731 2008.151
950.322 2051.446
971.510 1987.954
991.745 1968.422
1031.650 2041.111
1007.896 2110.719
1034.658 2157.811
1015.555 1946.428
897.198 2142.959
983.247 1955.602
918.818 1968.361
874.460 1950.444
994.836 2178.050
1067.676 2078.249
854.085 2005.518
957.147 2000.837
914.502 2075.274
916.064 2019.403
870.607 2064.964
1090.222 2028.474
1062.552 2041.887
857.138 2042.704
1032.311 2015.446
895.291 2183.134
1024.138 2063.942
1011.919 2025.017
977.573 2177.427
1056.056 1948.465
987.470 1982.896
918.826 2002.964
999.832 2098.980
1080.135 2158.526
895.488 2049.335
932.599 2173.305
970.410 1992.247
1053.035 2166.797
954.296 2155.489
990.799 2100.499
1095.364 2084.335
985.777 2015.796
1020.166 1939.327
1039.716 1952.783
1038.801 2117.616
885.409 2018.306
935.752 2009.349
925.288 2063.460
876.606 1980.185
930.770 2187.053
1017.058 2077.044
873.738 1992.205
1026.831 2010.100
902.706 2084.824
1034.750 2184.868
1060.227 2024.385
1088.988 1948.021
974.349 2003.606
913.453 2132.251
1029.163 2036.063
921.126 2134.197
1021.586 2016.861
1080.649 2072.211
1098.648 1985.390
1007.964 2038.347
875.688 2132.607
929.105 2028.386
1086.676 2151.202
1036.409 2031.625
1021.123 1957.553
1008.055 2021.472
874.820 1987.084
941.911 2128.938
916.178 1984.458
1057.660 2013.499
964.878 2074.700
1056.099 2093.383
922.555 1969.173
1044.060 1959.916
975.323 2173.640
1032.898 2085.124
1059.745 2114.652
1057.182 1975.591
1047.273 1972.301
1045.068 2119.312
946.570 2122.112
886.233 1950.353
1004.415 2124.570
1062.957 2109.576
869.595 2123.338
888.406 1946.354
949.894 2150.865
1051.628 2038.517
1089.418 2067.149
886.113 2066.386
1082.489 2071.956
863.961 1980.797
1033.600 2163.681
1031.267 1944.943
903.557 2002.776
1001.288 2086.347
1093.859 2119.433
1039.785 1967.029
927.724 1977.090
868.863 1948.708
1044.722 2106.285
962.780 2133.163
890.093 2037.845
908.973 2088.634
1060.208 2023.690
999.727 1988.925
851.783 1985.969
878.217 2008.650
940.952 2020.585
913.936 2093.551
941.947 2144.426
1072.995 2149.465
1041.528 2008.373
997.453 1961.637
935.084 2168.761
984.982 2121.786
857.734 2113.428
932.202 1945.303
1012.760 2123.704
911.819 2050.050
892.172 2069.415
1020.289 1972.069
856.622 2174.359
988.182 2063.458
954.178 2082.417
894.757 2105.586
934.043 2136.664
914.354 2049.981
921.165 2057.425
916.190 2029.803
962.930 1938.994
1005.834 2081.145
971.348 2142.556
1077.180 2180.451
910.203 1964.089
891.934 1999.064
1023.638 2108.940
1078.955 1992.129
1072.031 2101.485
979.461 2175.611
1000.710 2001.214
1052.534 2178.681
1098.377 2150.241
985.840 2023.540
1099.426 2186.917
962.136 2027.407
1074.255 1954.402
1075.511 2065.821
1036.215 2103.551
979.899 1986.452
881.635 2118.033
950.572 1989.785
996.152 2091.330
951.049 2006.832
907.678 2043.160
1003.373 2009.185
942.361 1998.837
1092.673 2008.425
1013.935 2157.212
1064.805 2013.134
913.151 2057.012
875.372 2068.301
876.062 2088.811
877.840 2155.227
949.767 1952.873
883.245 2020.135
966.400 2036.392
932.114 2067.348
966.727 2028.069
863.207 2165.403
933.917 2029.778
984.129 2107.460
948.155 2083.918
924.902 2037.073
888.663 1987.071
877.657 1978.333
1053.657 2123.511
1018.544 2012.869
980.121 2019.427
1078.911 2086.223
851.519 1964.736
1053.313 1969.793
1006.440 2049.706
1013.043 2020.028
1000.064 2166.647
968.225 2048.590
941.725 2107.110
1081.959 1953.218
854.871 2164.183
1066.166 2156.751
924.255 2112.151
1040.287 2036.444
973.211 1993.233
983.892 2069.331
1014.056 2039.399
858.340 2031.244
858.056 2007.619
1020.949 2053.435
992.336 2144.142
1090.919 1974.670
865.071 1993.242
892.624 2010.724
1095.865 2049.097
1053.070 1983.612
852.992 2097.794
1082.247 2000.312
905.403 2058.020
928.854 2180.251
981.390 1962.356
951.271 2181.856
1046.766 2063.047
1001.656 2062.585
917.569 2005.199
857.572 1988.685
892.320 2176.312
966.477 1997.088
896.363 2135.075
948.945 2048.258
913.802 1960.939
1039.748 2124.218
1078.324 2057.221
1041.126 2103.692
984.898 1978.374
928.096 1956.395
894.206 2121.419
1021.125 1977.518
1068.528 2069.684
942.204 2108.324
925.398 1948.200
1093.909 1970.466
968.847 1974.406
967.439 1969.862
1035.446 2070.719
982.988 2006.930
975.545 1961.776
1088.601 2043.504
881.455 1989.279
1074.869 1974.985
1100.870 2023.290
990.516 1941.120
908.053 2017.773
919.161 2047.800
1025.729 1952.871
957.447 1997.798
920.983 2048.293
1050.679 1942.248
996.802 2152.807
928.389 2091.427
1043.687 2082.391
870.568 1985.491
927.022 2045.172
953.547 2181.569
957.852 2100.608
1023.743 2116.817
866.528 2089.552
991.363 2133.314
1004.143 2064.252
1082.364 1969.472
991.054 1949.683
1048.599 2091.493
969.778 2041.949
965.987 1944.620
932.187 1947.174
925.439 2078.280
884.366 2004.910
912.628 2183.083
869.155 2096.171
920.993 2053.214
1058.951 1938.090
883.524 1985.091
852.598 1940.009
1089.669 2021.339
1013.037 2034.035
933.010 2050.634
978.367 2171.546
875.686 1978.906
927.829 2026.512
869.439 2139.909
890.618 2076.075
889.741 2118.363
1044.533 2094.291
966.263 2182.810
972.690 2160.266
1020.512 2001.972
1044.914 2050.503
989.756 2141.904
1015.621 1992.640
1055.596 1980.288
928.048 1982.749
905.804 2167.560
1003.262 1970.758
1011.776 2070.179
1020.179 2042.456
943.269 2007.629
1078.994 2028.478
879.462 2134.083
1087.561 2182.548
1033.574 2185.965
1037.909 1993.022
1055.564 2097.019
1039.357 1939.499
876.550 2035.216
944.762 2153.624
1039.298 1999.741
910.164 2012.330
1091.090 1987.253
963.946 2111.287
1022.457 1959.122
941.317 2009.917
1023.340 2061.799
907.844 2085.919
881.752 1996.551
1027.457 1982.045
906.586 2127.875
904.464 2154.762
1057.557 2103.892
960.809 2057.348
1003.321 2177.044
989.165 2165.969
934.558 1959.634
884.746 2046.677
865.787 2128.404
938.398 2021.592
1036.898 2148.540
888.003 1975.970
969.396 2069.431
956.130 2037.486
993.574 2184.274
889.429 2111.754
865.049 2165.875
1044.583 2143.344
962.207 1947.949
883.699 2166.100
991.050 2111.079
1058.711 2075.443
969.491 1975.973
856.811 2158.841
904.776 1984.802
1067.321 2105.452
966.183 2171.085
942.664 2016.063
894.249 2065.217
1092.906 2044.948
1000.736 1997.842
991.146 2118.944
946.376 2130.579
912.408 2091.476
931.042 2044.992
942.166 2135.015
885.426 2081.394
889.207 2067.531
898.394 2109.698
892.145 2130.535
983.835 2116.495
899.130 1947.916
1070.224 1983.701
970.595 1991.245
884.481 1986.899
1033.641 2007.373
913.003 2000.261
988.915 2049.215
906.265 2045.743
923.812 1937.710
1020.206 2083.166
864.080 1969.536
1063.794 2158.294
879.485 2011.933
860.541 1956.058
933.371 2000.530
971.742 2081.869
938.572 2017.259
1084.189 2105.643
1058.620 1985.416
1017.854 2086.888
1038.826 2049.907
1000.292 2151.073
956.216 2045.565
1086.798 1971.492
1071.814 2147.462
891.796 1982.885
888.935 2133.962
874.290 2087.060
1094.589 2111.703
869.942 2091.350
1035.019 2072.224
998.744 2012.407
884.311 1992.260
908.002 2184.451
927.179 1938.278
951.146 2173.752
1050.690 2084.167
1066.061 1964.338
1089.173 2004.852
1080.080 1991.791
974.559 2055.445
1046.248 2131.115
886.886 1943.057
1085.018 2111.212
933.142 2117.232
877.438 2031.772
1069.096 2115.786
1075.065 2057.044
898.442 2142.753
884.482 2154.359
936.226 1942.047
931.767 2110.437
1037.289 1958.721
917.595 2123.372
887.419 2170.996
1050.370 1987.342
864.716 2091.336
1059.148 2094.651
1100.364 2155.357
895.571 2046.245
887.602 2167.057
1074.522 2019.656
1053.867 1974.259
1005.180 2100.766
1084.359 2161.386
886.260 1989.263
1023.562 2027.271
979.636 2168.497
1067.209 1973.332
950.658 2044.536
884.319 1962.436
1006.453 2089.573
1100.892 1989.678
1019.780 2115.846
995.024 2113.191
913.234 2130.115
1024.246 1986.952
874.419 1982.867
1083.796 2094.646
996.926 2018.285
974.373 2040.146
1027.943 2024.087
1090.631 2024.212
979.844 2176.363
1031.740 2136.311
922.280 1947.249
863.797 2168.294
998.566 1964.503
1053.655 2027.955
913.774 2130.685
943.363 1965.356
1089.936 1996.491
976.240 1969.205
1029.493 2098.458
1095.726 1939.509
975.800 2005.214
878.659 1943.658
970.219 2084.567
869.070 1985.829
1096.438 2026.774
1031.289 2089.106
902.255 2031.107
946.373 2108.435
874.611 2138.672
1082.287 1982.952
1053.987 2134.300
889.472 1962.698
854.163 2069.231
980.808 1967.445
1077.016 2040.507
1061.760 2133.374
993.302 1953.902
894.995 2060.869
1027.668 1975.995
864.451 2183.212
1095.015 1946.086
1067.091 2127.007
937.341 2083.461
1070.377 2015.482
900.551 2023.650
938.294 2068.370
950.403 2029.933
1050.025 1974.528
1051.751 2096.053
980.995 2102.458
1082.140 2160.804
901.123 2179.329
876.318 2176.852
883.852 2063.637
1069.130 2167.723
854.220 2154.659
1002.436 2097.166
929.668 1956.164
1086.774 1983.350
978.267 2109.243
866.292 2046.250
1063.351 2174.235
988.614 2180.621
975.589 2123.848
1012.244 2070.972
885.362 2094.751
949.416 1989.247
1085.759 2023.124
909.918 2034.966
952.495 2080.987
983.662 2137.738
1039.534 1940.471
997.313 1969.506
1079.271 2003.054
873.240 2186.875
1071.416 2009.065
1002.410 2097.284
919.048 2154.664
860.620 2031.810
999.036 2067.581
909.911 1985.381
1077.788 2106.765
873.265 2168.607
949.258 1948.318
868.958 1960.623
981.279 2046.129
913.950 1992.221
1056.215 2181.620
1094.602 2046.092
990.718 2177.137
957.572 2010.323
969.076 2100.737
1055.908 2046.825
895.607 2017.988
954.730 1948.129
1071.190 2110.228
1010.458 1972.797
1022.007 2001.994
857.430 1975.796
1094.418 2144.495
942.716 2185.194
865.815 2110.318
854.144 2169.856
1042.002 2029.374
994.430 2186.301
1001.448 1946.421
865.769 2091.106
1032.047 2061.102
1017.307 1953.014
868.072 2001.686
950.188 2067.687
989.963 2118.534
1011.139 2027.349
945.653 1971.142
934.294 2128.882
985.314 2018.500
1002.555 2136.648
913.966 2075.212
976.011 2070.695
1065.993 1980.581
926.559 2001.939
1072.399 2047.889
942.732 2078.165
975.411 2078.558
855.643 2016.510
904.739 2072.648
921.399 2158.287
939.099 2138.250
1071.727 2024.042
984.046 2053.649
887.058 2139.253
1040.771 2039.153
882.594 2124.570
882.300 1959.780
916.139 1959.302
1051.983 2139.912
1044.730 2157.639
1024.115 1945.815
1025.708 1942.610
1011.528 2029.304
926.170 2058.628
932.370 2105.582
1021.968 1966.160
859.207 2121.849
1050.832 2148.641
1035.713 2153.072
1064.552 2074.814
878.760 1968.102
906.299 2161.722
889.352 1983.026
859.994 1972.652
874.752 1953.108
953.638 1998.633
1048.184 2005.580
918.474 2143.816
1078.409 1988.169
950.653 2051.018
908.306 1994.617
902.932 2127.040
993.188 1948.378
1078.831 2089.261
916.710 2012.192
952.860 2170.537
974.539 2091.823
940.901 1955.019
947.268 2109.048
1088.139 2052.705
935.931 2176.257
1056.198 2089.426
1085.529 2173.281
1072.167 2160.081
964.769 2117.509
1026.853 2051.766
897.652 1982.376
932.170 2148.915
965.447 2027.219
938.398 2009.796
1087.165 2005.822
857.017 2163.726
852.767 2123.801
882.993 1959.825
940.345 2052.718
887.719 2064.371
926.053 2013.132
1005.044 1998.741
1051.137 1959.241
927.555 2087.619
887.893 2141.088
1029.625 2172.931
858.766 2180.900
1056.846 1944.789
940.456 2159.822
932.069 2166.030
1044.568 2181.075
1065.401 2119.943
1042.804 2073.532
1080.331 2181.812
936.664 2078.197
1080.390 2084.641
889.022 2075.571
970.341 1980.977
868.453 1968.241
871.213 1997.686
886.917 2069.798
891.473 2104.007
980.851 2157.944
979.183 2019.845
954.578 1941.637
956.297 2076.180
950.339 2051.107
975.287 2141.945
910.935 1994.647
1055.875 2032.171
1061.260 2000.604
900.719 2158.398
994.809 1959.940
861.655 1961.967
1031.749 2007.444
904.407 1948.101
859.285 2178.937
1004.575 2037.772
976.602 1990.679
940.651 2001.582
965.331 2170.217
884.876 2007.920
1029.917 1998.802
861.651 2019.906
867.677 2185.783
919.782 2104.992
971.754 1993.681
977.773 2103.291
927.251 1941.467
939.267 2102.789
922.765 2080.769
979.225 1975.654
922.735 2018.883
997.978 1975.008
945.178 2071.023
942.534 2039.626
1040.371 2048.488
1028.844 1970.977
1049.339 2013.310
912.112 2116.330
922.423 2115.261
1085.919 2160.224
979.669 2013.545
1008.165 2180.488
981.055 2148.809
1083.930 1996.068
977.721 2027.370
1010.835 2104.486
861.107 2144.282
906.006 1989.811
976.575 2127.241
1018.810 2119.202
985.741 2149.478
874.750 1939.304
938.321 2130.968
857.103 2001.665
890.836 2161.166
1041.507 2065.034
859.902 2035.551
1064.470 2135.978
1061.338 1974.282
864.813 2015.696
1010.238 2021.072
1055.979 2051.713
914.288 2029.700
994.387 1952.078
1073.669 2182.211
1003.810 1941.869
1033.732 2141.208
1023.184 2127.329
1020.452 2007.521
973.689 2106.257
890.798 2115.496
1098.982 2022.773
867.792 2165.064
904.509 2056.207
1089.917 2137.866
864.213 2174.003
899.754 2108.873
853.944 2088.608
908.141 2114.462
1032.784 2039.179
930.893 1997.155
1026.893 2179.318
1004.602 2156.520
940.159 2135.833
962.270 2081.672
1007.028 2021.324
1030.525 2054.897
1069.460 2141.693
932.407 2001.858
899.592 2165.283
1008.659 2061.078
987.219 1996.890
937.323 1944.535
970.897 2155.503
933.236 2084.671
999.945 1995.126
1028.036 2164.042
929.333 2124.660
859.097 2088.272
972.795 1996.296
855.655 1965.860
1077.423 2176.587
1085.089 2139.729
915.086 2034.180
946.442 2078.961
984.076 2150.404
1076.659 1943.924
890.603 1980.415
1095.826 1951.059
1003.660 2132.887
987.885 2074.892
1004.636 2057.811
1081.771 1968.095
1087.841 2111.106
989.794 2137.075
1059.871 1968.072
932.349 2016.537
1053.383 2044.060
971.620 2061.062
901.256 2088.773
1043.010 2029.574
1015.691 2142.526
905.916 2184.468
900.511 2138.927
1057.625 2167.379
972.346 2160.111
1026.559 1991.393
999.558 1959.962
1003.361 2148.826
939.358 1961.898
908.452 2021.334
1095.603 1993.933
954.447 2105.825
1061.921 2113.863
892.122 2025.021
896.590 1988.785
950.127 1971.459
985.629 1956.589
874.261 2119.064
1064.694 2019.935
968.162 2069.029
944.886 1963.153
993.325 2011.821
894.204 2133.581
986.590 2167.358
893.375 1964.827
1096.143 2024.505
908.452 1990.951
1069.997 2036.533
989.880 1963.084
929.725 2094.738
860.086 2069.460
1095.299 1964.371
1035.091 2167.698
1020.569 1984.421
988.622 2121.343
1049.037 2115.708
1062.809 2079.801
939.172 2184.626
1021.892 2020.445
985.824 1983.495
1005.780 2153.858
912.738 2100.737
1007.411 2069.354
1014.341 1989.279
958.653 2111.985
1100.717 2125.114
1014.476 1987.863
911.122 2087.377
1026.033 1951.026
882.121 2166.360
1026.798 2142.700
1026.909 2176.885
1018.068 1955.089
1028.996 2013.094
913.164 1978.533
1065.361 2001.526
887.261 2030.321
923.388 2101.841
1049.755 2101.075
973.753 2034.676
974.627 2137.900
1051.185 2005.652
1049.804 2184.826
900.096 2115.033
916.504 2001.714
985.311 1966.782
1067.071 2140.094
911.351 2147.731
939.806 1979.790
1056.404 2021.571
890.042 2059.149
985.137 2107.006
875.071 2115.177
1059.832 2004.981
901.402 2034.891
994.061 1997.613
962.822 2017.119
977.895 2020.451
989.740 2100.478
993.003 2072.099
1045.649 2039.107
1007.525 2053.665
1039.759 2000.652
972.593 2049.562
1080.324 2167.922
1012.392 1963.243
1032.295 2065.471
908.932 2053.200
996.720 2166.605
993.246 2032.866
981.541 2081.535
943.991 2027.343
996.834 2165.162
929.451 2014.057
933.170 2148.066
859.724 1982.366
1046.955 2149.077
1089.393 2146.582
1042.983 2005.334
876.987 1992.729
1005.553 2083.390
985.638 2176.278
1004.562 2093.858
942.946 2091.538
1073.967 2004.731
1023.011 2123.054
1063.612 2040.789
918.375 1979.953
865.205 2137.642
932.206 1985.455
925.343 2076.209
1075.908 2029.415
869.081 2013.733
1052.268 1950.883
967.403 2021.282
1060.180 2110.348
1020.469 2166.600
1003.439 1981.444
1098.103 1975.210
1093.580 2088.058
953.420 2124.135
1090.933 2123.617
1040.881 2141.025
1016.719 1946.942
1001.598 2029.822
874.574 2133.962
1090.782 1954.887
1071.418 2185.251
860.663 2063.927
1081.103 2005.475
925.665 1986.259
999.701 2164.592
921.228 1969.508
1020.357 2039.824
986.608 2032.279
932.804 1980.663
994.543 2076.707
892.744 2064.289
963.029 1969.964
1008.283 2115.795
904.170 1960.526
910.283 2172.060
947.451 2046.498
1053.694 2065.897
863.673 2069.439
1017.594 2031.529
918.315 2102.650
900.848 2029.935
855.134 2126.992
906.136 2103.407
959.320 1974.865
1070.779 2137.609
866.830 2154.082
882.073 2081.692
1052.606 1964.013
878.175 2019.490
1007.933 1968.620
929.229 2011.783
967.936 2117.864
1069.853 1961.184
967.091 2034.733
996.412 2018.331
868.736 2178.222
951.373 2071.664
931.319 1956.902
891.268 2137.446
1036.935 2071.274
853.554 2094.462
984.960 2116.758
1074.472 2044.147
994.077 2156.464
981.248 2166.281
1045.190 2040.215
903.131 2086.646
885.084 2150.154
937.225 2125.444
1077.072 2159.103
1007.659 1963.294
851.981 2043.128
959.014 2084.654
966.161 2079.018
898.473 1984.647
1095.124 2129.390
882.556 2176.984
971.746 2103.502
869.891 2173.557
1097.082 2051.044
888.875 2070.765
1058.814 2080.038
1029.738 1965.246
988.807 2127.809
853.164 2081.924
1019.516 2020.287
916.537 2019.153
1063.110 1949.027
1038.478 2131.488
944.732 2115.468
1051.420 2048.356
881.414 2153.889
981.833 2153.218
1052.662 2155.381
940.571 1971.212
1038.219 1945.835
883.218 1968.211
1028.341 2082.122
1066.768 2098.655
933.300 2170.227
1059.968 2074.724
1001.445 1943.685
983.640 1990.763
1086.776 1994.108
1047.960 2060.563
975.209 1987.021
937.798 1979.216
1093.421 1981.681
977.419 1964.304
929.959 2171.670
874.351 2058.381
867.192 1986.163
909.575 1989.131
1074.463 2044.456
958.884 2091.971
933.620 2009.722
935.591 2099.958
893.857 2150.707
1028.151 2006.444
931.731 1970.876
1024.390 1940.621
921.775 2097.789
990.712 2160.544
862.134 1937.997
870.294 2145.257
969.045 1974.140
941.214 1939.934
852.444 2022.562
1097.009 2163.179
997.382 2114.280
1078.362 2140.511
1064.332 1965.226
895.492 2146.374
930.881 2013.704
1097.128 2038.131
921.284 2163.567
1015.735 1989.982
916.874 2117.437
952.177 2174.621
1037.665 1983.434
1023.754 1952.487
905.518 1993.247
1097.874 1942.332
912.785 2178.671
882.265 2006.016
1082.294 2059.240
981.234 2162.397
1066.199 1988.668
1009.050 2070.960
1073.199 2167.300
977.698 1988.130
914.751 2164.989
1080.669 1972.430
1044.498 1939.164
964.475 1981.494
1063.453 2142.936
1021.729 1956.326
989.368 2099.979
852.625 2071.495
865.427 2165.001
1079.024 2053.304
884.650 1971.274
852.760 2048.729
1049.233 2136.619
901.264 2011.826
966.097 1940.554
983.231 1998.388
1007.963 2060.889
894.589 1952.037
1094.275 2164.368
1076.468 2101.667
1027.250 2055.395
991.876 1989.023
879.778 2159.156
875.337 2179.073
852.418 2162.830
865.195 2127.224
935.750 1940.782
898.549 2076.496
1004.594 2063.370
908.967 2101.333
1024.377 2160.056
904.908 1945.778
972.796 2122.555
973.487 1962.912
1047.506 2178.408
931.258 2039.279
911.885 2180.861
982.172 1986.009
1085.235 1964.675
947.942 2138.387
935.539 2016.585
989.937 2169.993
1089.205 2045.195
1002.602 1939.379
1036.764 2030.957
938.963 1999.742
1013.100 2046.408
1062.158 2045.785
945.932 2103.341
2036.969 1845.003
2066.549 1643.277
2045.822 1769.082
1982.954 1788.910
1936.251 1852.158
2132.505 1815.040
2065.470 1708.475
2030.424 1719.255
2149.430 1712.776
2063.107 1809.418
2056.501 1702.518
2008.639 1840.512
2024.200 1812.523
1928.486 1658.848
1960.020 1776.923
2007.986 1759.230
1972.096 1843.986
2046.224 1747.531
2007.132 1790.771
2076.012 1658.895
2005.063 1676.130
2152.872 1862.004
2047.855 1741.175
1941.452 1727.224
1953.410 1648.637
2035.725 1711.097
2026.551 1843.788
2063.550 1852.832
2070.040 1714.532
1927.869 1837.854
2151.335 1662.210
2100.865 1671.354
2024.897 1773.788
2041.026 1791.410
2067.481 1851.000
2096.714 1634.255
1992.925 1707.390
2078.449 1699.946
2085.314 1838.793
1948.825 1678.928
2082.176 1846.877
2119.115 1703.867
2102.693 1827.624
1989.616 1700.756
2076.158 1616.708
1993.375 1639.063
2025.056 1801.040
2116.019 1645.378
1993.731 1765.549
2069.005 1782.510
2157.710 1826.374
1984.242 1772.590
2012.263 1846.443
1973.748 1718.360
1931.226 1760.701
2086.914 1751.282
2037.786 1740.512
1923.051 1778.501
1944.849 1804.055
1998.630 1733.022
1976.186 1816.154
2009.996 1666.769
2132.934 1852.738
1961.630 1653.102
2090.682 1638.524
1922.731 1703.817
2087.248 1803.294
1924.227 1848.249
1938.061 1803.888
1919.090 1728.109
1928.284 1616.289
2076.160 1616.079
1999.934 1672.965
2008.169 1825.736
2143.666 1635.497
1934.984 1759.628
1941.989 1836.438
1984.761 1656.844
1943.138 1794.596
2120.462 1638.830
1941.553 1631.016
1962.859 1855.488
2113.991 1616.679
2086.407 1841.978
2134.279 1847.596
1985.892 1650.398
1980.020 1780.848
1992.394 1813.681
1922.108 1714.344
2065.731 1773.016
2005.741 1852.311
1983.813 1743.011
1943.057 1824.641
1986.551 1664.737
2031.665 1812.664
1971.480 1816.830
2031.363 1826.227
2079.086 1643.331
2043.173 1768.216
2020.765 1787.429
1981.228 1858.058
2039.212 1663.857
2110.685 1806.043
2035.879 1735.622
2100.432 1784.176
1997.774 1709.560
1946.867 1672.034
2061.779 1701.774
1979.110 1662.242
2016.035 1720.871
2105.089 1826.731
1957.460 1738.175
1970.878 1679.704
2025.998 1680.662
2034.120 1830.941
1973.546 1710.750
2033.865 1710.226
2031.256 1715.122
2041.727 1670.197
2049.275 1678.266
1966.460 1683.974
2026.609 1634.364
1952.644 1804.546
2123.190 1668.525
2063.795 1698.103
2085.063 1836.704
1955.018 1844.613
2144.641 1839.742
2065.452 1612.811
1971.950 1668.124
1936.339 1714.743
2095.913 1673.160
1953.239 1782.086
2150.099 1819.941
2142.874 1764.772
2079.135 1619.672
2142.087 1841.765
2074.492 1841.598
2136.025 1620.710
2131.425 1801.430
1957.370 1780.891
2121.653 1824.896
2056.457 1626.866
1961.878 1774.348
2044.853 1634.019
2119.534 1842.188
1960.515 1813.247
2032.351 1621.725
1969.320 1661.174
2122.714 1762.802
2072.313 1712.382
2124.586 1805.247
2076.112 1695.471
2162.223 1786.674
2031.347 1741.720
1932.371 1710.158
2091.039 1737.012
1985.704 1616.610
1956.041 1639.653
1936.375 1727.196
2059.975 1679.665
1957.853 1834.378
2066.063 1850.767
2160.697 1622.070
2004.710 1727.589
2117.564 1808.286
1924.017 1702.229
2054.852 1830.815
2019.032 1707.368
1947.103 1841.741
2114.170 1648.330
1976.255 1658.379
2119.322 1732.082
2071.865 1680.361
1947.601 1807.590
1985.858 1673.928
2155.275 1659.337
2026.703 1623.764
2088.025 1857.093
2150.448 1669.379
2133.593 1721.295
2154.383 1686.505
2087.282 1711.793
2157.980 1736.055
2140.739 1767.230
2039.611 1836.557
2014.391 1761.377
2047.902 1724.717
1994.847 1826.612
2162.851 1781.447
1988.679 1845.648
2078.811 1704.303
2119.293 1631.205
1928.485 1826.837
2163.884 1773.752
1924.381 1748.842
2126.665 1777.464
2144.257 1669.475
2142.466 1735.672
2114.636 1630.893
2061.104 1841.797
2010.800 1699.834
1955.187 1645.054
2061.692 1614.200
2137.293 1670.715
1959.194 1705.384
2133.819 1782.722
1947.632 1613.066
2060.908 1853.226
2133.907 1853.056
1984.776 1694.403
1939.213 1636.252
2050.722 1742.568
2097.894 1817.970
1982.748 1670.220
2010.424 1830.180
2084.104 1628.557
2103.373 1789.634
2135.986 1618.151
1986.135 1623.576
2019.861 1667.679
2115.882 1644.215
2046.429 1655.803
1944.120 1745.962
2004.706 1635.493
2162.407 1685.783
2027.354 1840.111
2095.309 1800.962
2153.087 1648.700
2012.837 1849.932
2058.460 1719.103
2027.532 1820.364
1989.892 1856.482
1954.530 1860.975
1951.111 1777.995
1925.540 1620.455
2086.706 1729.418
1946.088 1752.064
2113.780 1770.179
1966.916 1643.987
2103.026 1695.971
1944.216 1709.581
2027.294 1795.967
1968.060 1663.430
2139.386 1668.527
2016.143 1837.591
1974.255 1652.031
1988.223 1809.644
2067.627 1786.909
2009.223 1612.536
2136.050 1803.713
2099.678 1626.129
1924.571 1837.725
2089.124 1706.954
2107.527 1732.368
1972.857 1815.261
2133.852 1745.793
2034.869 1613.457
2039.670 1849.823
1963.544 1693.463
1919.738 1655.344
1917.440 1651.385
2077.676 1652.237
2003.313 1665.247
1968.839 1736.246
2014.962 1853.523
2146.662 1618.777
2040.297 1780.609
1963.575 1695.223
1927.182 1857.872
2026.225 1689.426
1959.597 1624.452
2097.892 1794.204
2091.708 1645.386
2148.035 1769.016
2010.814 1777.656
2069.048 1789.873
2046.024 1704.820
2138.125 1741.789
2116.464 1643.099
2101.172 1826.693
1982.006 1650.845
2144.157 1757.515
1971.012 1856.987
2090.957 1662.148
2029.891 1666.729
1941.307 1685.526
2036.129 1735.275
1970.395 1659.184
1925.005 1653.545
1941.872 1618.439
2017.192 1829.619
1925.417 1694.279
2150.937 1685.683
1915.075 1806.235
2125.156 1730.079
2009.233 1691.032
2131.985 1676.202
2048.943 1848.147
1949.764 1856.204
2112.276 1781.965
1988.850 1772.304
2038.532 1841.805
2094.314 1853.556
1999.730 1751.059
2029.358 1766.087
1938.528 1743.138
2030.697 1695.460
2043.645 1713.673
2111.787 1860.717
2042.525 1670.567
2158.780 1851.891
1936.533 1661.994
2140.631 1806.432
2006.378 1844.803
2117.461 1682.909
2150.695 1754.223
2093.730 1826.004
2162.217 1689.171
2105.306 1777.176
2019.784 1664.728
2141.554 1752.605
2057.557 1838.260
2033.372 1837.859
1948.191 1859.564
2148.236 1759.970
2024.524 1753.968
2133.325 1855.451
1942.352 1776.215
1974.527 1721.004
1928.478 1843.873
2164.063 1813.851
1969.312 1696.794
2123.304 1764.644
2020.192 1796.471
1935.821 1724.831
1994.216 1699.126
1947.731 1775.344
2137.818 1709.501
2104.531 1802.402
2023.822 1740.233
2134.482 1652.982
2035.818 1638.372
2053.552 1739.462
1927.644 1815.310
1998.078 1826.052
1962.499 1839.350
1922.037 1626.625
2132.044 1735.633
2033.793 1671.016
2130.352 1731.443
1940.001 1847.052
2112.487 1670.487
2091.218 1791.239
1922.967 1662.946
2080.843 1644.780
2030.172 1680.131
2028.812 1832.813
2024.289 1804.290
2148.526 1710.185
1996.624 1645.900
2130.033 1660.214
2152.211 1809.169
2026.231 1681.665
2144.682 1787.685
2096.107 1771.299
2025.333 1827.871
2107.598 1732.606
2030.490 1825.860
2042.158 1630.262
1984.919 1689.659
1939.662 1753.395
2103.850 1780.966
2053.214 1715.323
2159.948 1787.075
1951.262 1850.293
1916.729 1844.102
2033.072 1678.692
2019.147 1743.498
1982.943 1774.309
2143.393 1815.133
2017.485 1850.442
2091.795 1818.880
1917.767 1696.276
1958.527 1631.955
2027.125 1683.718
2163.794 1789.850
2095.936 1724.594
2037.568 1824.145
2025.849 1730.733
1927.727 1681.630
2132.649 1720.063
2056.123 1648.347
2007.830 1786.617
1963.104 1690.467
2104.123 1827.597
2054.753 1809.753
1936.760 1684.436
2014.410 1789.835
2145.617 1745.247
2143.293 1719.799
1989.157 1723.591
2091.335 1776.791
2125.793 1680.732
1927.592 1692.051
1922.541 1815.660
2143.115 1664.984
2076.104 1688.924
2032.528 1760.036
1990.069 1843.628
1914.768 1768.890
2027.445 1666.342
2047.627 1688.864
2097.671 1659.990
2158.551 1640.331
2031.068 1784.398
1954.056 1700.334
2026.138 1723.700
2103.229 1776.621
2159.132 1758.338
1931.674 1800.829
2115.702 1643.037
1942.253 1828.503
1936.043 1836.562
1988.824 1795.285
1992.362 1690.509
2162.716 1772.701
2032.735 1829.752
2013.770 1676.067
1954.854 1699.196
2106.160 1635.938
2021.858 1840.754
2110.576 1855.087
1964.564 1731.423
1992.376 1745.015
2134.894 1790.613
1970.533 1618.496
1957.062 1625.187
2084.097 1661.228
1937.735 1718.442
1919.741 1782.972
2101.748 1709.434
2067.704 1653.867
2019.103 1656.211
1973.763 1748.344
1931.903 1647.084
1977.941 1650.973
1915.140 1778.504
2128.552 1664.666
2015.931 1833.315
1983.091 1651.694
2140.987 1624.918
1996.245 1677.026
1948.147 1655.645
2079.424 1643.899
2013.876 1692.058
1940.268 1751.371
2110.600 1785.296
2152.900 1629.758
1968.458 1722.995
1973.470 1710.240
2003.798 1745.252
1962.169 1849.381
2160.734 1853.926
1920.044 1719.317
1915.088 1686.683
1963.935 1769.790
2142.531 1673.802
2099.103 1719.146
2084.943 1735.221
2061.678 1720.492
2005.741 1770.575
1956.435 1769.648
2099.106 1801.636
2070.851 1816.122
1966.608 1854.218
2053.027 1746.578
2040.460 1755.272
1954.142 1638.173
1916.062 1730.835
1956.580 1676.579
2134.635 1765.248
2125.763 1762.470
2049.408 1674.172
1983.887 1775.364
2046.609 1749.451
2070.644 1716.507
2006.556 1617.198
2149.391 1627.728
2003.254 1811.857
2093.359 1744.447
2114.587 1693.955
1973.095 1747.104
2081.341 1818.720
2052.482 1621.573
2029.605 1801.271
2027.120 1731.612
2147.831 1840.132
2045.084 1637.643
1981.685 1765.729
2151.500 1839.452
2036.059 1617.035
2111.655 1650.606
1952.418 1660.579
1958.715 1694.838
1957.803 1714.605
2109.173 1805.612
1975.356 1636.979
2021.888 1741.120
2021.102 1643.876
2010.508 1652.828
2124.887 1748.913
1929.274 1654.044
2016.728 1796.669
2134.441 1679.322
2121.786 1632.800
1965.678 1636.568
2083.990 1758.660
1926.559 1729.461
2086.668 1817.285
1985.065 1797.826
1988.002 1806.904
1999.674 1800.137
1951.816 1666.013
2160.066 1832.292
2135.175 1795.533
2163.036 1803.556
2011.433 1672.007
2142.964 1745.509
1995.966 1753.565
2054.543 1828.245
2107.636 1674.256
1947.865 1624.577
2061.899 1693.346
2034.758 1626.832
1987.014 1653.726
2075.253 1637.475
1948.003 1728.756
1926.627 1853.102
2008.511 1851.521
2126.610 1657.396
2132.102 1717.107
2005.638 1851.155
2121.781 1820.831
2055.657 1794.992
1956.557 1775.254
2031.825 1836.686
2131.228 1839.231
2014.149 1832.411
2053.079 1775.998
2037.603 1823.755
2096.954 1855.492
2137.970 1622.175
1929.207 1732.011
2096.827 1615.225
2029.955 1799.877
2125.284 1684.400
1989.192 1662.464
2152.523 1643.388
2042.264 1793.569
2156.823 1617.109
1969.611 1742.388
2138.164 1668.174
1949.107 1829.105
2013.848 1625.578
2066.827 1657.258
2018.810 1617.051
1993.067 1824.673
2067.815 1673.142
2098.872 1839.671
1920.989 1769.080
1955.885 1690.782
2070.517 1739.972
1988.733 1720.274
1940.236 1654.011
1938.826 1709.697
2020.274 1688.850
2062.264 1731.293
1966.685 1660.978
2045.129 1858.475
2115.602 1672.015
2152.481 1647.166
2031.465 1733.130
1914.851 1651.377
2142.687 1765.797
2087.180 1861.733
1961.369 1682.580
1931.950 1806.910
1988.734 1853.959
2100.149 1846.531
2155.078 1649.130
2047.752 1853.149
2055.271 1803.716
1955.474 1831.695
1983.844 1649.565
2013.553 1625.806
1997.025 1679.519
1918.865 1774.740
2010.315 1707.583
2038.605 1640.392
2079.083 1822.631
2000.891 1746.341
2088.641 1765.079
2098.834 1816.388
1920.083 1839.331
2099.522 1786.928
2137.344 1859.207
2014.883 1745.487
2114.056 1644.268
2105.256 1693.333
2000.021 1719.594
2129.588 1696.855
2162.527 1643.302
2004.667 1688.342
1926.159 1844.034
2005.354 1665.903
2123.419 1650.195
1962.002 1645.166
1934.362 1764.831
1928.689 1627.328
1997.771 1735.390
2163.397 1695.482
2031.611 1669.076
1927.393 1636.995
2105.909 1846.370
2155.371 1612.104
2002.969 1630.793
1935.240 1622.570
1971.217 1688.203
2064.408 1779.923
1926.754 1776.947
2130.258 1849.777
1950.309 1627.266
1983.208 1641.246
1970.837 1812.520
1935.561 1847.739
2101.999 1661.961
2121.313 1780.578
2107.960 1751.482
2053.873 1789.480
1953.304 1652.200
2144.114 1771.975
2007.273 1734.907
2117.509 1732.701
2018.552 1745.518
1976.624 1707.157
2019.417 1655.170
2011.378 1763.814
1914.916 1626.019
2035.658 1707.780
1986.012 1668.754
2009.866 1746.072
2146.865 1828.971
2127.205 1639.307
1937.055 1685.569
2099.775 1685.411
1954.918 1802.552
2012.663 1734.522
2006.616 1810.610
2086.436 1829.949
2004.035 1689.491
1981.293 1827.723
1984.061 1832.872
2114.820 1763.638
2033.012 1798.361
1968.312 1850.781
2097.819 1724.867
2123.570 1803.470
1966.117 1796.513
2067.518 1745.190
1990.129 1787.249
2157.387 1784.034
1952.616 1697.980
2116.312 1711.464
2048.918 1750.557
1919.828 1719.529
2022.711 1677.851
2135.837 1836.849
2162.750 1738.389
1923.444 1686.098
1919.212 1801.181
2163.722 1795.577
2140.234 1758.553
2084.292 1703.237
2125.746 1735.258
1999.894 1616.646
2077.466 1778.058
1957.241 1811.990
2064.563 1728.358
2132.527 1672.963
2001.558 1851.305
1979.232 1810.649
2065.753 1691.560
2054.764 1639.597
2061.032 1682.321
2070.827 1709.081
1958.062 1802.689
2103.934 1716.703
2085.902 1617.705
2050.940 1633.021
2072.365 1669.500
2086.694 1853.708
2134.266 1684.440
2111.034 1764.212
2107.079 1761.193
1922.153 1780.244
2131.879 1843.221
2016.748 1621.193
1997.053 1707.195
2140.858 1766.465
2012.056 1653.117
2088.405 1661.536
2052.453 1777.420
2073.062 1811.452
2128.568 1723.457
2019.859 1774.203
2082.813 1781.483
2115.328 1853.891
1999.472 1745.867
2045.916 1842.998
2008.035 1821.961
1949.533 1722.831
2112.079 1764.329
2026.884 1696.723
2139.618 1831.489
2105.720 1616.067
2100.510 1824.449
2020.218 1720.357
2131.971 1700.403
1931.768 1658.139
2127.990 1814.457
2098.074 1732.233
2135.677 1630.822
2029.370 1688.141
2109.070 1736.067
2105.223 1799.830
2131.173 1632.579
2061.345 1788.186
2139.666 1620.316
2066.343 1828.952
2101.123 1755.355
2034.189 1651.073
2054.192 1638.731
2019.907 1651.280
1955.313 1731.052
2137.447 1726.365
2143.705 1769.648
2107.000 1697.386
2103.970 1824.422
2132.418 1741.381
1991.747 1664.228
2149.381 1856.756
1996.913 1822.217
1999.357 1800.139
2119.472 1747.501
1922.778 1732.615
2162.726 1697.038
2033.413 1669.962
2002.867 1640.994
2134.074 1842.764
2081.744 1746.067
1996.266 1682.662
2099.593 1731.493
2062.123 1758.032
1984.888 1850.685
2046.088 1815.409
1956.214 1696.332
2160.544 1697.719
2071.687 1634.109
2150.386 1770.436
2091.266 1674.837
1975.803 1678.923
2139.909 1809.297
2107.029 1617.881
2061.662 1841.219
2115.319 1619.414
2006.306 1733.893
2068.288 1641.372
1932.428 1822.301
2026.317 1728.637
2013.822 1647.099
2043.058 1735.606
1924.127 1826.576
2145.450 1724.960
2082.922 1861.168
1959.224 1681.438
2121.006 1612.769
1977.859 1689.881
1976.366 1835.097
2018.417 1851.368
2111.369 1617.286
2094.649 1792.877
2105.677 1772.739
2029.761 1767.225
2089.683 1709.271
1967.246 1664.754
2086.878 1848.579
2117.458 1683.839
1927.577 1782.877
1952.547 1844.218
2162.037 1657.434
1919.776 1708.013
2123.184 1809.906
2135.977 1821.900
2053.708 1770.025
2130.224 1686.014
2041.803 1652.280
1948.357 1851.885
1925.116 1794.790
1923.446 1856.890
1925.606 1821.031
2021.651 1619.023
2154.823 1640.336
2006.696 1825.101
1986.716 1627.553
2078.531 1819.416
1992.161 1652.697
2106.633 1745.069
2043.063 1764.707
2141.964 1664.254
2086.732 1717.820
2162.831 1766.300
2118.842 1683.297
2077.164 1831.508
1963.223 1662.110
1939.437 1729.228
1977.115 1786.873
2004.701 1794.497
2157.217 1667.020
2125.824 1851.024
1998.535 1769.710
2048.826 1617.326
1981.738 1794.785
2078.197 1830.057
1969.410 1821.799
2016.202 1858.910
2139.166 1806.211
2027.859 1616.628
2082.566 1681.956
2070.892 1722.334
2149.044 1780.331
2073.221 1662.695
1924.945 1666.774
2115.147 1828.206
2073.336 1737.447
2150.199 1856.812
2120.669 1645.584
2054.278 1811.346
2008.818 1760.618
2077.867 1625.864
2001.149 1735.237
2025.990 1631.153
2007.167 1710.996
2128.103 1621.989
1921.466 1822.948
1958.678 1629.302
2052.265 1767.600
2022.475 1668.226
2023.771 1737.276
1978.624 1745.932
2034.566 1746.660
2155.882 1805.052
2062.046 1668.671
2076.572 1665.590
1989.443 1702.149
2137.316 1763.902
1938.315 1826.738
2067.132 1643.475
1948.582 1620.586
2112.887 1668.910
2030.736 1725.712
2036.681 1626.668
2064.420 1682.350
2074.394 1757.065
2058.850 1774.078
2043.967 1813.947
1915.293 1623.405
2011.675 1794.544
2023.251 1716.957
2050.899 1656.521
2113.663 1668.686
1916.841 1654.146
2101.362 1827.096
2129.369 1708.819
1949.507 1840.914
2084.675 1850.834
1928.660 1712.516
1974.474 1855.223
1981.566 1735.262
1965.567 1659.551
1935.137 1616.225
2115.248 1769.903
2054.862 1850.691
2082.415 1857.336
2086.784 1807.721
2048.855 1730.467
1984.836 1832.257
2157.398 1800.501
1985.515 1697.797
2082.999 1828.784
1995.098 1781.208
2093.312 1718.892
2020.251 1773.253
2024.454 1663.133
1960.181 1806.722
1942.728 1659.138
2026.770 1663.761
2124.411 1663.769
2017.252 1818.243
2153.123 1782.237
1979.496 1710.962
1971.680 1663.628
1923.558 1656.509
1923.903 1770.637
1985.733 1828.343
1963.984 1842.564
2122.198 1728.487
2116.421 1829.629
2036.690 1741.803
2023.825 1836.172
2123.085 1709.687
2033.918 1825.739
2094.050 1729.564
1983.560 1694.052
1926.102 1629.226
2069.587 1846.669
1921.718 1744.312
2015.052 1612.552
2115.654 1841.585
2012.838 1762.086
2125.977 1704.372
1986.119 1632.589
1985.283 1798.294
2158.156 1654.530
1920.885 1649.707
2062.194 1827.762
2020.061 1643.943
1990.100 1850.374
2065.833 1638.724
2099.182 1837.259
1967.572 1847.819
1971.895 1740.838
2118.998 1767.270
2015.725 1781.042
2086.550 1733.987
1956.786 1821.041
2153.591 1743.403
2038.006 1857.757
2154.375 1770.955
2126.254 1786.193
2095.352 1750.287
2084.870 1739.506
2083.916 1671.926
2138.150 1709.402
2132.571 1845.466
1968.297 1846.060
2157.719 1743.864
2074.722 1650.037
2081.280 1798.566
1980.360 1708.627
1941.180 1665.112
2039.818 1820.002
1986.707 1767.448
2046.548 1716.290
2005.926 1744.210
2100.048 1778.045
2133.425 1730.669
1993.553 1618.230
1917.074 1848.822
2006.704 1746.935
2088.163 1640.050
2063.716 1819.987
2119.674 1712.478
2039.558 1805.072
2142.640 1804.769
2062.206 1837.820
1945.433 1786.661
1955.066 1808.630
2023.027 1839.874
2042.624 1678.134
1979.785 1805.576
1971.523 1717.856
2029.816 1746.085
1988.867 1739.220
2034.487 1662.701
2124.215 1798.844
1918.039 1804.136
1930.348 1785.871
2135.333 1858.410
2124.677 1822.780
1914.823 1761.505
2075.113 1717.946
2055.171 1670.430
1976.754 1813.851
1929.988 1780.858
2119.154 1656.876
2077.951 1738.487
2128.772 1627.584
2075.103 1819.999
1978.913 1620.695
2130.302 1748.524
1931.795 1744.355
2025.542 1686.945
1973.639 1669.032
2039.389 1744.771
2087.578 1635.865
2057.897 1857.593
2096.434 1821.976
1969.096 1632.697
2163.327 1669.734
1959.976 1781.355
2018.067 1744.275
1987.156 1815.905
2081.024 1652.012
2135.286 1697.638
1983.981 1665.994
1964.026 1752.463
2136.225 1704.745
2147.658 1839.841
1942.026 1820.009
1930.011 1797.088
1993.419 1628.679
2128.089 1859.076
2121.070 1674.600
2081.351 1696.950
2131.346 1674.814
2071.680 1739.570
2044.752 1714.228
1938.763 1631.224
2122.701 1664.050
1965.648 1727.709
2059.597 1672.394
2133.550 1653.597
2143.392 1721.616
2088.290 1705.520
1945.155 1612.148
2089.104 1851.617
1955.783 1644.242
2006.599 1675.996
2098.369 1638.359
1998.305 1704.897
2097.404 1624.001
2003.301 1661.721
2077.870 1816.033
1934.864 1855.541
2124.324 1771.238
2047.320 1824.758
1957.521 1677.212
2164.062 1848.741
2044.929 1692.478
1946.922 1680.583
2074.042 1665.843
1955.034 1691.016
1978.084 1709.481
2018.630 1854.911
2148.413 1738.721
1966.513 1743.652
1963.951 1645.967
2078.620 1854.460
2118.111 1624.752
2095.077 1852.223
2036.083 1839.172
2043.563 1848.401
2018.255 1789.648
1996.722 1617.855
1986.539 1689.624
2020.820 1809.037
2060.096 1683.981
1938.711 1634.542
2092.942 1721.468
1922.373 1816.222
1925.529 1853.601
1985.943 1757.017
1942.104 1788.707
2006.140 1834.845
2021.384 1631.637
2142.851 1769.669
1954.523 1697.248
2142.539 1844.494
2022.583 1662.214
2135.518 1763.373
2021.247 1667.270
1923.077 1736.158
2041.542 1621.162
2018.142 1693.646
2035.723 1783.555
1961.026 1645.525
2149.782 1699.448
2112.802 1776.938
2142.713 1690.058
2008.731 1680.752
2105.601 1752.320
2009.970 1855.688
1936.567 1835.366
1997.340 1769.257
2077.669 1821.448
2088.009 1855.005
2092.826 1834.642
1985.198 1803.598
2082.047 1812.782
1943.314 1727.375
2049.590 1827.256
2146.251 1848.883
2161.713 1736.449
2161.523 1829.214
2027.870 1762.834
2017.066 1644.548
2041.735 1747.687
1946.801 1635.768
1979.587 1750.122
2139.472 1799.716
2031.588 1742.125
2129.274 1661.342
2150.776 1688.070
1932.093 1755.894
2162.377 1758.346
2136.806 1790.909
1997.810 1616.950
1968.930 1759.825
1977.348 1803.092
2051.297 1645.394
2000.909 1841.775
1973.506 1834.136
2107.903 1619.678
2101.362 1719.139
2105.228 1699.673
1956.025 1714.522
2005.540 1707.971
2033.324 1660.096
2046.552 1847.513
2131.478 1713.132
1998.568 1714.111
1954.409 1703.001
2075.113 1627.903
1943.829 1783.193
1956.748 1659.938
1917.852 1833.586
2098.505 1683.357
2075.095 1860.420
2104.974 1804.218
2013.570 1785.295
2046.267 1777.877
2012.315 1718.946
2055.727 1783.320
2049.801 1666.479
2059.185 1697.381
1985.720 1740.682
2043.661 1671.758
2027.629 1785.908
1958.184 1848.341
2159.153 1734.164
2004.291 1789.562
2058.652 1639.320
2105.382 1635.048
1916.890 1724.695
1978.095 1699.276
2020.510 1660.568
2058.517 1645.307
2061.841 1618.110
1960.028 1823.568
1939.869 1861.551
2007.183 1829.661
1916.295 1679.001
1979.287 1677.922
2095.567 1818.201
2120.954 1705.878
1951.073 1837.611
1993.040 1683.684
2124.293 1703.502
1977.923 1720.475
2155.599 1690.886
1988.093 1700.854
2006.551 1641.886
1955.426 1704.516
1928.721 1758.486
1988.763 1660.703
1945.820 1761.912
1952.305 1746.678
2145.766 1835.379
2047.924 1720.230
2031.632 1674.705
2107.376 1798.085
2028.531 1656.532
2110.660 1701.610
1981.842 1812.496
2057.748 1783.037
1942.752 1669.888
2156.620 1750.146
2164.017 1706.878
2001.092 1853.986
1966.468 1629.249
2075.297 1695.420
2121.507 1717.222
1929.364 1802.969
1978.035 1766.780
2082.297 1704.559
2120.298 1856.432
1930.340 1721.025
2152.977 1852.665
2087.003 1763.307
2071.401 1647.469
1995.188 1818.753
2094.803 1783.531
2046.295 1815.622
2017.708 1642.810
2118.553 1852.017
2150.706 1729.261
1933.476 1677.478
2104.329 1804.495
2128.722 1722.020
2077.121 1614.326
2050.620 1849.878
2144.317 1629.901
2031.560 1631.396
2051.292 1822.404
2080.533 1720.984
2067.889 1707.962
2142.442 1680.374
2133.802 1803.086
2011.133 1814.169
2103.161 1717.665
2103.129 1728.057
2009.763 1792.282
1984.845 1723.928
1939.547 1743.790
2109.256 1801.980
2137.257 1749.458
2103.921 1627.537
2073.833 1741.818
2006.184 1718.387
2046.058 1816.279
2020.744 1642.882
2064.688 1734.064
2028.444 1741.051
2050.031 1745.162
2150.542 1666.751
1936.008 1693.099
2152.709 1711.054
2102.348 1700.262
2054.327 1714.758
2036.805 1841.935
2067.040 1826.761
2041.658 1714.871
1964.577 1651.767
2021.332 1718.790
2043.016 1736.232
1953.906 1659.923
1996.548 1833.556
1969.820 1682.374
2003.980 1652.556
1952.099 1810.417
2129.071 1827.250
2048.651 1682.577
1945.557 1635.811
2073.851 1846.943
1936.553 1675.106
2059.706 1648.130
2097.741 1654.622
2036.384 1826.826
2107.477 1797.952
2064.852 1821.171
1991.172 1644.712
2006.251 1838.765
2114.825 1632.115
2061.899 1654.260
2071.913 1820.114
1972.271 1694.206
2098.546 1643.739
1954.143 1823.712
2017.509 1768.656
1924.107 1769.341
2123.644 1842.955
1924.533 1804.863
1951.788 1753.408
2044.576 1629.964
2014.313 1661.854
2110.853 1695.651
1937.210 1743.631
1999.936 1839.881
2009.046 1803.954
2108.497 1654.465
1957.572 1690.004
1962.948 1824.339
2011.836 1793.439
2109.586 1809.277
2020.617 1790.460
2076.322 1825.771
2155.956 1790.749
2147.998 1728.388
2042.520 1727.940
1941.134 1845.920
1984.570 1821.225
1935.927 1724.035
1996.836 1617.788
1934.675 1853.182
1954.963 1746.918
2003.856 1675.389
2092.894 1796.727
1955.207 1738.112
1966.172 1796.080
2139.587 1832.294
1914.490 1795.739
1938.789 1846.232
1947.586 1756.945
2076.480 1687.880
1941.877 1721.054
1961.637 1772.676
2147.533 1766.035
2014.698 1837.148
1994.851 1684.555
1937.001 1638.601
2109.747 1717.992
2086.084 1670.680
1915.839 1830.201
1989.931 1804.241
2033.538 1752.801
1994.429 1620.340
2046.850 1852.031
1994.328 1629.131
1936.944 1695.735
1953.478 1661.281
1971.290 1823.687
1939.598 1784.357
1982.298 1834.753
1202.389 1318.452
1213.814 1307.569
1174.521 1252.062
1188.311 1127.561
1300.816 1164.277
1216.293 1096.930
1112.693 1167.441
1276.074 1319.360
1232.836 1253.892
1304.768 1223.156
1178.645 1119.120
1200.030 1198.041
1224.710 1155.054
1121.320 1306.056
1179.789 1229.720
1098.093 1125.320
1203.012 1295.230
1323.241 1261.826
1182.048 1170.433
1150.329 1111.748
1104.002 1267.017
1096.094 1123.297
1329.482 1241.747
1183.723 1104.788
1299.745 1131.248
1285.505 1285.055
1231.912 1122.437
1228.067 1265.694
1095.531 1233.636
1213.515 1113.340
1114.861 1210.271
1101.044 1146.850
1169.241 1160.692
1084.255 1314.221
1106.512 1190.521
1123.797 1104.112
1112.459 1300.351
1100.082 1294.038
1146.185 1298.643
1320.996 1099.053
1162.723 1287.031
1265.330 1170.010
1212.036 1263.600
1242.613 1174.966
1307.470 1186.112
1216.105 1294.909
1324.477 1323.128
1300.328 1318.612
1207.858 1220.066
1114.373 1100.566
1328.760 1246.708
1262.308 1219.262
1130.947 1275.493
1086.336 1234.361
1272.023 1104.820
1174.239 1241.830
1257.888 1329.983
1316.786 1178.845
1309.438 1195.705
1262.480 1092.261
1199.799 1308.228
1176.438 1165.266
1138.246 1134.042
1135.289 1207.824
1085.057 1302.520
1161.813 1193.089
1260.786 1180.704
1108.462 1194.643
1088.762 1153.739
1320.173 1167.250
1240.844 1221.410
1251.603 1183.187
1212.715 1237.625
1305.980 1117.685
1165.171 1248.795
1090.676 1137.808
1113.890 1111.355
1091.130 1268.765
1163.475 1223.102
1259.814 1172.195
1277.801 1102.785
1169.303 1170.209
1222.157 1302.325
1113.420 1311.996
1128.635 1150.430
1096.641 1274.079
1271.222 1152.923
1236.539 1282.736
1163.652 1272.377
1251.811 1154.169
1275.999 1254.753
1193.088 1223.544
1166.744 1306.301
1228.847 1231.989
1284.921 1316.031
1233.469 1273.143
1292.739 1282.160
1272.111 1210.298
1105.442 1305.399
1244.176 1098.345
1158.452 1300.036
1303.220 1159.677
1122.933 1112.862
1240.000 1173.149
1107.869 1309.346
1319.289 1295.753
1102.436 1220.852
1084.270 1095.803
1288.918 1310.469
1146.677 1102.629
1271.388 1119.953
1215.997 1198.320
1090.122 1206.022
1155.426 1186.488
1167.441 1149.579
1274.255 1240.207
1309.147 1222.877
1104.082 1314.179
1169.273 1201.690
1264.734 1095.849
1186.381 1280.713
1232.188 1287.308
1205.095 1229.447
1161.334 1196.289
1122.709 1168.006
1225.107 1147.258
1134.841 1100.962
1281.604 1315.967
1281.840 1324.406
1097.018 1272.860
1120.491 1194.479
1196.134 1291.897
1156.379 1199.845
1099.852 1233.948
1103.640 1097.852
1232.688 1257.838
1202.988 1121.602
1229.093 1199.829
1292.686 1325.079
1228.692 1325.131
1315.123 1157.742
1098.037 1219.702
1327.817 1245.681
1305.561 1199.200
1171.210 1100.519
1198.703 1224.715
1310.267 1295.876
1221.718 1209.559
1222.649 1260.992
1164.517 1190.564
1305.685 1307.711
1291.566 1253.482
1238.245 1309.621
1240.038 1304.729
1168.014 1102.369
1182.294 1246.904
1099.605 1298.287
1204.001 1232.476
1266.710 1276.727
1311.963 1095.619
1294.465 1182.241
1157.049 1122.942
1189.111 1152.928
1284.271 1261.826
1228.133 1322.252
1305.128 1149.657
1136.297 1216.873
1191.519 1213.613
1290.887 1214.339
1173.504 1234.132
1148.660 1089.022
1146.050 1184.038
1112.985 1227.848
1095.619 1269.425
1198.818 1187.759
1328.069 1216.919
1300.179 1291.038
1161.476 1096.125
1242.375 1264.060
1265.072 1143.409
1272.815 1143.062
1131.989 1117.688
1202.380 1112.291
1165.017 1249.954
1232.419 1273.707
1224.985 1240.226
1208.834 1086.869
1256.000 1225.035
1265.299 1185.985
1208.343 1135.726
1207.481 1313.065
1189.134 1235.934
1279.729 1281.287
1232.012 1085.814
1323.022 1094.426
1165.907 1149.123
1174.969 1084.440
1278.955 1167.288
1241.864 1265.518
1289.490 1214.287
1259.391 1216.376
1206.222 1199.818
1084.069 1210.948
1233.729 1278.022
1249.863 1168.459
1325.519 1218.140
1303.442 1213.069
1303.049 1247.757
1198.513 1236.294
1254.455 1197.995
1111.796 1298.763
1129.039 1137.670
1139.026 1129.409
1267.473 1245.329
1305.173 1245.434
1231.400 1125.347
1253.670 1322.089
1326.523 1123.243
1244.675 1253.304
1300.747 1154.933
1132.038 1120.095
1087.532 1199.429
1164.589 1181.922
1136.988 1117.470
1324.325 1211.750
1082.787 1257.356
1110.318 1276.951
1300.134 1305.389
1102.895 1127.681
1171.084 1265.054
1293.559 1228.574
1274.826 1253.281
1253.852 1089.343
1283.411 1192.894
1090.856 1097.001
1208.568 1105.162
1274.704 1238.632
1145.239 1236.613
1164.165 1231.244
1272.832 1094.697
1107.914 1278.799
1317.059 1141.478
1251.055 1291.510
1259.028 1127.159
1257.906 1122.678
1164.652 1178.680
1165.702 1096.285
1097.847 1199.037
1087.256 1328.113
1192.292 1238.842
1149.920 1284.506
1303.072 1317.516
1245.977 1176.420
1266.680 1095.066
1199.120 1186.113
1112.824 1088.888
1196.285 1319.719
1167.014 1218.817
1236.892 1171.205
1181.258 1104.833
1091.581 1157.398
1238.263 1133.448
1282.306 1171.401
1247.048 1120.586
1181.552 1320.603
1203.725 1328.718
1193.689 1119.174
1299.637 1223.471
1195.812 1256.419
1089.175 1174.519
1140.389 1132.852
1269.591 1097.679
1226.499 1089.487
1149.893 1115.411
1259.144 1284.554
1309.731 1281.993
1237.417 1107.597
1099.060 1163.352
1182.019 1184.671
1327.418 1187.581
1312.223 1194.167
1237.657 1191.045
1166.451 1155.989
1165.838 1153.735
1282.055 1113.847
1146.258 1124.482
1153.366 1258.972
1119.436 1281.923
1100.644 1209.362
1187.771 1294.282
1253.411 1083.862
1204.781 1273.655
1209.824 1314.215
1119.782 1298.784
1172.390 1222.680
1144.389 1095.020
1286.001 1149.427
1238.653 1135.902
1305.233 1287.202
1326.917 1257.654
1176.223 1259.307
1140.464 1199.857
1147.607 1185.299
1155.419 1171.905
1141.447 1130.352
1220.240 1170.869
1093.417 1284.245
1106.361 1181.301
1164.469 1314.717
1166.216 1104.073
1154.988 1148.587
1087.929 1289.395
1302.462 1193.523
1310.949 1090.595
1319.613 1098.403
1090.800 1148.774
1270.377 1154.045
1084.634 1240.779
1308.092 1151.599
1192.451 1253.920
1329.552 1251.815
1293.709 1196.444
1308.356 1328.910
1166.761 1175.117
1200.960 1097.778
1182.426 1180.218
1220.448 1183.697
1259.928 1132.310
1206.340 1172.921
1292.737 1141.701
1236.546 1325.374
1330.565 1171.430
1209.491 1102.766
1259.298 1215.478
1081.690 1316.108
1148.768 1171.846
1319.425 1124.620
1234.454 1141.402
1156.725 1163.865
1237.149 1208.619
1177.870 1127.674
1152.062 1196.053
1277.197 1104.129
1127.238 1120.884
1249.138 1096.017
1126.698 1131.061
1300.888 1158.233
1299.948 1294.034
1150.372 1291.688
1282.515 1163.812
1311.535 1304.256
1091.212 1312.306
1162.715 1199.417
1237.112 1127.262
1107.111 1316.426
1179.727 1281.596
1277.201 1138.957
1267.436 1169.621
1209.225 1279.744
1314.786 1278.393
1083.873 1321.941
1239.946 1118.501
1294.654 1209.307
1138.609 1190.956
1317.913 1276.934
1243.518 1232.040
1269.462 1181.582
1205.693 1130.897
1172.026 1313.834
1265.731 1289.861
1205.817 1141.554
1177.344 1171.294
1097.621 1103.564
1180.190 1299.695
1196.862 1227.055
1219.184 1271.994
1136.177 1302.885
1253.823 1148.131
1208.081 1220.711
1239.229 1266.928
1164.578 1229.525
1243.084 1330.151
1123.260 1250.721
1127.942 1276.768
1196.209 1141.195
1147.497 1283.767
1183.692 1197.793
1179.014 1312.074
1147.200 1265.923
1284.703 1131.840
1327.936 1250.764
1270.126 1130.856
1183.177 1185.587
1292.592 1203.526
1241.253 1246.800
1154.106 1095.999
1145.801 1267.220
1285.834 1133.530
1286.432 1127.658
1219.595 1260.206
1191.463 1225.455
1215.299 1245.792
1214.203 1159.738
1170.473 1145.283
1125.753 1116.210
1121.909 1281.856
1202.602 1089.965
1138.960 1127.560
1106.740 1186.229
1120.856 1323.097
1323.599 1177.930
1180.947 1189.106
1229.948 1263.348
1307.363 1093.828
1284.546 1149.068
1155.395 1279.402
1095.173 1245.919
1219.682 1293.261
1287.587 1263.124
1160.157 1169.547
1282.220 1300.625
1168.980 1202.411
1234.053 1154.216
1136.155 1201.806
1284.672 1253.224
1105.738 1310.751
1226.226 1231.665
1283.033 1235.706
1252.944 1289.128
1149.988 1143.566
1306.599 1172.505
1244.192 1088.413
1278.945 1287.179
1245.068 1313.610
1284.639 1236.710
1087.245 1112.130
1143.400 1210.322
1194.321 1159.759
1280.915 1199.648
1325.744 1286.895
1296.080 1102.724
1233.999 1281.328
1145.108 1193.887
1243.913 1269.918
1326.999 1253.414
1329.562 1199.620
1164.021 1178.089
1109.629 1274.527
1169.677 1222.312
1141.875 1134.064
1117.723 1197.179
1081.848 1143.141
1256.589 1153.156
1123.799 1275.818
1245.342 1121.666
1124.690 1127.815
1220.376 1246.313
1117.916 1116.448
1234.254 1083.573
1312.740 1171.934
1202.223 1248.700
1252.272 1269.712
1307.739 1241.179
1259.626 1147.461
1138.470 1257.173
1324.981 1174.784
1232.400 1229.527
1273.729 1295.413
1163.739 1220.085
1159.039 1239.495
1124.949 1323.755
1210.835 1151.208
1245.191 1085.025
1159.530 1180.584
1246.583 1094.636
1084.241 1243.417
1172.089 1203.652
1239.339 1174.692
1144.853 1279.925
1317.858 1176.959
1323.533 1283.457
1295.327 1254.763
1303.821 1330.455
1166.340 1146.491
1322.792 1246.697
1098.100 1259.142
1175.951 1143.305
1115.699 1197.273
1317.031 1319.902
1170.616 1228.146
1145.576 1222.846
1273.042 1319.931
1209.658 1235.374
1140.062 1140.708
1232.207 1236.287
1322.813 1117.229
1269.611 1147.062
1226.026 1235.864
1233.036 1324.651
1218.325 1122.869
1130.705 1159.086
1307.999 1185.186
1330.443 1185.240
1227.394 1311.309
1114.367 1227.887
1233.992 1148.186
1136.113 1275.642
1246.935 1149.126
1304.695 1180.308
1157.706 1286.242
1270.253 1130.221
1113.140 1279.224
1117.264 1265.871
1291.010 1313.934
1232.860 1236.033
1265.853 1313.128
1316.405 1184.585
1158.009 1329.644
1197.790 1216.026
1311.306 1176.152
1096.975 1189.175
1206.688 1143.611
1120.258 1332.016
1278.647 1278.018
1276.578 1304.632
1236.551 1141.205
1166.998 1237.319
1083.696 1161.321
1190.134 1242.473
1144.893 1268.944
1223.032 1317.175
1129.075 1272.622
1196.867 1260.261
1153.908 1322.646
1088.100 1328.347
1291.699 1270.678
1120.301 1084.935
1160.676 1324.412
1260.371 1265.051
1100.440 1143.253
1299.266 1328.352
1117.781 1281.405
1190.079 1107.841
1234.832 1245.716
1088.777 1138.345
1185.669 1190.525
1117.680 1148.569
1128.801 1273.274
1169.263 1195.490
1220.533 1327.747
1328.005 1259.569
1305.476 1184.938
1189.796 1196.238
1150.158 1085.557
1133.750 1110.133
1163.175 1194.208
1280.118 1321.666
1131.437 1221.507
1178.838 1190.816
1164.355 1129.269
1270.540 1313.457
1319.276 1284.927
1311.655 1113.500
1253.026 1312.103
1108.829 1118.640
1101.238 1153.349
1279.633 1218.104
1304.089 1167.406
1178.375 1273.380
1312.922 1149.030
1134.259 1324.044
1247.567 1168.516
1152.476 1317.502
1168.559 1150.402
1113.956 1220.621
1327.188 1168.012
1319.681 1145.015
1239.919 1146.648
1084.294 1304.767
1109.324 1205.461
1247.761 1112.296
1156.226 1176.473
1145.193 1295.277
1149.847 1314.968
1129.001 1195.652
1118.784 1233.742
1088.227 1318.315
1128.672 1121.060
1283.312 1127.887
1182.073 1306.270
1280.304 1315.677
1284.634 1289.151
1279.948 1331.926
1292.627 1250.861
1208.039 1332.332
1157.850 1194.725
1191.440 1156.180
1326.220 1305.232
1139.711 1176.516
1264.051 1290.396
1330.504 1109.610
1099.525 1243.273
1127.664 1289.653
1199.082 1326.220
1277.113 1236.297
1205.409 1113.947
1175.521 1263.409
1151.252 1191.086
1263.976 1198.033
1187.272 1132.942
1221.950 1162.244
1150.837 1182.895
1119.098 1256.540
1172.299 1220.220
1315.327 1251.508
1330.580 1220.139
1083.024 1302.518
1226.320 1102.094
1320.779 1088.050
1304.476 1096.095
1226.901 1168.048
1088.505 1182.815
1135.444 1159.480
1288.597 1166.992
1297.579 1283.371
1117.520 1212.329
1271.719 1106.541
1091.578 1188.825
1326.677 1262.515
1220.643 1089.049
1216.829 1176.607
1170.787 1284.358
1181.361 1320.637
1241.240 1310.336
1241.143 1184.277
1221.693 1087.810
1311.855 1109.455
1188.423 1261.885
1330.997 1278.793
1147.873 1116.699
1259.495 1252.835
1129.352 1321.745
1275.805 1118.355
1106.354 1287.845
1099.985 1207.779
1108.993 1162.105
1287.211 1276.327
1103.948 1103.863
1090.984 1253.834
1313.691 1105.138
1169.886 1275.025
1182.920 1090.348
1199.334 1212.235
1209.610 1227.713
1168.781 1116.571
1224.328 1109.293
1114.682 1125.396
1257.976 1107.853
1225.568 1198.074
1268.267 1128.610
1090.120 1181.311
1308.976 1184.875
1203.466 1291.519
1271.244 1123.743
1226.087 1233.814
1317.018 1126.188
1154.727 1087.127
1210.494 1221.359
1122.529 1228.394
1200.927 1229.857
1181.545 1172.397
1170.869 1238.223
1211.903 1321.195
1300.493 1277.616
1303.784 1164.053
1276.628 1145.399
1099.565 1144.574
1165.912 1148.149
1124.948 1216.458
1132.814 1121.070
1156.487 1229.109
1314.108 1321.346
1254.042 1155.581
1326.730 1147.907
1101.628 1192.271
1209.476 1285.146
1146.144 1242.350
1191.372 1142.680
1098.477 1119.911
1140.362 1287.763
1162.502 1131.695
1278.007 1123.433
1118.191 1167.529
1265.600 1174.337
1296.957 1301.554
1282.327 1236.146
1300.284 1182.552
1310.309 1304.760
1093.945 1281.198
1186.393 1229.318
1241.619 1323.195
1224.231 1236.517
1094.235 1214.187
1116.178 1263.679
1121.217 1126.923
1177.496 1119.575
1119.045 1184.670
1146.673 1230.040
1140.158 1254.888
1107.781 1123.262
1142.696 1329.549
1276.252 1178.790
1184.384 1209.686
1178.345 1085.999
1115.866 1124.881
1163.860 1135.654
1180.879 1265.377
1142.746 1240.848
1113.383 1247.217
1307.203 1193.597
1095.777 1316.417
1124.936 1330.284
1109.374 1181.056
1246.179 1174.360
1170.235 1216.943
1098.394 1286.070
1245.129 1189.344
1295.181 1133.990
1329.372 1312.072
1317.731 1287.348
1134.710 1227.812
1102.669 1324.572
1296.507 1167.921
1135.527 1156.926
1225.596 1274.179
1187.952 1324.364
1122.200 1285.689
1118.495 1249.185
1213.774 1229.421
1222.141 1251.454
1307.719 1301.162
1300.968 1267.924
1193.305 1274.621
1266.077 1221.979
1315.841 1280.706
1256.300 1235.253
1150.006 1185.996
1326.195 1169.748
1183.124 1315.090
1278.548 1140.552
1209.236 1095.043
1226.106 1243.300
1248.538 1330.424
1148.895 1155.751
1317.477 1200.770
1253.945 1291.818
1220.859 1226.202
1141.210 1128.045
1254.589 1260.544
1299.013 1113.808
1117.845 1241.270
1171.846 1161.374
1091.913 1132.069
1227.223 1266.550
1255.998 1189.656
1330.085 1223.375
1224.609 1266.855
1259.307 1272.094
1139.907 1158.932
1161.106 1280.580
1319.306 1263.359
1209.038 1316.602
1317.425 1112.681
1219.046 1172.681
1088.152 1279.787
1206.397 1107.090
1150.368 1115.222
1200.345 1125.219
1128.178 1262.308
1121.069 1266.578
1301.756 1233.782
1164.912 1152.236
1261.253 1298.195
1103.693 1095.149
1190.426 1175.429
1097.117 1131.542
1103.541 1291.879
1254.727 1272.850
1241.171 1330.512
1175.269 1257.552
1176.055 1297.787
1311.285 1111.035
1262.194 1221.039
1275.019 1222.680
1214.110 1209.410
1098.055 1254.825
1150.822 1153.090
1168.047 1240.499
1209.947 1249.602
1295.736 1155.381
1134.474 1233.565
1235.871 1265.074
1280.914 1266.554
1091.224 1289.304
1145.764 1300.039
1271.391 1083.506
1173.503 1138.445
1103.444 1270.796
1308.918 1226.714
1317.528 1111.552
1124.472 1270.004
1238.025 1310.905
1260.917 1174.852
1325.281 1105.526
1180.766 1167.788
1311.205 1185.181
1265.053 1083.381
1267.438 1139.841
1229.773 1313.065
1257.509 1288.874
1241.660 1233.897
1200.414 1148.422
1137.822 1223.816
1120.663 1200.501
1151.664 1233.679
1093.787 1111.414
1135.544 1316.286
1118.085 1086.695
1166.481 1318.086
1081.778 1323.647
1260.398 1127.960
1189.410 1232.144
1291.921 1287.398
1208.867 1239.117
1209.427 1157.348
1174.661 1227.056
1082.366 1160.824
1081.574 1326.690
1318.231 1193.166
1221.257 1174.863
1133.748 1127.413
1186.275 1209.750
1252.027 1150.337
1118.730 1238.924
1208.113 1211.883
1153.470 1323.608
1256.694 1101.786
1246.398 1291.312
1316.154 1292.028
1247.802 1142.074
1081.604 1177.713
1267.808 1082.916
1280.723 1270.132
1232.481 1313.192
1264.434 1090.133
1264.723 1262.996
1262.605 1187.569
1112.231 1211.113
1293.713 1146.902
1284.460 1237.795
1219.753 1206.166
1163.768 1088.763
1104.457 1258.800
1270.798 1292.828
1142.481 1281.579
1085.583 1128.114
1163.882 1290.129
1135.058 1178.341
1245.561 1211.977
1242.248 1246.479
1100.252 1212.724
1254.986 1219.087
1134.997 1180.021
1093.305 1220.019
1127.951 1099.456
1232.724 1128.115
1209.348 1274.258
1122.566 1105.832
1198.694 1162.102
1090.410 1097.176
1296.237 1246.408
1237.109 1151.715
1101.799 1262.814
1218.636 1224.523
1307.201 1279.126
1217.787 1284.055
1123.322 1267.897
1179.243 1275.492
1284.561 1211.378
1230.498 1221.523
1255.648 1256.001
1119.217 1215.753
1143.362 1272.382
1244.528 1259.668
1140.798 1183.462
1132.819 1128.974
1179.752 1195.087
1171.655 1179.316
1297.367 1239.063
1180.192 1193.111
1148.334 1123.282
1193.435 1138.886
1189.948 1276.091
1282.966 1089.118
1329.981 1191.556
1321.507 1271.762
1187.406 1324.986
1094.884 1284.669
1229.961 1202.478
1260.928 1212.286
1201.072 1222.933
1094.920 1235.649
1116.953 1325.791
1269.509 1323.869
1223.797 1235.784
1194.627 1269.228
1097.647 1164.490
1245.193 1219.224
1172.674 1297.343
1268.330 1283.666
1256.200 1207.424
1220.909 1171.287
1274.056 1316.646
1088.857 1252.730
1261.476 1184.758
1269.038 1112.366
1131.952 1086.869
1229.697 1252.527
1284.188 1158.169
1314.327 1120.327
1115.544 1326.030
1324.229 1170.878
1321.144 1201.329
1192.904 1115.607
1241.894 1188.723
1090.692 1095.712
1170.311 1308.135
1182.522 1179.988
1140.148 1216.104
1270.810 1202.143
1325.132 1101.305
1110.254 1267.405
1087.877 1320.854
1093.574 1275.064
1103.784 1171.795
1101.537 1245.534
1188.755 1185.281
1292.441 1237.597
1092.097 1160.650
1088.795 1200.376
1281.297 1229.060
1125.270 1178.388
1192.033 1327.965
1260.695 1264.691
1152.921 1253.773
1267.150 1226.363
1118.586 1203.385
1115.280 1331.594
1166.096 1252.621
1090.214 1294.919
1301.914 1218.414
1180.261 1304.249
1091.138 1291.355
1216.877 1234.633
1286.792 1265.448
1137.747 1129.133
1322.801 1309.576
