100 2
25.000 25.000
45.988 17.483
42.504 27.588
48.482 27.790
44.709 20.370
43.716 24.730
48.253 17.707
46.515 19.910
40.010 16.733
41.303 16.942
45.585 25.298
48.384 27.693
50.000 17.237
48.257 21.891
49.073 27.577
41.957 26.392
49.588 26.043
42.170 17.006
42.055 19.230
49.054 23.449
48.139 25.992
42.959 22.402
42.042 17.712
47.698 21.436
50.000 26.197
46.634 23.720
44.128 18.212
41.366 17.706
48.143 25.216
39.904 24.292
47.560 19.982
42.037 19.174
39.855 16.055
40.919 18.304
43.252 19.592
39.032 17.601
47.323 25.998
9.764 42.902
17.014 39.104
11.852 41.120
11.786 36.943
15.143 34.522
12.028 39.811
7.965 38.235
14.698 38.792
16.508 39.606
5.505 42.429
14.937 40.096
14.316 37.011
12.549 33.950
16.212 42.751
7.755 43.931
16.820 36.949
8.607 36.847
10.140 42.850
16.107 35.478
13.320 43.121
8.505 35.213
7.324 37.840
11.589 38.894
8.055 45.179
14.464 34.514
9.751 39.648
7.302 41.269
16.724 36.953
9.598 38.285
10.156 45.645
7.618 36.268
13.019 43.342
12.120 43.292
7.442 40.592
6.415 37.992
7.904 34.923
10.497 37.491
17.334 1.998
14.066 4.381
20.594 1.554
17.843 9.052
18.203 3.764
16.321 4.336
19.970 9.538
12.726 2.432
11.810 6.642
19.421 2.934
21.155 1.035
20.581 3.256
21.280 2.220
18.785 12.281
21.799 1.781
14.294 2.008
14.096 12.002
19.370 6.886
12.759 0.909
16.325 10.073
11.804 2.643
14.100 6.967
14.595 11.530
20.838 11.764
14.430 11.977
15.518 0.673
