50 2
12.500 12.500
21.276 5.157
21.903 6.313
19.359 3.071
19.789 5.358
25.000 7.611
20.423 7.987
22.934 13.355
20.024 11.546
25.000 5.595
25.000 8.988
25.000 7.930
8.893 24.332
9.788 25.000
19.263 25.000
9.726 21.412
14.030 25.000
15.910 25.000
10.496 23.857
17.938 21.803
16.620 25.000
17.992 25.000
9.010 25.000
10.702 25.000
10.051 25.000
17.282 25.000
0.000 14.325
0.039 8.092
0.000 11.523
1.723 16.092
0.346 10.243
0.000 9.654
4.613 12.313
0.000 14.683
4.416 16.636
5.828 15.467
1.587 10.596
9.604 2.968
4.778 3.599
13.247 4.286
15.517 0.000
8.323 0.000
15.651 2.122
13.979 3.066
4.956 1.977
9.102 0.000
5.507 0.000
8.473 3.569
12.851 1.879
5.024 0.545
