5000 5
1250.000 1250.000
1738.991 1346.408
1641.569 1188.079
1629.364 1159.869
1790.344 1150.093
1856.317 1393.140
1834.093 1272.112
1689.319 1249.723
1635.178 1292.233
1723.329 1281.094
1618.324 1335.280
1744.347 1365.403
1826.029 1305.452
1827.464 1405.573
1839.153 1332.576
1765.258 1376.373
1716.981 1218.247
1753.645 1417.514
1686.735 1357.900
1722.820 1260.728
1711.869 1181.665
1783.492 1344.057
1702.177 1329.084
1618.291 1309.955
1824.335 1348.813
1647.337 1196.275
1694.609 1312.067
1615.465 1408.188
1765.772 1311.633
1697.561 1305.197
1809.099 1419.872
1790.583 1370.412
1691.358 1147.908
1850.110 1219.287
1642.028 1378.096
1748.916 1171.315
1750.263 1298.448
1776.384 1377.106
1817.549 1175.686
1687.818 1398.714
1808.523 1152.687
1821.356 1312.246
1791.288 1318.156
1651.425 1281.474
1881.055 1183.102
1879.184 1372.358
1806.845 1409.723
1884.543 1169.791
1778.203 1415.305
1820.663 1286.353
1622.358 1297.649
1867.403 1279.614
1691.381 1210.610
1883.269 1160.817
1794.789 1213.429
1827.447 1304.652
1854.500 1357.142
1801.285 1335.854
1821.632 1148.103
1749.259 1177.700
1842.887 1306.286
1624.830 1279.986
1779.946 1207.628
1634.269 1247.853
1751.576 1353.822
1776.605 1386.906
1655.378 1291.033
1695.137 1288.156
1662.550 1247.024
1781.646 1331.235
1673.647 1370.388
1715.505 1158.640
1865.850 1370.449
1779.192 1400.751
1882.739 1188.579
1721.596 1418.813
1748.736 1304.975
1663.633 1377.357
1768.260 1239.782
1844.990 1226.246
1633.077 1276.710
1673.762 1391.968
1745.946 1177.504
1629.369 1257.250
1752.149 1264.856
1683.160 1196.002
1880.800 1295.302
1643.816 1284.129
1673.590 1300.042
1683.789 1237.228
1858.842 1202.842
1676.482 1152.274
1860.509 1366.351
1722.200 1193.626
1881.274 1150.819
1777.553 1365.150
1817.949 1348.577
1787.776 1369.213
1686.338 1397.674
1833.800 1320.956
1644.273 1298.449
1839.498 1288.043
1633.666 1337.204
1707.042 1212.642
1809.551 1309.054
1818.143 1415.053
1798.275 1275.872
1741.702 1175.937
1627.245 1411.470
1686.047 1265.348
1615.645 1285.512
1785.952 1345.917
1655.693 1249.489
1695.132 1252.222
1620.441 1179.839
1788.515 1269.229
1719.664 1373.177
1638.063 1157.435
1740.712 1240.490
1656.580 1203.951
1809.852 1242.652
1658.341 1250.447
1724.889 1389.770
1871.671 1341.424
1648.731 1229.169
1804.106 1322.609
1663.118 1208.222
1870.334 1311.693
1737.146 1198.598
1635.436 1155.536
1801.689 1411.139
1866.680 1410.298
1750.707 1231.146
1677.716 1293.356
1741.068 1152.033
1677.939 1218.809
1825.688 1406.822
1855.528 1209.205
1865.200 1197.071
1638.041 1371.260
1616.784 1225.359
1743.505 1356.833
1778.065 1305.478
1842.445 1377.014
1667.466 1236.689
1848.351 1304.973
1695.439 1176.782
1834.947 1373.658
1799.381 1235.981
1786.968 1418.265
1637.644 1235.471
1832.719 1211.885
1724.901 1281.118
1809.329 1367.748
1807.056 1260.832
1733.900 1267.538
1773.828 1299.022
1744.198 1201.603
1660.028 1261.487
1811.560 1251.528
1645.567 1370.051
1811.201 1213.423
1862.805 1267.418
1825.746 1406.681
1648.028 1279.876
1855.266 1214.966
1832.835 1353.708
1655.597 1221.956
1705.625 1185.793
1767.327 1187.243
1801.934 1307.448
1744.546 1253.779
1881.359 1361.495
1631.507 1350.032
1854.410 1258.567
1662.585 1408.056
1684.716 1342.438
1856.943 1296.312
1797.753 1179.439
1743.756 1381.869
1791.889 1370.049
1835.752 1157.938
1720.051 1381.885
1816.018 1293.420
1831.022 1421.302
1800.349 1290.126
1680.760 1170.052
1864.437 1359.650
1820.895 1191.214
1620.797 1309.461
1846.107 1191.243
1779.600 1251.124
1646.297 1309.780
1885.447 1292.692
1882.842 1402.948
1711.969 1392.637
1759.875 1152.248
1745.722 1339.950
1722.625 1187.977
1792.747 1217.946
1846.652 1318.994
1853.178 1336.885
1767.319 1375.994
1848.451 1383.840
1779.567 1364.733
1857.600 1263.104
1658.348 1347.300
1653.436 1357.508
1650.516 1395.200
1636.592 1387.898
1653.333 1152.520
1691.858 1264.720
1813.933 1228.064
1617.292 1293.012
1884.517 1265.920
1693.871 1340.224
1656.707 1359.486
1804.969 1214.012
1704.713 1385.872
1626.344 1410.960
1663.966 1236.216
1809.445 1287.532
1879.676 1216.447
1718.613 1296.713
1796.253 1376.253
1730.820 1409.127
1695.643 1158.914
1611.607 1148.688
1759.011 1299.811
1635.440 1368.011
1807.652 1227.495
1830.050 1318.559
1668.370 1198.583
1621.045 1297.981
1636.796 1246.689
1748.888 1350.277
1728.009 1343.786
1752.059 1382.830
1881.506 1388.757
1854.526 1155.677
1682.597 1405.100
1616.399 1240.833
1829.134 1180.797
1660.279 1385.767
1709.164 1188.115
1808.231 1198.045
1667.811 1265.359
1797.058 1285.347
1774.421 1189.516
1644.899 1282.565
1678.210 1205.639
1672.433 1175.539
1856.080 1346.179
1865.277 1366.620
1650.808 1179.045
1685.050 1230.994
1719.037 1365.214
1713.101 1395.841
1750.142 1324.880
1705.383 1197.118
1680.083 1310.370
1637.689 1324.880
1611.852 1203.291
1700.441 1349.317
1701.115 1388.676
1711.259 1266.378
1880.043 1261.147
1715.314 1255.662
1840.702 1310.353
1778.322 1201.688
1864.596 1252.064
1754.753 1283.599
1761.694 1249.246
1764.338 1258.129
1671.555 1399.968
1784.679 1160.117
1663.009 1210.683
1837.842 1246.929
1680.190 1266.680
1678.457 1262.826
1711.093 1333.377
1766.271 1178.011
1857.414 1322.754
1702.399 1408.610
1648.880 1264.855
1663.384 1175.285
1759.344 1182.862
1831.221 1288.873
1877.621 1146.157
1663.609 1224.221
1642.718 1280.483
1728.792 1402.046
1797.141 1274.117
1798.886 1202.856
1807.306 1284.251
1739.095 1390.620
1838.551 1255.351
1776.895 1243.063
1815.829 1283.742
1823.805 1350.756
1663.695 1242.370
1881.432 1262.612
1725.643 1224.667
1731.087 1353.587
1708.959 1420.566
1777.962 1326.922
1728.825 1388.739
1764.682 1290.436
1865.216 1282.217
1652.204 1409.701
1742.643 1335.096
1869.063 1205.380
1697.436 1145.448
1885.806 1221.729
1781.133 1144.769
1730.250 1385.438
1697.226 1376.625
1681.123 1308.815
1855.829 1380.723
1840.453 1228.971
1854.919 1368.752
1860.834 1380.423
1712.157 1308.722
1842.851 1202.701
1654.412 1233.025
1807.479 1265.845
1671.872 1405.265
1634.298 1148.525
1739.962 1272.448
1628.617 1236.188
1641.390 1371.741
1672.262 1192.448
1781.921 1391.489
1859.811 1228.832
1663.328 1150.944
1721.522 1225.623
1697.763 1344.906
1797.427 1194.611
1796.235 1419.475
1874.287 1151.459
1614.888 1342.601
1656.388 1245.040
1625.380 1347.032
1726.842 1213.074
1716.952 1168.697
1679.149 1214.023
1653.172 1178.713
1650.298 1144.134
1621.077 1321.582
1880.919 1315.412
1627.622 1146.116
1761.007 1271.513
1856.061 1151.980
1862.636 1152.718
1696.340 1322.946
1819.975 1269.696
1684.738 1173.578
1739.715 1296.074
1644.505 1291.408
1769.279 1263.998
1622.514 1150.013
1660.928 1225.010
1793.498 1384.232
1756.711 1379.795
1683.844 1402.759
1692.831 1256.911
1876.524 1379.569
1821.960 1284.842
1724.092 1233.733
1791.001 1166.258
1629.430 1172.045
1623.085 1317.347
1874.558 1236.738
1744.327 1301.694
1622.007 1343.069
1761.202 1347.013
1638.127 1386.907
1620.056 1298.830
1618.958 1316.406
1697.333 1360.335
1844.132 1416.248
1667.200 1388.560
1631.182 1148.238
1657.074 1414.317
1688.496 1212.986
1702.317 1210.496
1656.965 1319.288
1881.008 1181.984
1815.596 1372.008
1772.338 1277.366
1632.237 1168.667
1851.890 1380.946
1851.115 1386.215
1665.552 1349.197
1655.589 1405.016
1679.326 1237.057
1687.512 1228.584
1668.345 1357.267
1808.106 1226.185
1731.955 1172.781
1858.309 1283.872
1815.733 1339.527
1798.011 1147.397
1744.926 1144.804
1727.598 1223.056
1702.394 1358.332
1771.048 1172.773
1851.583 1259.870
1683.445 1323.435
1838.850 1183.492
1769.038 1272.364
1759.137 1286.425
1675.072 1194.154
1717.158 1287.223
1861.964 1249.569
1639.847 1411.779
1625.669 1416.028
1842.614 1347.850
1857.862 1244.348
1745.723 1155.082
1622.535 1403.591
1702.775 1274.138
1851.541 1351.874
1725.367 1395.277
1621.568 1179.187
1695.743 1311.372
1661.239 1308.521
1867.000 1223.492
1646.011 1285.328
1634.091 1239.802
1839.100 1198.495
1777.850 1283.108
1659.110 1295.154
1619.804 1230.845
1831.986 1258.892
1665.693 1262.994
1767.263 1241.834
1854.725 1351.259
1623.518 1281.864
1750.857 1194.430
1834.032 1197.231
1853.635 1163.349
1774.358 1280.306
1618.959 1343.526
1748.026 1316.175
1823.649 1382.671
1637.014 1197.121
1640.329 1406.247
1875.022 1378.112
1821.716 1330.284
1807.888 1247.062
1692.464 1417.330
1661.459 1357.759
1795.615 1383.941
1814.488 1186.607
1761.407 1148.604
1700.479 1315.835
1858.762 1366.590
1805.031 1379.054
1808.138 1374.193
1759.995 1399.281
1730.922 1405.036
1858.336 1238.876
1851.999 1148.820
1808.178 1370.627
1623.722 1156.101
1630.993 1383.065
1699.537 1359.455
1705.726 1302.951
1655.826 1415.687
1882.535 1145.754
1701.898 1224.105
1642.529 1356.389
1852.563 1206.774
1806.641 1250.881
1843.111 1301.971
1754.675 1398.694
1809.671 1315.811
1786.055 1370.774
1659.367 1375.952
1610.511 1302.295
1879.373 1212.297
1794.350 1309.329
1700.416 1161.433
1666.292 1184.434
1686.675 1163.484
1649.350 1357.102
1718.121 1204.816
1851.659 1163.464
1625.170 1410.696
1682.865 1193.064
1648.168 1373.418
1667.535 1174.802
1875.530 1232.183
1614.499 1419.897
1658.858 1260.913
1717.235 1282.129
1808.852 1335.274
1881.274 1385.735
1844.615 1317.386
1730.913 1311.558
1683.536 1335.582
1749.660 1219.019
1773.512 1378.852
1883.956 1403.942
1704.299 1326.357
1807.871 1247.461
1851.506 1271.980
1624.875 1341.789
1679.426 1330.910
1886.113 1189.474
1673.615 1359.543
1835.461 1398.726
1768.903 1149.476
1683.790 1306.367
1700.409 1229.827
1788.095 1299.711
1723.327 1184.677
1880.080 1215.971
1780.638 1254.844
1743.878 1347.151
1777.594 1185.217
1860.849 1169.361
1627.404 1251.495
1779.664 1371.749
1693.155 1366.407
1670.757 1353.551
1845.981 1340.722
1667.188 1197.994
1652.857 1263.789
1836.458 1275.113
1683.476 1232.233
1821.017 1289.421
1809.239 1327.642
1777.376 1240.046
1638.420 1172.470
1808.144 1327.228
1691.144 1242.989
1732.891 1296.998
1752.664 1286.255
1861.462 1175.502
1742.026 1267.097
1672.905 1187.419
1661.176 1312.224
1647.503 1306.293
1789.842 1306.998
1682.357 1342.722
1611.092 1181.610
1613.112 1406.317
1696.806 1212.551
1792.083 1318.651
1634.079 1148.477
1630.049 1298.962
1754.897 1404.866
1634.036 1184.198
1852.146 1365.661
1802.424 1256.786
1868.163 1169.885
1863.549 1171.313
1612.947 1222.894
1861.315 1228.709
1828.947 1168.412
1870.050 1222.771
1835.034 1338.846
1809.675 1344.413
1858.139 1330.725
1755.326 1172.055
1739.786 1226.098
1634.092 1175.621
1734.375 1257.040
1840.706 1257.489
1853.578 1153.683
1851.478 1195.708
1848.978 1237.637
1738.449 1287.876
1733.106 1182.105
1723.940 1332.069
1820.165 1201.025
1617.083 1279.975
1691.483 1262.521
1735.025 1282.137
1642.013 1351.281
1715.743 1152.399
1841.674 1223.255
1617.240 1162.513
1846.199 1279.742
1839.844 1216.022
1710.066 1149.966
1672.909 1242.671
1784.769 1245.941
1706.135 1149.208
1657.299 1401.103
1759.642 1323.329
1797.709 1207.662
1760.328 1287.664
1860.950 1327.442
1734.790 1412.993
1653.297 1400.834
1842.402 1370.238
1661.536 1296.049
1808.192 1245.309
1731.160 1347.465
1740.623 1212.446
1690.938 1421.392
1861.513 1352.138
1683.653 1282.546
1679.524 1279.702
1882.722 1226.343
1870.163 1259.608
1622.456 1213.346
1756.490 1223.304
1831.605 1307.476
1737.419 1303.624
1743.840 1364.705
1729.698 1156.937
1722.464 1327.469
1848.050 1187.036
1824.925 1372.653
1835.051 1382.210
1827.144 1411.180
1862.687 1281.493
1867.972 1337.733
1718.192 1280.492
1696.400 1219.138
1673.782 1199.321
1710.266 1260.096
1787.575 1278.144
1636.782 1389.640
1849.935 1415.142
1716.638 1290.224
1808.897 1351.849
1822.260 1297.517
1873.903 1364.561
1759.630 1232.497
1797.429 1152.298
1706.448 1399.505
1783.126 1149.878
1657.871 1388.529
1662.058 1314.604
1884.368 1299.450
1657.049 1345.664
1675.122 1406.362
1860.052 1243.251
1860.422 1210.372
1616.382 1163.003
1783.260 1264.734
1834.411 1342.029
1668.151 1169.440
1801.654 1277.025
1745.765 1350.152
1724.254 1223.023
1807.049 1375.019
1797.727 1333.912
1817.884 1189.663
1780.944 1314.820
1840.609 1268.486
1817.625 1247.159
1842.660 1420.837
1773.006 1358.400
1747.665 1215.202
1759.027 1352.836
1689.660 1242.456
1746.780 1222.784
1612.971 1228.767
1728.742 1161.388
1617.151 1293.755
1698.465 1272.614
1738.519 1306.975
1637.291 1393.144
1639.695 1373.955
1630.317 1276.349
1839.117 1297.613
1824.624 1372.138
1653.456 1166.606
1738.535 1223.661
1614.616 1369.565
1655.550 1179.779
1702.468 1259.560
1734.460 1150.517
1673.758 1219.732
1617.945 1153.613
1774.536 1257.444
1768.668 1307.581
1790.687 1374.912
1724.212 1279.470
1763.952 1232.160
1652.029 1256.848
1644.736 1379.359
1816.278 1195.524
1756.882 1412.812
1807.053 1223.670
1678.307 1410.343
1820.532 1246.741
1726.840 1378.674
1667.950 1191.429
1690.771 1222.079
1828.261 1291.956
1852.235 1362.452
1631.714 1328.880
1659.400 1231.565
1643.463 1394.295
1668.790 1199.024
1684.346 1307.400
1846.790 1344.419
1834.015 1166.332
1785.907 1218.504
1742.432 1233.843
1778.579 1224.998
1617.448 1244.861
1659.600 1221.247
1710.884 1252.876
1717.504 1363.276
1771.905 1180.087
1739.704 1261.155
1649.868 1411.381
1751.933 1378.432
1844.789 1345.454
1844.357 1357.036
1659.142 1291.824
1816.065 1235.133
1849.330 1390.945
1641.425 1254.268
1635.396 1301.625
1649.056 1344.621
1754.705 1216.119
1715.438 1370.491
1726.579 1206.361
1740.979 1337.613
1688.107 1236.250
1808.447 1162.638
1682.576 1383.093
1838.333 1235.555
1798.111 1159.391
1819.953 1362.893
1872.990 1282.712
1703.839 1280.845
1785.367 1317.891
1856.658 1197.183
1721.885 1203.525
1628.765 1419.262
1838.329 1344.938
1868.306 1162.321
1687.024 1364.163
1730.105 1317.908
1716.221 1325.055
1870.805 1344.543
1813.078 1297.233
1735.071 1323.296
1661.679 1265.185
1688.553 1347.126
1847.644 1265.520
1886.230 1147.971
1767.060 1235.564
1691.501 1379.094
1856.633 1366.037
1760.755 1171.907
1767.790 1195.075
1670.730 1279.868
1865.346 1352.563
1782.555 1194.121
1876.451 1212.529
1760.178 1314.119
1650.181 1270.891
1869.269 1173.084
1879.263 1213.048
1673.996 1321.441
1794.832 1417.761
1770.340 1201.713
1672.038 1170.744
1704.556 1204.504
1828.950 1348.587
1755.144 1144.256
1696.092 1177.443
1854.525 1356.207
1755.991 1410.091
1825.165 1396.752
1810.545 1360.912
1771.486 1377.641
1764.927 1411.360
1775.081 1165.581
1754.899 1298.929
1861.636 1349.420
1877.114 1179.482
1719.556 1306.745
1796.829 1415.581
1706.887 1313.286
1795.508 1234.663
1729.847 1227.864
1735.281 1233.844
1689.679 1390.563
1830.443 1247.083
1702.281 1299.529
1798.668 1152.092
1620.971 1382.510
1684.132 1310.189
1740.562 1214.559
1668.941 1196.505
1824.490 1323.861
1756.713 1313.384
1651.969 1196.786
1782.028 1189.030
1636.378 1349.681
1750.481 1241.069
1610.654 1222.630
1667.909 1317.736
1866.042 1344.770
1761.121 1310.659
1669.808 1297.288
1713.668 1331.056
1792.246 1391.807
1649.645 1162.867
1643.746 1336.504
1638.844 1198.742
1787.277 1379.815
1865.938 1342.911
1852.999 1297.005
1708.421 1305.935
1885.787 1338.636
1751.971 1414.568
1614.057 1398.345
1686.041 1347.268
1781.377 1366.099
1741.986 1332.670
1822.168 1370.624
1875.383 1265.366
1729.450 1263.598
1743.365 1226.343
1852.474 1229.461
1811.420 1252.424
1695.572 1326.854
1871.660 1370.854
1633.325 1170.374
1733.487 1326.527
1825.451 1220.672
1830.964 1265.074
1736.528 1421.149
1881.405 1378.481
1610.991 1339.862
1745.131 1354.275
1782.401 1185.071
1742.288 1161.003
1835.109 1340.030
1729.958 1321.479
1796.937 1243.942
1796.478 1150.429
1832.212 1211.609
1622.904 1402.208
1616.203 1327.781
1756.466 1289.896
1815.940 1376.414
1655.623 1346.785
1745.049 1177.965
1776.277 1340.331
1758.029 1206.430
1669.017 1225.434
1771.133 1203.262
1616.888 1418.620
1739.965 1261.132
1813.837 1316.973
1769.655 1212.156
1660.716 1409.301
1783.277 1275.694
1623.782 1279.296
1627.586 1239.629
1632.135 1182.614
1631.612 1242.809
1643.502 1390.081
1730.199 1180.302
1886.302 1276.649
1633.135 1385.133
1885.383 1284.439
1744.831 1279.610
1634.802 1347.344
1676.516 1398.349
1634.154 1274.688
1874.277 1238.582
1653.495 1365.233
1644.608 1299.993
1814.697 1301.448
1673.361 1271.131
1642.614 1393.560
1848.250 1367.395
1885.274 1209.629
1785.117 1280.079
1633.861 1175.469
1869.491 1201.399
1751.272 1296.228
1639.886 1253.676
1877.825 1396.203
1637.528 1314.192
1881.291 1419.913
1727.471 1401.718
1820.554 1396.278
1826.079 1288.246
1674.793 1321.632
1610.924 1335.153
1637.065 1332.589
1813.899 1323.376
1886.931 1250.457
1801.274 1322.020
1755.235 1359.445
1843.818 1350.245
1856.493 1403.412
1686.209 1241.079
1742.106 1307.402
1865.597 1289.584
1748.535 1330.671
1833.652 1399.942
1752.960 1304.816
1842.679 1331.905
1768.841 1400.742
1701.823 1284.694
1734.090 1205.230
1804.547 1364.250
1839.078 1331.853
1876.545 1375.423
1657.297 1178.280
1665.892 1192.382
1791.439 1280.969
1694.661 1397.477
1769.069 1259.282
1815.573 1272.262
1678.301 1307.392
1857.730 1283.454
1643.868 1221.760
1837.642 1282.680
1770.752 1358.912
1797.968 1281.206
1790.560 1273.799
1728.451 1182.739
1795.217 1329.111
1875.990 1379.047
1829.379 1317.558
1640.237 1178.378
1746.117 1165.453
1840.712 1171.829
1843.390 1348.834
1885.608 1402.627
1861.476 1202.629
1775.556 1154.579
1805.360 1167.784
1869.239 1348.360
1834.856 1296.952
1662.207 1395.455
1823.647 1394.635
1832.461 1260.403
1617.489 1329.233
1620.108 1299.967
1875.109 1256.154
1825.844 1179.782
1724.005 1367.188
1705.546 1264.779
1622.909 1318.371
1804.041 1289.100
1847.350 1245.178
1642.346 1158.782
1693.127 1213.505
1703.616 1200.195
1855.513 1311.601
1739.026 1388.527
1786.951 1279.211
1834.471 1171.075
1840.539 1203.923
1660.311 1305.446
1701.637 1287.811
1795.225 1285.313
1711.294 1271.179
1682.901 1258.494
1734.779 1262.207
1809.639 1408.427
1624.599 1266.325
1617.051 1397.168
1735.809 1235.762
1691.542 1421.557
1761.001 1296.108
1725.160 1303.697
1647.595 1381.362
1859.267 1302.622
1672.655 1259.455
1615.481 1180.033
1813.110 1213.373
1780.220 1164.770
1873.494 1341.803
1719.539 1358.043
1806.628 1210.656
1675.198 1340.038
1616.399 1321.366
1781.895 1216.691
1648.300 1339.472
1667.575 1171.150
1824.657 1275.028
1841.183 1315.789
1777.289 1155.038
1830.172 1388.995
1773.265 1308.601
1834.855 1270.693
1825.007 1245.448
1727.869 1171.644
1868.643 1195.863
1778.824 1228.594
1788.426 1300.805
1657.303 1390.072
1732.681 1216.838
1819.374 1244.287
1679.884 1385.475
1683.851 1200.192
1698.269 1254.787
1689.388 1184.642
1724.354 1157.483
1739.718 1209.576
1666.831 1215.909
1639.177 1193.479
1855.293 1354.579
1800.069 1399.808
1857.810 1396.642
1819.878 1380.579
1650.960 1222.647
1610.568 1222.434
1610.050 1261.585
1753.193 1194.110
1637.589 1345.665
1769.283 1338.307
1658.040 1397.468
1721.153 1371.427
1836.095 1414.495
1778.823 1157.286
1693.081 1189.365
1655.628 1386.735
1806.775 1254.499
1718.735 1341.753
1613.504 1336.571
1777.447 1174.966
1643.254 1338.944
1832.401 1348.160
1860.335 1171.110
1876.805 1410.233
1642.360 1312.550
1618.041 1319.101
1619.274 1418.116
1836.815 1301.658
1871.646 1336.711
1812.527 1257.159
1624.330 1181.351
1683.489 1414.449
1880.366 1353.126
1691.984 1195.449
1750.856 1312.081
1622.760 1273.104
1870.935 1150.435
1642.643 1332.803
1812.471 1391.073
1679.589 1323.362
1618.071 1409.923
1778.371 1146.223
1661.140 1237.066
1830.458 1146.128
1687.142 1418.300
1694.616 1197.172
1834.096 1360.099
1730.460 1225.465
1684.283 1251.238
1631.150 1398.768
1750.021 1336.930
1824.044 1201.554
1835.102 1187.409
1793.684 1382.317
1768.629 1286.240
1700.242 1175.332
1783.725 1232.358
1743.922 1387.284
1763.807 1227.178
1826.109 1263.592
1713.636 1347.548
1679.885 1345.838
1632.466 1153.730
1827.039 1358.297
1801.672 1310.294
1858.924 1413.360
1838.434 1181.559
1805.187 1222.549
1747.756 1181.353
1773.772 1350.921
1710.774 1391.881
1768.906 1260.129
1720.851 1215.443
1874.334 1220.162
1701.444 1324.803
1771.368 1310.784
1650.796 1181.756
1634.718 1323.034
1633.686 1199.829
1655.848 1402.485
1789.817 1297.500
1685.599 1198.682
1768.879 1274.268
1677.664 1208.111
1620.267 1402.463
1834.384 1297.254
1735.785 1350.442
1875.843 1257.146
1631.214 1223.552
1667.805 1384.565
1843.129 1342.625
1708.580 1148.301
1709.700 1415.743
1877.962 1183.731
1823.979 1209.505
1687.980 1398.142
1674.835 1221.967
1750.472 1161.008
1847.500 1251.958
1717.591 1317.638
1696.853 1295.246
1845.703 1159.733
1849.301 1213.314
1725.773 1177.266
1802.574 1376.943
1676.330 1216.419
1667.177 1212.584
1724.727 1317.536
1828.923 1208.926
1822.926 1359.486
1615.379 1385.175
1869.637 1228.344
1729.497 1196.275
1734.403 1144.159
1797.068 1256.510
1684.405 1397.114
1876.940 1245.425
1796.380 1248.015
1671.335 1413.606
1864.172 1397.645
1782.554 1319.218
1861.875 1385.077
1644.266 1186.125
1705.074 1369.108
1613.872 1408.857
1825.176 1403.587
1740.421 1171.997
1738.811 1340.216
1716.883 1237.132
1832.898 1400.928
1792.937 1344.236
1700.466 1225.149
1778.444 1213.737
1842.162 1233.859
1668.939 1147.093
1681.359 1408.632
1799.864 1241.350
1639.153 1146.647
1795.423 1278.356
1814.920 1312.500
1820.980 1245.071
1744.859 1350.717
1689.970 1194.357
1645.479 1202.793
1737.979 1328.962
1880.342 1285.721
1758.697 1365.268
1643.002 1204.745
1698.229 1287.479
1688.864 1237.981
1854.865 1316.492
1663.899 1240.140
1626.500 1393.929
1735.833 1324.754
1699.664 1382.930
1840.876 1211.615
1848.996 1373.793
1713.825 1174.021
1795.755 1243.603
1648.474 1255.426
1695.054 1397.348
1798.203 1146.365
1760.906 1207.160
1611.767 1235.901
1615.255 1249.407
1618.277 1334.116
1806.123 1340.411
1694.017 1170.091
1823.780 1371.880
1771.935 1305.710
1839.168 1265.483
1648.549 1363.305
1877.348 1226.992
1836.990 1329.396
1869.271 1195.303
1816.084 1334.046
1651.275 1388.553
1738.816 1402.685
1882.258 1232.818
1840.162 1158.181
1855.458 1350.225
1755.513 1364.963
1837.674 1210.112
1771.644 1273.079
1866.658 1195.996
1840.849 1368.077
1792.100 1310.175
1744.151 1153.082
1709.763 1411.892
1818.227 1268.618
1641.075 1334.697
1641.332 1315.844
1858.662 1287.020
1782.647 1413.262
1710.243 1176.306
1735.824 1262.192
1649.263 1167.782
1675.613 1300.289
1874.430 1349.335
1794.976 1243.946
1704.467 1219.089
1741.624 1186.803
1796.004 1324.550
1693.081 1155.617
1771.599 1333.437
1651.642 1316.821
1878.671 1343.906
1702.491 1393.459
1651.947 1299.830
1787.016 1354.822
1772.971 1420.736
1639.216 1234.910
1678.475 1359.655
1795.221 1249.173
1727.528 1310.789
1750.226 1222.845
1669.574 1411.874
1699.978 1419.936
1765.231 1345.261
1650.292 1397.699
1797.333 1238.163
1747.158 1275.675
1619.258 1172.422
1616.521 1189.280
1861.091 1263.571
1694.073 1359.874
1849.286 1362.007
1666.423 1246.264
1879.763 1168.945
1645.017 1313.911
1625.832 1299.415
1847.683 1247.711
1817.632 1343.658
1668.835 1319.717
1712.700 1196.174
1840.351 1169.867
1829.947 1285.615
1829.028 1317.005
1665.454 1304.664
1782.661 1175.530
1856.232 1275.065
1722.225 1355.734
1792.974 1151.813
1742.856 1149.893
1618.855 1356.054
1734.016 1309.837
1781.843 1419.678
1758.717 1352.279
1840.154 1380.681
1773.311 1327.485
1650.435 1210.247
1864.962 1375.824
1715.021 1227.779
1731.396 1185.209
1781.551 1257.029
1770.070 1402.667
1750.097 1362.381
1794.619 1299.469
1793.195 1151.543
1743.532 1150.282
1673.680 1273.797
1682.587 1196.876
1668.452 1421.241
1729.159 1393.032
1749.503 1291.664
1712.270 1223.577
1836.466 1276.877
1859.579 1289.161
1723.610 1315.063
1657.881 1306.373
1869.528 1385.353
1792.154 1182.132
1876.783 1258.296
1741.411 1234.913
1734.194 1235.845
1865.250 1238.316
1849.110 1336.762
1719.408 1310.751
1842.038 1417.585
1869.630 1338.958
1696.887 1148.428
1655.114 1224.859
1730.759 1380.753
1797.304 1228.416
1706.685 1416.026
1675.936 1293.500
1696.016 1228.006
1696.701 1362.159
1635.292 1371.623
1670.071 1206.823
1727.512 1245.228
1726.887 1391.094
1632.985 1166.813
1719.202 1411.588
1831.639 1333.724
1685.180 1329.225
1828.788 1378.183
1665.983 1356.721
1663.984 1278.575
1859.591 1390.552
1855.363 1222.701
1633.734 1342.296
1742.191 1355.875
1731.700 1268.696
1859.619 1210.901
1819.267 1149.893
1685.871 1222.264
1614.219 1223.157
1789.540 1216.952
1777.397 1310.676
1814.044 1372.426
1841.215 1234.710
1613.057 1255.361
1762.080 1267.685
1812.136 1204.396
1632.126 1262.014
1813.682 1152.194
1690.169 1162.242
1803.423 1331.645
1825.211 1356.137
1710.355 1235.927
1735.646 1415.837
1688.425 1166.890
1884.688 1406.201
1623.409 1147.436
1885.926 1313.997
1820.718 1254.460
1807.879 1162.322
1842.279 1196.745
1775.713 1211.302
1763.231 1323.877
1869.058 1314.043
1799.496 1387.371
1842.443 1421.454
1731.704 1276.137
1664.125 1240.811
1768.870 1244.125
1640.762 1330.067
1790.421 1185.658
1630.934 1304.342
1737.269 1371.630
1740.074 1413.316
1717.077 1418.332
1810.408 1417.915
1750.038 1162.334
1849.967 1378.964
1886.529 1281.373
1785.937 1346.632
1831.676 1209.475
1754.571 1227.135
1622.009 1168.174
1741.941 1256.613
1611.415 1398.688
1865.372 1301.427
1834.143 1144.137
1682.583 1242.722
1645.243 1278.850
1624.484 1160.823
1710.065 1160.950
1773.670 1198.697
1754.993 1415.876
1646.700 1331.684
1855.940 1307.279
1649.064 1162.387
1870.304 1373.803
1807.809 1373.725
1626.354 1277.692
1876.908 1361.618
1615.801 1183.468
1695.695 1218.521
1822.004 1358.830
1681.972 1214.961
1834.613 1344.066
1695.921 1412.873
1614.658 1154.526
1750.931 1390.531
1691.618 1328.371
1776.009 1381.542
1790.859 1193.738
1850.682 1227.786
1718.906 1173.488
1743.005 1257.759
1692.292 1249.286
1867.034 1257.434
1860.391 1377.606
1710.406 1400.791
1812.516 1195.795
1858.527 1409.605
1685.228 1396.252
1755.056 1153.691
1732.099 1183.264
1791.652 1207.415
1773.316 1393.908
1727.391 1361.127
1746.392 1209.697
1703.575 1209.651
1728.797 1417.858
1799.247 1205.106
1735.127 1148.655
1721.044 1324.233
1712.998 1372.978
1852.675 1400.966
1758.126 1192.264
1714.838 1256.652
1814.835 1189.388
1853.331 1241.432
1645.631 1334.170
1623.295 1334.069
1811.386 1182.682
1729.171 1159.601
1873.676 1196.108
1716.358 1206.576
1707.602 1351.398
1752.439 1184.691
1633.576 1153.851
1846.972 1378.160
1722.344 1421.348
1709.569 1276.661
1824.013 1225.860
1661.105 1356.184
1794.620 1176.277
1822.341 1268.042
1795.074 1416.150
1837.433 1166.803
1783.143 1352.516
1812.897 1209.233
1828.277 1269.110
1844.821 1344.078
1851.171 1348.043
1769.628 1288.256
1628.182 1183.887
1668.902 1417.419
1685.068 1240.618
1790.482 1386.210
1886.293 1167.525
1859.637 1314.340
1802.622 1199.068
1791.303 1371.272
1878.444 1337.477
1829.243 1204.484
1862.006 1283.557
1750.068 1326.061
1849.422 1286.957
1798.662 1331.708
1737.679 1334.376
1678.425 1299.882
1752.449 1308.153
1824.531 1298.418
1676.423 1373.847
1791.658 1195.154
1757.118 1267.234
1854.890 1268.308
1827.415 1253.734
1821.162 1316.306
1842.456 1313.901
1742.479 1375.016
1788.300 1324.415
1645.061 1355.384
1752.190 1179.109
1776.854 1360.733
1704.051 1150.629
1728.580 1300.309
1704.827 1405.852
1814.469 1321.470
1652.536 1282.975
1629.248 1369.526
1734.799 1418.636
1752.212 1296.200
1691.929 1204.244
1782.646 1283.316
1646.570 1256.932
1733.490 1191.379
1709.790 1395.385
1757.627 1419.670
1850.372 1395.477
1775.499 1204.609
1623.244 1373.111
1835.660 1244.279
1816.558 1250.701
1844.597 1244.233
1778.167 1352.732
1708.412 1338.632
1623.532 1361.240
1634.005 1207.113
1771.564 1401.499
1742.838 1355.897
1785.852 1331.125
1851.853 1284.935
1799.972 1153.876
1866.025 1197.116
1626.810 1386.010
1869.279 1181.307
1613.955 1393.564
1691.773 1156.827
1808.486 1238.772
1648.926 1413.262
1795.067 1336.043
1844.759 1324.966
1887.287 1217.074
1760.305 1196.132
1626.920 1385.988
1728.599 1262.370
1885.250 1353.167
1692.244 1229.159
1654.194 1383.047
1743.763 1341.447
1763.930 1162.657
1727.247 1162.958
1818.324 1177.551
1622.217 1193.714
1757.819 1291.474
1812.169 1145.204
1846.823 1192.851
1637.050 1405.956
1654.285 1420.507
1821.911 1311.920
1715.274 1211.924
1739.741 1347.555
1630.333 1150.812
1770.563 1200.873
1841.542 1210.685
1682.756 1362.869
1678.164 1420.043
1692.240 1300.705
1668.154 1327.587
1699.541 1338.548
1721.033 1207.735
1718.777 1361.471
1847.333 1354.431
1619.663 1360.225
1641.800 1285.942
1799.094 1224.493
1611.885 1395.783
1811.574 1400.119
1856.319 1272.264
1634.039 1291.709
1711.463 1161.496
1878.709 1148.723
1683.575 1206.433
1687.283 1204.656
1831.192 1190.478
1702.674 1179.238
1764.976 1343.504
1824.397 1288.813
1659.948 1385.553
1821.140 1391.435
1611.598 1421.750
1639.174 1183.913
1702.219 1245.710
1837.184 1420.437
1683.045 1161.233
1720.664 1211.411
1826.133 1409.540
1652.138 1199.387
1826.441 1391.146
1647.483 1352.316
1689.256 1243.260
1643.612 1155.909
1817.620 1287.586
1861.765 1251.672
1650.017 1407.210
1862.175 1255.871
1804.729 1245.312
1801.621 1162.662
1685.200 1179.956
1648.218 1293.529
1796.504 1364.927
1659.227 1351.740
1758.690 1175.848
1832.429 1181.279
1739.789 1185.434
1769.760 1164.778
1790.271 1329.512
1811.266 1169.947
1782.504 1166.019
1774.095 1385.770
1630.525 1160.700
1731.029 1310.248
1837.668 1192.518
1776.111 1388.058
1869.945 1220.254
1692.147 1169.904
1695.904 1376.165
1632.582 1179.379
1740.129 1368.562
1780.225 1384.449
1739.937 1379.006
1816.459 1379.357
1752.881 1399.419
1724.288 1249.711
1619.382 1162.386
1839.426 1163.100
1758.076 1236.130
1666.633 1362.167
1817.771 1351.189
1751.338 1416.190
1762.693 1411.262
1643.440 1396.497
1704.805 1356.895
1727.088 1372.411
1745.804 1394.642
1618.992 1165.711
1762.521 1336.355
1696.835 1366.425
1631.131 1249.013
1868.937 1366.724
1809.281 1328.502
1641.994 1289.898
1825.449 1243.525
1626.450 1307.322
1820.044 1397.923
1800.275 1269.942
1774.239 1157.740
1833.579 1180.730
1626.842 1251.881
1802.592 1256.063
1838.225 1385.866
1731.634 1155.807
1736.870 1193.609
1726.659 1261.341
1819.951 1331.308
1634.337 1401.212
1851.459 1322.998
1633.595 1413.869
1786.090 1202.525
1709.347 1335.988
1686.742 1415.818
1735.359 1172.656
1614.861 1340.017
1739.976 1411.925
1610.495 1420.204
1855.631 1372.772
1653.601 1318.862
1886.338 1208.092
1668.046 1180.683
1714.175 1289.546
1789.321 1248.675
1881.827 1363.318
1627.417 1162.528
1620.121 1236.770
1701.714 1179.926
1702.931 1283.500
1853.459 1254.103
1851.604 1207.993
1806.675 1162.271
1680.009 1159.585
1666.235 1206.321
1747.231 1348.335
1865.973 1258.763
1653.939 1235.095
1692.748 1354.870
1883.743 1405.574
1645.345 1360.183
1731.400 1155.545
1709.451 1380.870
1680.158 1253.478
1871.703 1330.111
1842.163 1145.721
1802.903 1159.654
1716.816 1328.636
1718.255 1169.750
1696.584 1360.203
1725.648 1358.678
1747.622 1171.523
1707.481 1278.233
1639.296 1172.874
1661.359 1178.527
1704.050 1395.261
1838.774 1189.890
1621.346 1198.147
1774.126 1197.125
1711.247 1271.033
1614.367 1322.724
1837.238 1377.566
1757.826 1172.665
1681.780 1298.604
1664.635 1326.622
1790.060 1366.586
1851.871 1249.163
1720.181 1149.960
1625.524 1351.744
1734.211 1180.695
1707.628 1144.495
1794.873 1351.083
1620.694 1347.690
1751.683 1297.157
1767.192 1333.339
1668.560 1221.169
1779.337 1168.188
1793.687 1321.816
1849.817 1211.788
1814.991 1363.615
1861.542 1362.896
1791.862 1247.601
1745.346 1271.030
1637.889 1301.865
1615.322 1219.820
1815.381 1248.415
1825.147 1405.470
1819.503 1329.781
1885.512 1162.996
1808.603 1267.029
1773.126 1355.409
1812.791 1311.488
1834.491 1314.941
1686.153 1262.435
1846.119 1318.536
1639.807 1232.318
1694.279 1235.764
1808.702 1227.106
1746.342 1151.077
1671.829 1347.207
1876.505 1271.352
1782.008 1389.282
1754.949 1392.896
1733.276 1158.161
1773.288 1225.886
1870.707 1362.177
1727.070 1277.650
1767.874 1342.912
1644.422 1354.909
1722.643 1394.572
1624.751 1306.216
1827.771 1280.761
1787.382 1377.424
1722.965 1206.721
1702.237 1198.125
1840.853 1184.382
1660.374 1328.334
1661.692 1297.204
1757.016 1241.485
1826.994 1380.695
1707.015 1418.775
1671.856 1293.995
1652.425 1268.079
1767.979 1378.485
1823.329 1178.336
1791.431 1286.961
1627.717 1258.869
1775.749 1411.542
1841.886 1363.905
1885.512 1322.087
1611.804 1210.329
1746.977 1292.380
1618.663 1279.245
1659.681 1192.526
1830.807 1185.752
1801.031 1146.080
1724.743 1334.807
1782.592 1385.508
1847.627 1341.482
1771.346 1357.342
1713.735 1188.113
1829.023 1238.962
1743.431 1412.788
1807.719 1275.277
1623.671 1411.261
1873.846 1400.087
1710.119 1276.673
1721.632 1191.657
1840.791 1144.038
1862.987 1386.669
1753.756 1318.626
1720.624 1416.655
1653.514 1315.177
1766.281 1316.796
1833.361 1177.621
1699.375 1286.401
1638.216 1253.198
1610.248 1326.125
1812.942 1149.627
1851.478 1241.878
1747.626 1324.927
1757.440 1179.310
1843.245 1418.604
1797.668 1251.385
1843.649 1357.072
1656.342 1411.450
1807.190 1287.478
1870.794 1322.909
1845.978 1182.371
1713.271 1296.867
1865.347 1223.305
1754.269 1159.526
1707.034 1401.536
1779.703 1243.217
1763.232 1177.486
1838.602 1386.626
1693.995 1233.490
1643.463 1258.276
1720.289 1241.480
1760.479 1274.781
1662.817 1188.107
1804.913 1400.008
1853.438 1284.373
1744.936 1367.802
1862.697 1265.989
1814.795 1373.711
1790.685 1148.010
1649.930 1411.876
1843.891 1348.997
1851.313 1401.723
1657.492 1274.924
1863.918 1164.157
1820.035 1395.210
1706.768 1415.842
1718.049 1351.451
1710.429 1241.102
1827.594 1161.291
1841.955 1226.812
1714.752 1364.751
1644.948 1265.689
1794.339 1186.644
1641.613 1220.070
1641.906 1359.358
1630.086 1413.332
1726.268 1415.670
1868.177 1409.193
1673.858 1382.403
1703.109 1306.889
1680.775 1240.173
1690.691 1172.846
1820.816 1414.310
1763.024 1184.844
1709.379 1210.769
1663.929 1194.882
1651.110 1375.823
1745.244 1152.715
1729.815 1318.731
1830.522 1276.350
1795.668 1291.500
1843.714 1383.780
1758.715 1260.459
1783.816 1276.413
1783.971 1166.648
1805.980 1408.321
1806.310 1392.836
1614.212 1421.129
1655.438 1411.171
1622.378 1253.163
1865.405 1353.477
1788.115 1343.805
1637.288 1356.509
1775.212 1269.823
1708.828 1392.683
1828.223 1253.022
1779.812 1321.270
1615.221 1314.981
1873.357 1317.127
1681.203 1396.536
1729.185 1217.890
1735.913 1325.607
1834.120 1369.589
1734.685 1399.601
1734.000 1386.009
1782.942 1205.316
1853.609 1280.397
1717.227 1330.394
1726.869 1286.372
1792.180 1386.104
1830.922 1384.112
1644.698 1169.872
1632.689 1332.344
1791.319 1388.467
1667.203 1240.207
1815.423 1149.758
1789.643 1329.226
1745.852 1250.441
1762.795 1417.827
1843.412 1420.203
1814.514 1333.689
1637.791 1262.230
1675.038 1184.443
1880.491 1274.612
1856.847 1350.976
1803.604 1357.426
1754.825 1196.013
1817.901 1298.629
1651.221 1274.472
1635.592 1147.472
1817.314 1174.525
1750.137 1329.293
1615.946 1235.723
1772.785 1390.755
1726.687 1296.764
1707.939 1200.627
1849.527 1375.221
1848.894 1155.616
1846.831 1203.926
1864.901 1381.753
1694.037 1307.448
1745.507 1196.131
1689.931 1259.436
1614.171 1348.441
1755.964 1168.397
1839.850 1153.611
1623.878 1328.263
1847.495 1389.867
1735.620 1191.405
1651.292 1244.878
1660.346 1148.310
1800.287 1238.165
1761.831 1364.483
1613.930 1184.915
1655.506 1195.725
1650.331 1260.136
1809.004 1252.913
1884.257 1385.792
1722.514 1271.797
1836.822 1145.581
1728.498 1163.141
1762.285 1285.003
1818.842 1161.950
1667.222 1164.611
1826.888 1284.321
1746.202 1315.487
1685.286 1329.291
1621.357 1261.405
1614.867 1211.975
1628.904 1357.549
1041.132 1852.134
1028.316 1753.981
990.515 1718.454
1112.033 1837.099
1198.695 1779.338
940.199 1810.130
1100.717 1749.672
969.390 1829.585
1185.363 1694.212
943.038 1793.028
958.559 1802.795
1056.246 1721.918
1172.741 1794.502
1102.429 1643.373
1091.627 1680.263
1186.220 1738.126
974.304 1609.006
1133.317 1745.433
1158.123 1696.671
1193.368 1653.525
1095.522 1758.813
1079.328 1724.561
1116.768 1741.855
1071.599 1743.310
944.179 1713.675
948.362 1705.942
966.116 1672.697
1157.767 1761.327
1065.626 1591.643
1205.716 1580.230
1142.283 1689.101
1103.851 1833.442
1120.103 1668.433
1154.062 1726.692
1059.031 1585.322
1140.331 1704.522
1199.808 1696.657
973.865 1795.003
996.624 1800.112
1105.996 1846.930
962.037 1686.957
1186.691 1720.638
1039.708 1734.545
1187.612 1588.266
1099.361 1674.559
1086.125 1823.088
1160.199 1660.892
1021.767 1617.213
1198.080 1829.681
1031.275 1811.210
1164.477 1815.116
982.934 1660.804
1023.857 1778.923
1033.568 1602.155
1109.983 1775.317
1095.842 1839.104
1103.272 1710.834
1135.580 1732.393
1066.682 1818.507
1101.559 1738.255
977.062 1802.833
1180.950 1610.889
1097.683 1660.967
1015.599 1707.385
1162.058 1672.356
1105.581 1599.522
1206.152 1662.893
1158.806 1664.368
1012.654 1832.647
1040.205 1770.280
1054.085 1722.219
1174.558 1839.863
1170.022 1679.015
1011.998 1821.588
1143.398 1673.280
1162.540 1624.504
1161.694 1587.811
1012.537 1644.041
985.745 1688.581
1072.696 1650.552
995.652 1832.737
1193.939 1638.650
993.231 1642.291
1087.534 1630.310
1084.201 1744.994
1182.844 1795.996
1124.020 1734.656
1178.746 1693.068
962.151 1708.289
1184.531 1691.080
1015.389 1665.134
1209.313 1665.932
1197.545 1622.237
1036.529 1796.252
1105.866 1642.964
1097.196 1705.536
1046.064 1734.802
968.815 1821.174
1113.732 1820.056
994.819 1835.478
1035.622 1701.157
1070.949 1731.188
1015.268 1591.330
1161.383 1634.407
940.526 1581.220
1149.390 1636.765
1161.460 1675.747
1136.444 1747.039
958.877 1828.380
1140.875 1837.071
951.082 1797.303
1157.885 1827.507
998.807 1655.163
947.842 1637.056
1163.170 1681.955
1112.594 1597.743
1181.008 1668.849
954.580 1678.867
948.647 1674.401
1127.835 1621.037
982.219 1603.388
1028.315 1707.394
1008.884 1852.371
1124.001 1746.813
1055.236 1789.825
1012.125 1755.267
961.567 1855.198
1008.071 1846.980
1191.369 1701.723
1169.528 1771.690
1102.401 1763.499
1072.476 1605.352
980.790 1616.148
1050.022 1584.379
1003.343 1679.428
989.936 1760.158
1186.165 1661.826
1058.767 1827.767
1191.067 1782.322
1192.270 1798.094
1154.624 1785.318
1007.461 1808.958
1127.691 1667.470
1173.206 1603.170
1147.228 1762.968
1208.769 1701.289
1031.411 1615.911
1115.445 1748.277
1149.082 1612.874
1079.151 1665.937
971.696 1603.932
1065.532 1828.908
1179.197 1608.153
954.772 1706.656
1159.253 1841.993
1163.213 1840.047
1020.773 1744.164
1150.886 1850.136
1174.718 1662.849
1056.715 1586.361
967.220 1734.719
1032.408 1805.671
1137.065 1697.307
1177.854 1805.951
1116.690 1731.818
1113.824 1748.341
1117.246 1591.938
1034.388 1697.508
974.965 1701.528
1123.923 1608.503
1069.069 1811.543
980.071 1842.160
1066.204 1786.621
993.522 1773.036
1152.415 1639.594
1171.161 1678.827
1045.888 1602.038
950.613 1752.759
1134.141 1651.427
1067.637 1593.069
1011.951 1599.281
1063.029 1756.752
999.786 1819.987
1201.907 1843.775
1121.573 1785.019
1017.229 1834.003
1098.130 1794.932
1204.537 1730.406
1140.346 1687.589
1192.772 1674.893
998.118 1834.461
1155.803 1622.717
1153.560 1609.374
1102.812 1816.478
1149.782 1725.940
960.860 1846.653
948.550 1696.327
959.490 1845.507
1116.936 1834.809
1143.936 1715.592
976.327 1694.542
1193.235 1694.882
1180.333 1579.497
1166.110 1703.883
966.098 1717.210
959.112 1585.777
992.353 1848.376
1030.173 1834.222
1015.719 1651.860
1152.207 1612.625
1190.386 1789.494
1127.249 1677.729
1053.882 1699.813
1148.589 1637.527
1059.752 1819.325
1184.761 1607.317
947.978 1613.895
949.733 1776.968
992.211 1653.663
1161.879 1711.159
1204.136 1720.552
1060.443 1579.500
1088.909 1831.539
1115.849 1842.367
1141.901 1782.035
1042.285 1638.954
1026.287 1723.125
934.732 1709.309
940.586 1661.329
963.326 1654.377
1045.802 1700.617
936.170 1841.764
1144.804 1829.773
941.651 1581.338
1048.293 1746.626
1113.335 1834.850
968.317 1598.677
1099.181 1744.014
980.102 1754.271
936.811 1700.119
1046.070 1655.084
1035.317 1669.700
947.270 1646.983
1155.015 1738.933
1152.607 1636.334
1173.546 1705.987
1187.305 1720.112
936.930 1778.804
1142.726 1653.275
1136.335 1589.012
973.783 1653.360
1000.548 1833.903
1025.286 1720.058
1018.178 1641.084
1094.710 1712.386
1030.543 1605.876
1204.993 1669.418
1045.972 1714.804
1015.653 1817.445
976.657 1614.436
1048.505 1589.188
971.334 1619.185
1210.299 1584.584
994.713 1687.416
963.690 1753.276
999.617 1677.763
1164.341 1844.310
1188.316 1777.843
1190.061 1636.197
988.128 1652.182
1140.364 1686.845
1052.711 1592.399
1108.457 1790.508
1172.643 1623.890
1153.930 1700.516
985.007 1706.864
977.417 1850.943
1017.969 1600.948
984.715 1618.699
943.034 1820.879
1004.447 1697.301
1095.131 1596.050
1037.377 1588.033
1112.689 1691.449
954.040 1638.879
1049.999 1850.210
1041.365 1762.772
992.234 1736.762
1150.198 1730.429
1162.776 1728.723
992.493 1754.708
980.362 1786.500
937.147 1680.284
1136.673 1679.890
1201.536 1718.536
1057.821 1747.338
1096.031 1845.499
1034.481 1755.478
971.153 1637.634
978.139 1634.165
941.359 1720.429
1089.551 1702.611
1130.720 1712.282
1039.726 1756.599
1007.654 1607.298
960.660 1627.105
1077.129 1807.634
1168.567 1831.218
1202.840 1708.036
1162.217 1646.097
1094.030 1682.478
1005.490 1736.819
1017.087 1619.087
1033.256 1713.447
1001.354 1629.945
1174.586 1616.247
961.382 1767.007
1204.103 1841.648
1150.610 1717.464
1126.378 1662.809
954.782 1795.864
1108.458 1630.773
990.205 1712.269
1186.365 1632.368
1114.665 1767.536
1065.786 1588.279
1052.713 1615.799
1061.746 1832.750
1083.497 1641.188
1205.366 1832.260
1062.112 1579.825
1029.532 1638.755
975.131 1640.850
1075.243 1805.529
1120.391 1689.839
1050.688 1823.200
961.471 1780.772
1063.887 1813.624
998.678 1851.977
1003.337 1665.038
1065.664 1743.133
1198.341 1816.366
976.529 1656.340
1201.378 1620.437
1061.080 1698.194
950.016 1734.697
1154.065 1799.497
1168.810 1776.874
1175.534 1789.575
972.324 1666.032
936.085 1841.963
972.570 1583.361
1088.449 1851.473
1160.907 1768.554
1212.117 1715.347
1112.390 1677.619
1043.222 1628.361
1109.644 1803.761
1098.134 1780.283
1194.315 1815.734
1163.828 1635.889
1186.002 1690.794
1133.968 1801.194
1089.408 1672.434
1061.303 1600.190
1203.171 1681.006
1171.821 1682.202
1199.367 1665.374
991.776 1851.778
993.959 1796.672
973.404 1836.581
994.831 1845.846
1096.936 1741.222
1193.619 1693.625
1013.933 1581.161
1186.223 1620.678
1101.365 1796.193
1140.130 1671.493
1200.509 1690.082
1062.807 1633.157
1064.821 1719.258
1170.653 1715.072
955.928 1816.430
978.683 1685.998
958.734 1800.242
1061.799 1770.904
1024.328 1782.907
1035.323 1848.202
975.372 1809.817
1006.938 1817.651
1023.527 1798.902
1040.132 1749.595
981.377 1709.051
1133.373 1581.151
1171.708 1844.201
1174.810 1745.867
1118.544 1834.512
937.137 1809.918
1099.570 1656.645
1015.157 1715.586
1179.764 1770.582
1023.795 1593.131
1086.151 1821.113
969.533 1775.329
1156.654 1698.184
1089.734 1818.962
958.662 1676.224
1169.942 1772.603
1048.134 1670.235
981.103 1700.500
1160.821 1843.609
958.580 1822.319
939.871 1689.315
1061.822 1735.600
1065.748 1808.340
1158.741 1649.520
1184.221 1635.915
1120.213 1741.498
1073.420 1738.570
1108.518 1675.384
1156.019 1661.265
1078.272 1761.218
983.785 1636.542
1034.104 1689.447
1042.391 1690.703
1144.589 1783.662
1026.973 1682.877
1164.304 1634.920
1011.238 1704.791
1146.438 1631.763
1020.775 1705.731
1192.691 1647.893
1189.675 1727.509
1046.434 1672.218
972.408 1675.953
1080.267 1779.782
942.975 1802.873
1067.416 1827.639
1022.227 1781.155
970.631 1774.814
1063.553 1721.128
1196.425 1673.958
951.427 1582.358
1119.697 1826.375
1174.958 1840.365
940.166 1612.491
1030.750 1738.928
1169.686 1696.586
1069.502 1828.572
1032.001 1782.521
947.575 1704.492
1017.594 1736.126
1127.092 1853.660
1011.622 1806.087
1008.949 1675.208
1100.500 1800.769
1045.937 1669.215
1144.583 1786.293
997.750 1751.130
950.239 1709.595
1130.189 1748.225
1163.243 1608.645
1105.683 1793.930
1123.334 1665.621
1001.222 1813.114
1028.762 1830.972
938.387 1781.793
1065.288 1649.656
1016.322 1836.297
1035.270 1750.146
1006.101 1791.513
1006.937 1798.713
1089.774 1652.946
1088.729 1650.016
955.901 1696.153
1166.092 1650.577
1188.722 1579.493
1178.954 1618.638
1175.180 1814.508
1175.094 1585.691
1088.153 1760.374
1030.400 1609.242
1165.030 1821.804
1066.120 1625.912
1078.205 1600.643
1085.624 1595.153
1048.783 1813.750
1169.079 1717.430
1038.428 1748.996
954.020 1716.707
1161.937 1636.061
1171.172 1591.903
1094.933 1627.695
1022.816 1618.024
1184.207 1635.173
1165.861 1728.497
1167.650 1824.377
1157.622 1816.074
1196.745 1835.387
1038.998 1846.430
1018.823 1755.761
1184.053 1657.548
986.749 1775.479
1204.505 1808.345
1162.243 1585.862
1194.879 1824.566
985.368 1738.723
978.228 1795.671
1105.179 1781.891
1179.617 1741.422
1055.370 1589.864
1064.873 1770.860
1056.314 1775.833
1103.091 1786.921
1191.848 1788.021
1134.077 1720.936
1198.119 1687.472
1113.347 1603.664
1005.514 1691.631
959.611 1629.132
945.230 1580.478
1008.904 1615.710
1156.868 1801.938
1019.447 1743.904
1087.707 1826.635
1019.265 1823.990
937.107 1607.646
1075.668 1598.633
1029.823 1819.114
1024.743 1787.180
1169.100 1809.217
1074.795 1653.248
1111.821 1740.528
1209.775 1616.065
1132.236 1750.348
1062.427 1689.181
1119.107 1803.210
1114.798 1603.588
1203.576 1706.468
1048.844 1637.717
999.486 1691.868
997.850 1660.830
956.862 1659.377
1021.959 1833.206
943.675 1824.101
960.427 1601.624
1086.662 1653.990
938.783 1639.738
1167.601 1790.727
1068.654 1666.010
1192.210 1790.045
957.027 1602.373
957.372 1641.181
1159.673 1769.457
981.007 1828.829
992.905 1854.855
1167.211 1664.956
1136.834 1663.015
1091.025 1827.643
1093.264 1722.255
1158.341 1809.744
1106.259 1579.310
1129.164 1757.941
1103.693 1622.265
1123.324 1653.814
953.130 1728.895
1038.903 1774.214
1055.740 1815.918
1021.250 1795.048
1178.872 1631.788
1138.826 1680.214
1080.260 1830.824
1053.758 1796.636
1077.265 1702.854
1182.027 1583.795
1094.945 1590.726
937.425 1677.042
1205.095 1714.732
1012.460 1691.348
1070.049 1638.944
1105.232 1828.297
1082.947 1654.699
974.445 1599.463
1075.517 1599.423
1171.126 1592.726
1136.661 1846.875
1183.933 1654.137
1187.555 1799.022
975.903 1690.399
1198.447 1781.348
988.385 1599.121
1043.775 1704.892
946.561 1739.805
1017.944 1766.222
1021.397 1583.117
1074.359 1603.663
1162.211 1592.394
945.979 1593.221
1195.637 1688.764
1191.319 1799.664
992.616 1687.498
964.397 1599.503
1183.301 1736.129
960.984 1714.565
1130.346 1760.803
937.828 1796.913
1153.914 1703.270
1112.220 1646.464
1077.542 1626.443
1088.879 1689.836
1201.308 1721.642
1119.070 1682.180
1189.458 1726.466
940.952 1597.916
1039.447 1589.861
1198.993 1613.461
951.102 1587.096
1030.984 1716.465
943.494 1620.591
1185.004 1623.951
1178.543 1697.844
999.331 1807.562
1017.174 1679.942
1068.732 1695.518
1119.603 1812.084
992.174 1627.176
987.918 1665.361
1027.683 1735.087
1139.739 1600.853
1028.724 1794.631
1163.804 1721.809
1027.553 1598.351
965.315 1834.575
1079.838 1630.976
1166.033 1666.148
1201.757 1741.904
1168.773 1581.928
963.243 1770.149
1134.235 1713.135
1135.773 1848.235
1191.021 1614.372
1047.947 1809.150
1150.010 1777.070
993.824 1716.918
1008.503 1701.488
972.557 1699.465
1187.124 1809.035
945.844 1633.856
997.989 1679.890
1101.895 1789.469
1074.003 1596.371
1117.616 1852.420
950.697 1742.671
1192.049 1819.653
1105.342 1730.817
961.395 1759.870
955.445 1773.796
1026.734 1686.819
984.629 1611.638
945.636 1787.225
1162.092 1586.754
992.185 1843.147
1043.743 1718.565
985.574 1808.682
1155.417 1604.644
1197.287 1763.201
1193.191 1854.414
1030.898 1787.569
1141.384 1631.364
1196.377 1731.872
1096.358 1766.054
1018.200 1773.985
983.460 1808.369
978.192 1755.144
1014.435 1747.645
1144.163 1689.580
1176.514 1654.116
947.933 1719.570
989.457 1820.044
1089.134 1754.582
1097.026 1760.673
955.822 1579.059
1041.175 1664.930
963.765 1748.288
1171.919 1605.093
1193.843 1740.150
951.265 1836.635
1112.143 1642.555
1110.366 1649.233
1004.348 1658.132
1054.479 1776.228
1130.173 1703.492
1116.266 1635.947
1059.136 1762.650
1152.080 1823.478
952.829 1855.510
1172.275 1841.900
963.654 1837.353
936.939 1593.758
1104.816 1801.752
1187.122 1788.841
996.491 1586.016
1187.079 1797.241
1063.434 1767.210
1164.895 1790.490
955.379 1589.275
1046.303 1835.196
1010.896 1821.734
979.170 1756.819
1142.310 1834.829
1068.062 1803.637
1194.199 1704.519
1007.879 1787.327
1126.527 1795.865
1116.212 1608.490
1182.191 1834.866
1202.225 1578.991
1195.425 1612.522
1090.318 1657.315
1032.457 1612.726
1151.302 1584.872
961.590 1621.700
1173.559 1825.359
1127.678 1676.542
962.098 1626.122
1210.185 1846.996
1135.533 1772.860
938.910 1737.097
1057.016 1714.490
1067.875 1660.299
976.472 1816.094
1059.830 1747.942
1103.280 1681.325
1006.003 1836.272
1147.018 1800.579
1168.777 1782.921
1115.221 1831.876
1029.664 1765.217
1122.135 1810.232
1201.420 1691.887
1162.739 1690.453
986.720 1826.781
1180.959 1607.284
1086.241 1629.511
1191.622 1814.818
967.814 1808.536
1078.519 1585.071
1188.176 1688.137
1158.720 1788.103
1137.272 1618.674
1037.399 1717.121
1067.653 1635.773
1208.829 1756.587
1006.268 1708.426
1113.188 1770.318
1198.853 1676.557
948.569 1671.715
1155.710 1852.822
935.869 1785.419
935.557 1813.218
1090.357 1780.424
960.283 1597.544
1201.217 1709.102
1061.365 1687.802
1193.966 1836.321
975.963 1621.875
1164.493 1731.739
1125.235 1817.560
950.599 1625.139
987.532 1650.121
1193.152 1757.065
975.858 1851.475
962.453 1761.031
1057.358 1834.855
969.982 1707.448
950.158 1639.316
957.968 1754.428
1185.906 1589.621
1014.562 1621.640
1129.258 1759.546
1001.375 1679.732
1190.375 1580.442
975.140 1787.265
956.046 1638.365
1061.197 1695.303
969.879 1719.948
1052.424 1601.921
1208.118 1654.251
1151.933 1856.272
970.265 1824.145
1198.013 1685.272
1159.951 1609.203
1136.582 1847.945
1182.580 1778.443
1043.414 1800.582
1166.798 1809.610
1197.955 1795.737
1153.373 1692.846
1099.699 1756.738
989.287 1735.900
1178.274 1785.712
1153.068 1699.927
949.805 1753.880
972.894 1601.237
1030.712 1623.791
1006.277 1630.933
1026.359 1705.250
1021.531 1852.152
937.806 1815.797
1188.330 1585.797
1039.011 1718.859
1135.842 1728.604
1176.064 1783.607
959.112 1785.611
1140.962 1851.176
1140.908 1756.664
961.576 1855.168
1085.250 1622.391
1077.017 1616.994
993.294 1613.470
995.326 1818.284
1039.051 1703.393
974.949 1734.417
1202.949 1590.575
1042.689 1835.851
1075.596 1784.997
1049.125 1692.489
974.880 1686.555
1211.979 1732.672
1055.847 1699.544
1043.600 1607.085
1151.641 1839.077
945.162 1615.400
1002.040 1666.762
1027.167 1798.270
1106.689 1800.232
971.030 1846.585
1132.747 1751.757
1200.701 1704.130
1181.252 1765.746
1097.412 1792.455
1122.553 1818.416
1145.586 1605.496
1142.993 1584.621
966.087 1772.778
1157.856 1660.626
1116.414 1791.051
1165.011 1644.218
1136.448 1698.232
1078.585 1646.971
1127.430 1821.991
1124.282 1613.128
1147.963 1722.838
1023.801 1775.571
1177.850 1678.393
1177.026 1678.552
934.736 1624.555
966.138 1664.568
1045.675 1771.754
1128.017 1709.753
949.181 1744.328
1094.847 1810.372
1072.922 1842.301
1098.110 1644.211
946.248 1806.039
1097.183 1675.758
1124.488 1649.022
1179.749 1604.536
1113.121 1740.475
1118.261 1587.573
1185.426 1804.709
1172.560 1802.891
1099.251 1802.619
1018.015 1630.727
1144.383 1599.024
1003.397 1838.331
1065.734 1682.494
987.771 1734.908
970.999 1608.827
1106.533 1821.372
1091.917 1631.026
1048.641 1848.308
1011.223 1689.517
1098.848 1790.485
1119.248 1674.205
1193.638 1610.644
966.992 1757.253
1165.065 1610.122
1107.842 1744.577
972.924 1737.880
987.821 1691.377
1146.406 1833.622
939.229 1711.782
1024.521 1693.894
1202.735 1622.031
1210.293 1670.806
1185.069 1835.750
1145.970 1605.330
1138.164 1648.895
1114.869 1687.123
1009.671 1749.840
961.697 1853.692
1198.596 1609.254
1145.592 1613.866
1182.806 1671.759
1015.685 1813.617
958.665 1832.827
1026.437 1696.032
1052.474 1783.577
956.049 1650.662
977.396 1738.417
1183.559 1774.119
1046.370 1591.672
1037.133 1725.657
1032.610 1727.502
941.264 1759.671
1200.713 1792.253
1126.610 1715.057
1130.273 1757.458
1154.005 1839.408
1101.996 1588.375
1009.092 1722.881
1145.480 1831.043
1033.140 1834.106
1198.498 1721.811
1113.817 1787.541
1192.264 1706.819
1060.586 1598.331
940.903 1705.344
1119.321 1738.459
977.837 1684.008
1021.085 1768.844
1009.347 1610.334
1057.189 1790.711
973.462 1740.111
1200.953 1793.719
982.833 1613.958
1124.071 1777.623
981.684 1672.387
1022.262 1848.776
1118.985 1604.425
1018.468 1764.579
1008.065 1721.868
1103.773 1644.521
990.026 1649.218
938.560 1739.700
1152.613 1752.839
1195.297 1706.949
958.482 1855.803
1160.494 1753.637
1204.101 1711.398
1092.741 1812.053
1014.461 1615.208
1151.392 1670.020
1116.075 1735.342
1054.341 1811.341
962.091 1788.565
1163.669 1804.590
1135.917 1596.921
1131.931 1678.442
1171.862 1747.293
1191.965 1644.026
1196.491 1801.633
987.115 1746.508
1011.057 1647.455
984.749 1756.909
1198.524 1620.572
1006.996 1684.438
1130.222 1664.056
1044.117 1702.491
1077.200 1605.626
1159.750 1676.711
1187.583 1812.017
1121.430 1667.396
1141.975 1733.055
1172.759 1599.985
961.593 1723.963
1173.681 1819.345
1064.259 1750.839
1116.701 1667.163
985.591 1836.692
1061.509 1791.927
1180.509 1781.853
957.686 1780.026
1135.262 1836.646
1107.821 1611.519
1191.961 1647.727
1109.935 1585.965
1065.544 1703.341
1024.874 1769.470
996.005 1784.552
1196.371 1814.216
1203.461 1762.359
961.329 1845.919
1034.366 1672.279
1030.409 1808.548
1131.092 1792.746
938.943 1738.046
1142.813 1610.636
1135.627 1630.737
1206.518 1844.532
1165.633 1676.926
1069.000 1847.919
1073.013 1764.440
986.886 1636.278
1185.531 1756.834
967.691 1625.831
1111.583 1615.924
1185.967 1652.585
1108.324 1636.167
1105.947 1800.557
1186.085 1782.934
1052.350 1687.044
1164.506 1770.587
1118.777 1827.216
1125.927 1783.249
1171.963 1843.104
1147.170 1734.252
1161.856 1844.172
1125.198 1786.198
1153.873 1853.683
1018.934 1584.020
1159.239 1720.206
982.693 1817.839
1114.924 1841.652
1144.895 1724.497
938.189 1813.772
1090.927 1821.482
965.703 1711.673
1008.794 1728.259
1100.086 1687.725
939.675 1686.103
1174.857 1590.767
1206.418 1594.027
1048.833 1652.921
1178.514 1767.765
1026.682 1582.944
1076.644 1780.152
1168.653 1587.084
1061.054 1782.858
1019.128 1822.469
1164.799 1707.070
1128.122 1592.716
1147.437 1778.093
1081.058 1590.228
943.026 1833.177
943.261 1655.091
1017.473 1745.964
1194.873 1832.918
979.963 1714.740
1151.049 1762.447
978.425 1722.758
1141.689 1800.043
1161.088 1759.441
970.989 1799.909
1126.318 1713.368
989.294 1665.904
1194.779 1597.218
1055.710 1661.124
1198.789 1650.922
1195.511 1764.463
1121.558 1826.045
1039.107 1669.348
948.459 1598.677
1091.043 1643.380
1029.865 1793.255
1055.266 1775.484
1102.615 1605.664
1045.688 1855.182
1199.210 1657.580
1190.684 1662.327
1051.999 1593.696
1032.566 1611.457
1015.405 1596.289
1186.901 1784.299
1209.613 1599.105
1043.809 1647.056
1077.357 1747.281
1177.762 1685.158
1152.551 1854.816
1091.773 1803.167
1153.751 1854.436
1022.077 1735.021
1098.800 1841.456
1007.255 1610.575
1180.265 1828.515
947.464 1650.386
1117.786 1726.675
1043.652 1632.374
978.680 1607.833
1162.691 1672.081
992.074 1629.559
944.270 1774.688
1079.093 1581.824
990.876 1816.629
1186.980 1621.017
1131.333 1844.716
935.012 1637.782
1076.404 1824.722
983.296 1769.418
994.314 1758.688
1161.984 1732.649
1176.835 1657.225
1135.253 1651.472
1008.999 1630.330
1109.938 1707.489
1127.064 1792.758
972.467 1667.955
947.845 1841.996
1033.881 1683.539
1085.189 1780.290
985.241 1583.869
1199.317 1680.604
1032.032 1850.058
1184.845 1739.697
1179.328 1781.625
1025.620 1792.532
1173.191 1600.197
973.740 1795.128
1179.536 1667.254
1088.921 1694.096
1094.302 1612.707
1049.138 1596.249
1020.356 1806.895
1157.491 1596.253
1166.664 1624.166
1097.637 1597.519
1146.772 1686.964
1125.301 1660.600
965.353 1664.746
1128.708 1846.672
1020.180 1803.434
1001.215 1712.441
1183.061 1594.734
1210.524 1596.470
1015.927 1599.264
943.112 1618.604
970.895 1615.066
1057.995 1833.076
954.509 1650.891
1057.483 1682.151
1168.237 1582.413
1114.349 1738.471
1144.047 1658.546
1206.060 1739.849
945.993 1601.840
1198.068 1623.464
985.805 1827.017
1076.206 1750.758
937.505 1587.209
1103.629 1582.845
1156.563 1739.282
1153.850 1814.856
1107.229 1729.312
1144.850 1816.945
1099.690 1648.289
1017.911 1798.584
1124.519 1666.081
936.780 1771.396
1116.423 1679.283
992.436 1715.388
1083.560 1772.766
1033.878 1713.531
1067.002 1620.241
1127.880 1638.936
1073.084 1775.395
1118.226 1619.780
979.526 1598.767
1079.405 1772.033
1205.631 1677.293
1122.824 1848.807
1133.530 1824.073
1010.840 1681.283
941.827 1696.317
1003.887 1720.945
1108.681 1760.733
1000.358 1735.646
965.719 1838.393
1023.965 1748.942
1162.199 1816.798
1061.142 1834.216
1090.001 1646.480
950.036 1700.983
1194.963 1785.406
1198.376 1838.204
1096.927 1662.708
1153.814 1599.520
1103.566 1739.707
1121.138 1820.773
1209.679 1647.469
1161.625 1604.230
1077.370 1629.825
1148.393 1836.112
1184.961 1692.803
1055.653 1656.396
1105.363 1772.963
1189.341 1626.219
959.823 1646.709
1197.965 1599.984
1098.828 1665.649
1080.801 1650.886
943.620 1669.199
1142.516 1617.097
1100.652 1822.835
949.245 1698.741
1039.442 1767.958
1117.679 1752.193
1166.798 1834.462
1194.106 1708.635
1153.691 1682.809
1085.454 1716.265
1188.655 1788.925
952.045 1729.254
985.719 1725.975
1130.994 1765.050
936.871 1829.139
935.693 1853.777
1093.205 1608.427
1093.847 1714.471
984.995 1692.144
946.192 1666.134
1040.501 1812.167
1109.270 1600.192
1172.743 1823.248
948.777 1813.063
1114.577 1791.904
1069.293 1849.371
972.199 1603.150
1016.713 1600.383
1137.438 1754.054
1146.858 1807.192
1007.282 1800.980
1185.181 1782.304
1144.483 1814.865
984.093 1818.693
1161.370 1789.883
1182.331 1653.210
938.124 1816.241
937.298 1779.538
1055.963 1792.664
1043.180 1779.823
999.991 1705.845
971.551 1653.370
1045.680 1763.271
936.989 1839.661
986.722 1761.878
970.633 1758.000
1127.915 1853.424
1072.329 1732.976
1080.919 1649.104
1048.992 1647.206
1192.097 1795.141
956.294 1793.438
973.725 1794.324
1174.903 1772.353
1133.610 1841.603
980.421 1766.453
1181.023 1788.953
984.029 1636.818
1100.009 1639.230
975.528 1765.676
951.147 1686.893
1109.452 1617.430
1122.762 1580.289
1126.079 1638.769
967.351 1689.288
1088.382 1842.194
1179.373 1762.601
983.586 1619.838
1000.208 1721.132
1001.805 1689.789
1008.391 1667.220
1172.117 1598.221
1069.846 1734.208
1122.403 1855.657
987.929 1822.772
1206.825 1699.717
1141.313 1684.022
1185.202 1782.512
989.130 1843.626
1134.587 1653.217
1140.085 1667.477
1042.577 1800.763
1051.993 1649.616
943.523 1845.921
997.108 1768.960
1005.155 1808.646
1124.367 1835.807
1015.287 1683.455
1125.599 1787.328
949.202 1628.097
1133.918 1792.031
1190.700 1625.894
989.692 1658.887
1000.948 1737.556
1037.003 1655.552
1183.315 1687.381
1094.869 1702.187
1190.267 1581.887
978.345 1694.100
935.993 1697.525
977.494 1797.855
1039.621 1742.950
1055.381 1776.528
1145.522 1692.279
990.747 1795.368
1063.819 1593.808
1104.588 1704.667
1037.279 1656.607
946.720 1609.088
1038.078 1629.998
1018.962 1683.422
971.085 1791.252
1149.599 1760.482
1161.879 1802.871
1060.604 1632.275
1117.848 1752.904
1159.060 1799.112
1040.037 1790.613
1199.662 1750.937
1008.510 1628.441
1011.811 1840.202
1113.611 1812.589
1054.997 1688.876
961.974 1674.957
1129.255 1664.820
964.950 1684.538
947.099 1647.882
1070.034 1711.184
942.284 1702.821
1193.811 1827.279
1130.045 1590.373
1113.738 1753.138
980.912 1703.217
1106.313 1647.482
1055.614 1835.412
1065.321 1612.175
1094.837 1807.539
1030.948 1769.047
1086.133 1759.577
1022.033 1641.689
962.242 1634.207
969.388 1696.677
951.459 1588.132
978.775 1689.855
1125.259 1780.877
968.984 1855.011
938.875 1775.645
1087.539 1722.868
1094.891 1615.322
1097.864 1731.962
1052.110 1612.947
1127.494 1807.837
999.425 1701.124
1192.133 1810.391
1070.907 1746.444
1054.979 1629.115
1176.067 1803.590
939.145 1812.834
1122.777 1815.131
1040.702 1714.167
1191.401 1649.852
1127.863 1797.331
1203.510 1849.890
1005.021 1591.285
939.118 1626.506
1119.526 1687.075
1153.104 1827.967
1042.223 1706.635
1157.938 1619.563
950.568 1650.588
1097.070 1849.616
1013.057 1609.891
1063.100 1780.305
1095.095 1640.714
959.172 1743.593
962.697 1841.164
990.002 1852.646
943.435 1758.057
1115.409 1746.190
1187.959 1677.492
946.117 1758.904
1055.734 1582.357
1131.823 1621.028
974.449 1819.061
967.109 1699.411
1122.693 1751.305
1009.014 1619.479
1002.051 1719.356
1096.209 1615.425
1147.708 1742.446
1210.459 1785.921
1077.787 1699.155
1102.515 1820.455
1109.131 1760.498
1171.595 1596.352
1010.567 1776.310
969.566 1732.139
1039.679 1751.464
1149.909 1611.840
1028.749 1660.625
973.182 1724.681
1022.041 1690.890
1184.594 1806.673
1067.928 1708.930
959.998 1787.244
973.424 1743.388
1037.084 1673.306
946.259 1720.894
1143.372 1613.616
1175.914 1596.555
1119.501 1786.191
1163.363 1773.046
1094.600 1832.648
1199.653 1605.612
1070.918 1749.344
1097.082 1758.681
1182.438 1626.292
1021.712 1798.751
1122.021 1784.279
1092.573 1781.706
1082.322 1769.869
1204.460 1596.917
961.439 1778.822
1075.452 1634.245
1025.992 1583.334
1136.275 1769.085
1115.143 1818.621
1173.717 1625.098
1179.252 1676.600
1026.915 1666.398
1208.605 1803.074
1084.496 1657.675
1055.462 1607.281
1187.241 1743.749
1007.238 1731.347
1018.836 1737.930
1040.320 1854.687
1111.316 1707.252
994.815 1643.214
1101.139 1642.235
1029.755 1854.507
1014.898 1745.803
966.954 1635.087
1067.340 1630.964
1085.474 1709.799
1168.558 1728.991
1101.147 1714.921
1112.923 1794.263
936.015 1763.858
1184.635 1754.482
1168.752 1579.317
1081.689 1663.589
1029.594 1634.474
1095.077 1781.724
1172.879 1798.097
969.263 1693.564
1076.752 1855.617
1169.089 1714.922
939.242 1695.616
1210.193 1799.587
1096.603 1749.153
1052.670 1799.396
1121.209 1808.954
1098.088 1838.759
1091.953 1683.225
1195.573 1747.917
1016.364 1777.656
1086.393 1709.162
978.676 1746.042
1121.045 1596.770
977.265 1619.752
1135.021 1618.742
1088.503 1773.600
1000.286 1689.665
970.774 1724.358
1194.072 1672.951
944.369 1644.478
1113.761 1744.568
941.764 1822.294
1178.947 1820.342
1150.774 1694.986
1020.024 1594.333
1138.964 1649.048
1201.100 1604.699
1099.637 1836.353
1201.682 1634.853
1163.896 1655.753
1109.779 1690.712
1137.960 1587.618
1164.427 1726.527
1148.831 1589.274
1009.445 1614.679
1158.704 1626.775
1199.451 1702.464
974.686 1767.440
938.324 1845.684
1045.956 1787.387
962.772 1645.749
1141.011 1653.101
1203.134 1810.631
1129.955 1696.816
1147.147 1636.541
1048.172 1606.711
975.946 1656.611
1170.817 1718.546
1120.741 1803.916
1043.728 1736.170
1116.124 1604.513
1069.276 1713.798
1124.421 1686.797
1010.538 1584.299
1115.425 1591.992
1039.720 1774.891
1198.030 1643.299
1166.102 1810.135
1039.998 1790.007
988.623 1796.243
1119.816 1643.121
1043.608 1793.236
1103.925 1586.681
1063.067 1821.434
1089.365 1760.912
961.835 1674.883
1083.339 1750.819
1032.502 1777.669
1184.942 1770.957
973.440 1792.088
977.091 1716.303
1088.825 1602.096
984.969 1703.000
957.597 1751.151
1020.010 1737.380
997.680 1722.342
1089.531 1637.312
1181.013 1778.587
1009.267 1777.521
1200.464 1595.850
1183.102 1591.126
1156.372 1605.797
1090.210 1768.775
1190.578 1844.324
974.363 1696.469
1186.870 1814.160
985.093 1649.293
968.057 1736.125
985.007 1661.686
1199.993 1680.111
1016.233 1612.689
948.352 1753.423
1036.476 1676.003
1121.160 1797.645
1001.066 1743.526
1149.446 1674.599
1182.805 1593.681
999.866 1766.160
1004.547 1815.621
966.181 1628.802
976.668 1799.467
1145.203 1670.203
1058.440 1633.841
1127.216 1615.042
1033.029 1608.236
941.763 1657.878
983.968 1682.733
1205.111 1743.280
1114.360 1832.023
1117.264 1660.249
958.970 1855.504
1053.768 1610.458
1041.682 1601.781
996.504 1837.723
1148.006 1676.818
1078.126 1770.644
1207.935 1739.140
1104.885 1812.084
1197.077 1647.414
1172.108 1787.111
1207.866 1849.818
1011.902 1618.378
935.490 1812.220
1073.488 1825.050
1167.072 1671.530
972.231 1654.323
1068.413 1702.435
996.477 1629.902
964.770 1645.824
973.909 1620.741
935.241 1662.335
944.477 1786.764
1063.315 1823.612
1137.883 1668.187
1125.614 1781.932
1095.872 1684.037
1190.767 1653.224
1073.959 1717.753
976.939 1722.181
1117.966 1660.801
1017.427 1819.989
1100.729 1800.531
935.534 1594.384
1007.962 1817.933
1132.939 1849.266
1072.728 1626.772
1059.238 1692.955
1098.948 1799.972
1066.050 1600.172
1098.121 1766.339
935.115 1629.460
1168.024 1784.011
1031.161 1657.381
990.841 1581.288
1178.625 1746.512
987.992 1843.045
1140.660 1788.961
1049.241 1690.494
1025.377 1640.702
952.825 1744.571
1146.707 1729.583
1140.024 1615.543
1093.810 1823.160
1049.857 1740.968
970.742 1602.514
1036.102 1770.661
1163.836 1734.743
1060.393 1624.130
961.724 1769.041
934.843 1745.908
1011.180 1764.473
1128.287 1747.621
1138.325 1643.677
1098.527 1678.944
977.182 1784.246
937.863 1824.836
1121.455 1761.492
1151.411 1639.064
1160.524 1674.763
1127.493 1795.559
1124.709 1842.823
1121.037 1755.661
1169.962 1849.710
937.795 1849.284
1109.277 1784.661
1080.434 1744.393
1042.849 1743.049
958.129 1700.544
966.688 1824.061
1050.582 1845.063
1101.821 1656.634
946.250 1713.677
1035.925 1659.196
1072.461 1762.334
1153.701 1755.830
1063.902 1841.944
1202.661 1617.809
1141.987 1696.173
1164.276 1686.211
1056.725 1827.510
1017.465 1591.887
1172.123 1800.003
937.343 1810.385
1075.801 1648.260
1063.432 1666.180
1104.805 1828.351
1015.353 1579.849
1009.507 1700.331
1028.642 1732.673
1068.496 1808.248
947.079 1621.502
940.621 1671.949
994.288 1595.800
1195.147 1712.790
988.314 1774.572
1088.630 1722.875
1176.078 1606.321
1107.235 1785.321
1152.995 1793.487
948.225 1834.572
1152.252 1687.974
958.479 1599.463
1023.087 1737.362
1173.887 1832.614
1067.833 803.879
953.172 825.205
1114.731 863.771
1042.372 784.984
896.985 950.825
1086.804 811.101
1068.194 873.908
910.563 816.720
843.808 833.080
1010.524 825.806
1100.782 693.936
947.770 917.195
1109.466 886.189
921.564 877.755
1050.776 764.327
1099.038 718.180
998.108 726.623
869.834 920.986
1091.913 770.149
1037.514 815.908
882.901 716.670
1118.026 775.059
909.395 787.507
1095.190 925.775
875.843 960.687
864.569 921.486
886.189 869.214
861.589 742.971
887.110 722.003
1054.606 905.380
843.950 760.838
985.319 945.380
895.154 763.152
968.303 779.351
953.834 737.757
867.539 772.005
1044.206 761.874
1118.639 689.751
1108.727 700.407
1048.467 892.540
902.787 741.781
987.062 846.259
1101.046 797.732
1118.263 884.435
999.873 896.036
863.024 752.162
898.873 944.545
1012.197 878.289
974.568 847.516
865.699 912.823
886.408 755.409
1068.813 904.611
919.609 950.913
972.886 730.759
962.505 937.167
1065.025 860.432
1077.813 816.834
892.301 873.933
1119.414 781.764
902.739 713.403
975.894 694.043
1024.568 902.359
1007.546 854.812
960.157 823.530
967.803 835.496
942.132 780.924
869.108 852.877
861.945 711.170
1055.825 860.541
877.081 767.862
1069.078 911.973
1011.171 931.802
1033.513 808.794
851.859 820.548
1005.814 871.591
889.868 880.297
943.336 857.131
909.402 921.497
1108.877 918.042
975.351 818.929
868.208 905.090
927.752 692.400
1096.258 866.701
978.780 930.824
1067.048 707.785
919.788 851.418
940.447 766.754
887.809 938.583
1046.257 881.133
880.487 842.049
929.449 717.863
1030.725 870.350
866.956 768.027
955.663 822.870
1030.513 917.308
1096.016 825.593
1106.000 732.544
938.314 764.080
877.119 783.110
1015.026 891.306
926.848 898.755
1111.965 871.511
1100.836 710.721
1075.781 864.947
927.181 926.158
1097.853 858.606
879.432 797.460
918.865 796.154
941.473 789.009
966.424 836.757
888.856 891.220
1066.575 866.718
956.372 866.750
1035.127 811.058
857.405 961.937
864.743 948.947
975.510 847.074
902.312 795.524
888.743 931.987
1025.319 691.078
948.273 746.543
1057.208 913.049
1004.398 825.095
882.469 874.989
1047.760 803.472
1117.826 947.439
847.298 760.339
958.367 716.026
991.282 953.400
888.006 960.615
1086.281 857.707
1101.132 955.210
929.639 964.628
1013.264 750.287
873.353 703.076
851.212 922.510
863.909 860.348
1032.564 866.661
1002.074 961.477
1063.104 808.132
949.207 778.874
1085.736 791.870
946.045 884.681
941.864 765.315
946.386 694.386
925.932 794.612
934.340 730.403
947.823 737.395
975.980 762.959
1076.444 737.559
1057.696 901.127
997.346 790.148
1032.861 938.299
1015.850 844.924
982.454 876.142
1064.713 866.784
1066.747 772.217
1022.494 811.078
1106.852 783.548
905.992 787.069
904.739 845.261
1057.841 796.611
1023.812 733.107
1057.011 883.661
1023.617 947.852
1101.763 706.037
996.074 722.142
1045.705 812.225
950.434 883.857
904.900 693.487
1087.187 866.659
877.702 783.641
867.303 910.912
965.807 928.411
1085.456 853.895
1083.729 895.048
1016.599 879.254
1039.090 852.642
996.084 700.703
903.816 702.318
905.549 938.006
1041.103 728.774
944.447 951.314
902.314 753.924
974.412 812.532
1039.324 743.638
1080.341 857.687
909.905 742.230
893.356 746.920
1055.473 884.168
866.541 889.283
846.531 938.160
1094.292 914.024
860.503 773.366
1118.095 735.875
913.297 784.608
939.666 769.443
1031.880 848.407
1117.005 747.644
1013.730 827.300
982.653 835.075
1108.081 792.177
1121.146 715.927
1074.319 755.024
1007.669 799.315
1065.969 937.101
854.714 718.627
1043.253 773.160
1069.360 714.632
1034.865 875.654
1022.924 915.467
846.394 899.631
1042.271 835.127
976.003 949.629
1101.788 908.361
1094.942 747.424
1069.816 781.473
1120.824 756.878
1025.472 760.003
1049.338 821.904
1096.550 744.894
938.324 764.811
1088.961 757.275
1084.077 902.476
941.248 912.268
968.233 843.054
1014.380 794.083
984.139 797.064
916.019 855.314
929.322 803.144
1116.141 880.222
947.007 800.049
1019.487 739.317
887.585 860.319
1049.919 707.491
999.740 689.461
1004.592 827.145
1048.742 720.673
845.177 752.137
953.241 754.137
925.323 740.029
998.810 880.303
885.424 950.652
868.854 750.058
1014.691 946.768
846.904 902.095
987.868 710.394
1055.492 873.879
870.550 930.821
1057.030 941.366
1106.097 700.774
1062.182 815.087
888.202 728.409
1082.518 909.380
1074.866 920.107
929.126 790.399
1101.371 736.698
966.931 797.569
908.731 901.751
1074.623 696.663
1050.415 930.241
851.589 818.420
1059.330 787.206
1119.187 811.581
885.189 713.838
859.080 955.009
937.907 749.117
875.720 838.973
1066.303 890.719
994.563 859.752
997.398 959.995
1018.483 871.159
974.437 881.291
899.164 761.941
883.983 847.609
965.493 861.110
1049.198 868.248
848.206 714.323
943.881 781.859
959.227 937.432
1089.676 858.564
928.292 959.892
863.305 896.422
1037.639 803.942
1028.623 882.218
1040.698 942.749
902.874 730.380
1031.444 747.553
985.337 832.038
885.662 845.074
880.278 705.091
1037.560 925.998
897.164 729.587
926.072 740.932
1014.794 746.446
1035.431 849.443
1091.072 868.988
1014.010 928.411
924.548 699.239
1003.469 811.919
891.440 716.289
858.890 848.159
1095.867 712.297
844.906 940.633
865.914 707.304
1065.161 756.824
1082.449 711.072
900.169 836.678
931.562 760.515
934.979 835.020
913.567 699.241
854.066 834.330
874.942 792.537
862.569 945.437
1028.275 959.791
884.296 870.050
929.838 751.320
956.282 695.869
973.445 855.689
934.730 836.050
961.700 959.900
985.993 775.631
873.785 725.968
901.061 920.928
869.721 935.198
1106.306 701.607
1080.877 950.868
855.384 850.570
879.202 964.633
1114.247 782.555
945.893 729.051
966.511 849.603
991.363 930.692
990.710 747.263
892.039 793.374
882.109 851.219
858.977 855.216
950.153 714.574
1013.312 780.981
856.044 901.816
893.336 846.070
970.385 698.583
1047.346 846.464
920.314 938.233
901.901 699.883
1072.278 929.989
888.736 701.847
964.088 964.270
1049.283 760.109
1028.533 940.709
1030.894 779.677
879.952 908.923
973.328 725.981
1060.819 756.707
959.168 911.825
1000.876 853.302
965.542 966.247
947.102 710.676
913.069 934.322
1091.798 877.112
1000.435 854.904
959.847 748.985
1080.206 934.217
921.719 818.450
1073.709 740.107
899.929 738.927
1065.280 900.568
1005.961 908.034
961.686 703.937
919.624 959.761
931.483 704.600
1070.992 831.796
1005.094 694.079
847.026 802.094
978.909 944.541
869.574 857.989
924.508 940.205
1045.905 692.868
1091.261 737.678
1066.485 856.239
902.014 773.930
1095.918 913.116
1007.324 921.061
1023.228 953.555
1065.894 844.767
960.291 850.726
1014.695 723.583
1002.201 878.682
961.113 893.869
870.079 707.634
1041.647 708.499
856.624 693.185
1098.238 732.516
920.526 952.666
873.352 943.049
845.287 937.224
861.260 924.921
927.890 809.982
1007.030 825.629
1097.932 839.300
1081.978 903.013
1105.831 902.539
1006.093 952.456
1109.303 803.747
881.316 835.800
1096.134 736.790
935.198 931.315
922.342 877.481
991.678 896.789
1039.340 946.933
881.365 801.376
967.345 744.424
1056.053 927.973
1011.056 711.830
1109.501 721.293
852.964 773.448
890.401 888.661
952.519 760.933
854.763 835.920
864.884 897.144
1060.969 796.321
954.030 797.035
1093.260 847.137
1072.443 862.831
990.547 886.700
863.274 817.166
1072.550 721.854
1065.678 929.534
884.826 724.425
969.441 903.120
873.443 738.000
981.536 740.968
1091.391 729.442
1041.363 714.648
1117.517 771.414
893.095 845.773
1019.943 955.795
1047.777 693.419
1086.187 688.914
1063.085 800.449
1043.110 941.556
983.499 704.240
938.123 917.849
1118.874 913.323
895.050 944.975
1076.714 874.985
965.705 941.177
1022.406 872.396
1065.121 884.646
852.889 925.968
911.121 781.790
1054.243 857.813
973.255 810.878
909.092 896.380
921.854 880.924
994.039 872.417
1028.778 829.032
1054.897 816.618
987.938 731.391
996.712 731.007
1037.795 726.847
1034.150 763.195
927.960 898.560
988.528 867.541
1022.033 770.345
1119.985 933.477
979.354 961.852
1034.296 911.303
1028.360 902.635
1058.369 883.839
1091.954 848.238
1012.783 864.378
1043.042 849.705
1007.622 921.241
1066.340 739.717
849.298 845.685
1051.341 885.201
863.570 869.966
996.169 704.361
944.144 918.253
1021.201 911.797
910.008 820.461
855.097 821.875
847.063 961.664
953.914 822.882
887.641 960.028
918.685 723.993
1038.453 745.559
1098.160 703.772
1073.470 855.418
1070.521 873.054
974.653 831.487
926.321 812.257
1102.129 690.292
898.635 692.101
976.787 835.951
972.910 833.873
919.743 775.143
1112.468 765.223
850.180 737.146
1051.977 821.015
1036.953 949.300
870.891 845.461
936.311 910.871
999.093 831.642
1076.957 719.371
851.666 828.572
1099.237 843.416
1032.623 801.306
1006.282 943.267
912.491 861.857
1034.337 702.690
960.106 833.339
852.558 828.922
1106.341 801.847
1093.655 786.954
974.015 859.663
984.803 746.699
870.285 718.549
983.392 792.413
888.870 708.120
944.300 881.702
883.225 932.494
870.113 954.045
1049.645 833.779
1093.185 909.337
943.522 893.672
909.364 872.033
932.152 792.828
1020.542 869.061
917.593 721.387
1121.389 698.074
878.550 798.457
1031.800 944.742
969.612 699.456
900.557 711.664
986.178 902.097
858.078 930.700
1011.304 934.423
906.077 851.175
890.268 964.413
938.692 824.111
1060.035 947.632
1005.074 948.138
1061.229 727.819
1031.038 906.574
1032.659 874.390
1116.602 817.194
1003.257 916.446
904.785 913.387
850.572 955.316
987.073 905.636
893.597 907.579
1076.072 944.059
955.172 783.295
1084.255 831.886
931.945 806.568
1059.700 781.791
937.096 817.587
843.906 804.452
947.743 914.504
966.127 761.569
1090.119 950.697
939.262 873.394
962.807 812.832
877.171 882.468
866.795 832.446
999.303 867.609
893.513 921.381
851.584 875.575
958.656 878.495
977.711 901.084
1064.070 898.073
881.679 814.146
977.271 757.494
1089.630 729.554
877.958 867.185
988.964 816.512
952.712 722.313
918.338 778.794
934.733 807.726
993.361 961.145
964.389 965.844
1088.503 948.906
978.286 858.285
1113.981 742.475
963.498 895.340
954.342 792.126
963.915 853.346
961.393 770.011
1010.531 752.667
922.968 886.486
969.056 781.334
1018.263 911.854
853.817 785.265
1038.993 819.494
992.781 899.527
895.191 956.187
948.407 736.517
1053.900 752.531
1075.603 709.281
938.745 900.362
1025.742 933.528
999.443 816.118
862.114 826.231
1092.695 726.933
965.526 841.827
1093.780 912.609
854.349 916.332
1077.622 816.448
923.769 745.901
953.439 735.803
1107.590 713.681
889.162 872.336
888.956 718.923
948.078 713.247
948.660 870.133
1086.667 693.371
963.017 917.634
923.732 780.396
1006.562 740.857
994.289 700.555
1092.983 887.173
1095.294 936.417
1008.715 907.676
1023.997 761.872
1072.059 706.761
855.272 846.926
1091.346 789.930
884.713 867.609
950.462 852.748
855.355 863.782
1022.438 889.962
850.541 751.264
986.727 714.429
919.349 953.594
1067.811 890.040
1106.756 861.125
1097.876 803.782
1115.678 886.689
1085.949 762.604
1107.134 768.878
1118.572 876.648
915.429 857.470
1015.561 799.996
967.028 891.670
959.825 874.897
970.605 950.614
1112.051 801.724
1023.175 779.053
967.698 903.299
1013.997 763.027
994.602 717.800
1081.094 882.819
893.797 943.323
845.689 924.392
892.977 830.747
1067.431 820.667
1082.474 960.389
1094.332 964.935
953.820 955.430
897.382 944.402
1103.476 911.556
950.231 835.092
1041.926 906.251
921.446 828.529
1095.962 710.672
976.167 842.810
1117.196 815.902
857.203 953.090
891.306 800.928
1050.796 738.422
1056.986 730.823
1117.015 800.452
1059.991 783.626
903.091 906.730
986.065 823.389
907.152 823.555
1047.908 888.304
1067.894 816.792
1036.953 938.561
875.113 795.126
1115.391 733.747
1092.183 948.093
949.650 748.516
898.218 796.329
1063.384 918.574
854.309 887.198
948.090 721.973
1094.611 909.611
1028.363 724.862
1118.550 825.873
1059.883 885.690
1054.749 865.399
930.640 838.613
877.876 748.757
1019.706 924.364
932.292 959.279
1031.219 699.512
1118.960 790.089
1080.714 892.246
983.807 781.668
1023.882 799.475
886.468 852.445
897.414 850.824
905.797 784.072
895.709 849.701
940.256 741.754
1058.848 775.194
1079.363 870.199
935.802 919.594
1116.179 754.298
1008.138 874.963
858.638 863.166
1092.996 860.013
1119.127 948.106
1115.783 906.665
958.225 764.771
1024.440 883.712
1057.199 934.616
948.180 720.460
873.520 729.601
1028.717 706.585
1000.137 827.037
990.290 913.427
890.654 843.722
1064.605 950.969
913.984 846.985
999.734 901.502
954.160 691.466
1010.557 814.349
1017.736 733.350
912.950 689.817
998.145 917.874
1025.881 920.146
886.961 930.233
1082.812 945.017
977.493 959.516
987.720 912.486
910.860 823.450
1057.721 941.256
1109.117 816.037
1058.969 776.226
856.275 913.870
886.812 761.675
1053.177 912.507
1087.077 819.085
1063.436 910.507
1108.620 860.215
923.776 961.614
1050.235 916.599
895.540 858.847
979.200 689.108
1002.893 798.195
973.096 883.969
1107.232 770.326
912.413 860.158
1096.592 863.139
1016.933 711.975
1104.103 869.574
928.676 780.535
1036.447 848.709
942.688 885.357
858.227 808.199
986.634 919.412
932.561 734.997
1057.361 739.856
936.194 873.455
1085.964 923.891
874.922 831.437
1033.663 931.679
900.287 858.746
1049.020 819.457
926.777 752.935
929.309 916.048
845.477 807.162
862.860 824.988
1034.884 883.075
844.099 913.019
902.792 836.521
1046.075 905.192
1041.685 741.306
877.003 796.502
912.648 834.433
1051.962 879.667
912.199 908.783
1108.304 951.541
872.374 821.717
964.866 882.555
1007.993 800.451
926.540 861.080
1102.958 823.348
996.035 732.462
1055.214 866.519
931.855 753.104
904.323 862.078
1072.219 731.154
901.022 938.497
973.589 786.697
935.565 716.254
1013.572 715.219
1002.651 876.983
988.850 941.166
938.234 785.591
871.800 847.940
926.140 702.797
857.886 964.935
963.595 932.490
1030.612 910.354
932.940 696.518
983.075 872.209
1057.848 847.797
844.349 935.820
938.326 804.569
963.738 739.166
1113.092 889.593
1112.445 861.120
890.063 921.249
998.235 886.272
881.379 689.894
1037.295 833.557
991.847 958.458
1035.117 764.132
1065.144 736.731
906.732 945.403
1117.080 924.627
1089.294 808.636
1101.223 772.935
848.409 930.273
1002.781 954.882
950.996 728.676
903.412 738.549
1098.213 733.223
985.858 899.149
1083.946 876.337
872.199 772.828
890.268 890.707
1067.381 914.326
1079.154 911.375
973.289 763.924
1121.415 886.484
918.331 751.998
873.126 890.674
1016.904 801.321
1023.039 801.773
978.997 736.544
903.977 705.724
848.039 818.056
894.583 893.664
971.126 707.117
925.502 708.572
1039.888 875.203
920.397 689.547
1029.237 922.090
1054.535 891.420
865.497 875.195
1060.250 740.433
1004.682 943.021
1100.544 896.884
856.335 847.938
965.386 941.271
970.982 852.951
922.552 956.559
935.160 835.766
930.738 790.621
998.607 693.803
1056.740 845.814
1007.195 721.531
936.959 842.449
956.027 757.616
898.264 956.440
1001.805 812.317
846.360 919.040
855.503 877.857
998.022 864.528
883.600 953.382
975.706 823.650
870.143 828.470
1061.600 831.835
868.800 931.480
859.158 937.989
1067.503 842.273
992.983 690.370
996.978 923.152
1015.460 866.305
890.234 820.145
1089.617 883.149
958.062 769.003
1006.631 894.765
875.813 789.635
965.303 843.035
995.853 695.643
1020.256 714.449
1115.552 804.784
872.674 779.116
916.153 758.664
914.583 963.592
1093.361 898.220
1040.498 855.134
846.424 886.186
1066.455 826.774
1117.308 870.799
1046.983 806.853
1057.935 778.293
898.575 756.078
876.812 790.266
1069.435 940.153
1082.459 957.197
1116.237 804.704
871.283 957.101
977.275 777.253
977.878 896.290
1099.072 858.288
1008.892 897.419
1082.857 864.135
857.131 834.241
891.974 702.185
948.216 853.005
851.768 732.982
1039.875 700.839
1025.851 694.812
1040.222 936.402
947.312 816.906
852.167 865.481
899.886 941.141
1040.991 943.897
867.979 699.375
875.992 700.761
978.093 853.540
1091.602 690.122
879.975 890.173
1044.725 705.511
966.252 783.263
995.759 857.627
1074.334 938.321
1095.370 863.746
951.008 698.829
1062.725 962.668
1119.546 949.229
845.092 859.747
907.592 844.079
980.333 897.278
1056.516 912.069
1069.184 723.816
1066.289 884.432
871.227 933.162
1064.631 919.566
866.687 706.304
864.816 882.812
881.691 765.211
991.124 716.967
959.622 706.339
913.685 837.995
1068.383 833.385
975.992 826.121
927.459 881.136
941.078 840.197
857.649 899.409
986.907 728.993
854.422 893.086
901.296 723.327
871.256 701.087
1058.589 731.166
1048.884 814.071
1034.925 903.926
996.827 748.036
954.969 762.499
974.805 839.243
904.222 711.708
888.825 693.803
909.634 839.962
1008.763 818.263
933.639 836.619
876.489 879.865
919.270 763.174
918.236 940.479
877.578 720.244
984.138 874.060
1065.814 817.662
1068.875 716.832
1003.523 697.612
949.795 878.797
969.505 929.953
1097.629 807.061
852.142 866.581
916.418 891.839
850.500 864.579
1032.081 819.312
991.705 920.869
896.540 826.397
877.139 828.465
1083.102 694.766
1079.044 830.994
1074.244 958.198
1039.877 732.250
1088.796 814.230
1057.020 723.354
862.530 933.001
1057.115 959.776
982.033 724.123
910.447 758.375
980.076 901.384
1067.697 930.475
870.858 813.061
904.998 936.555
1021.908 927.518
907.889 920.862
876.650 860.710
853.512 722.625
1076.610 848.596
922.399 835.935
1001.439 799.019
903.816 874.025
861.614 868.243
951.637 693.371
966.453 863.449
947.740 933.672
982.432 795.622
1060.752 910.648
1055.284 742.415
1025.883 771.651
932.723 723.182
1119.616 751.865
928.237 811.111
1016.992 791.811
1032.415 865.081
845.202 953.180
901.773 738.274
1020.291 772.393
1027.315 898.446
957.106 872.852
899.688 701.300
1071.102 917.188
960.693 900.024
918.577 815.125
903.232 805.018
1066.250 858.337
999.645 961.561
871.691 699.278
1107.132 876.561
998.856 936.067
939.220 858.284
975.470 922.638
983.799 878.434
935.713 769.375
1015.719 776.131
853.150 894.457
916.416 907.193
1118.541 818.346
1024.900 957.038
1096.049 915.165
896.759 925.220
1048.887 876.373
968.473 843.243
944.260 892.704
1102.824 922.869
1023.349 737.787
1095.150 717.029
976.242 804.797
952.820 771.812
1025.457 711.522
1096.970 748.718
1074.684 838.207
1041.572 823.917
1119.068 831.424
979.003 776.223
1031.630 823.268
883.710 739.654
1066.960 868.225
949.978 799.417
1074.864 747.994
969.716 715.718
1086.517 917.709
1064.316 725.482
998.643 795.128
1002.191 841.273
919.621 816.421
989.233 763.213
934.815 922.463
938.365 850.134
1046.908 797.891
889.893 741.099
1103.428 904.206
957.317 876.615
1061.754 827.493
1068.551 882.575
1067.745 885.785
901.120 905.147
939.508 783.656
939.789 846.260
866.229 940.975
934.275 749.652
936.314 811.324
938.452 735.407
967.075 768.550
1072.985 958.652
894.695 744.784
1046.772 742.835
846.262 764.506
894.520 932.378
894.612 810.554
1010.280 724.200
971.412 786.509
1058.308 785.324
928.045 794.391
852.030 822.325
881.118 882.194
1069.906 957.186
983.730 697.075
1099.448 779.280
875.974 927.371
982.354 855.143
952.587 719.871
1114.281 905.504
958.962 891.577
919.452 690.334
1020.014 742.037
1018.119 936.760
1073.198 717.200
1083.102 950.285
987.084 903.535
863.021 891.908
892.993 901.079
989.660 825.993
872.727 744.637
1060.251 787.045
1115.978 833.012
1088.647 825.111
1106.019 935.050
1046.158 839.050
939.915 821.178
862.450 957.860
1002.729 947.212
861.605 799.410
963.484 786.095
848.283 963.027
984.104 938.571
1109.730 792.107
959.144 894.206
970.638 779.949
1002.668 862.928
908.190 714.237
1009.395 755.040
900.399 813.910
1062.218 688.678
1063.300 711.641
1029.709 912.784
1075.539 709.850
1092.277 831.265
870.578 854.952
1023.464 787.439
1096.997 931.917
1114.535 836.716
1097.256 892.670
975.086 905.560
894.094 832.432
861.894 830.564
892.928 930.567
1057.772 871.961
1087.277 853.226
865.943 713.441
1038.816 871.760
1039.680 717.789
857.149 901.517
871.651 842.462
1073.704 708.950
932.560 932.161
1023.182 924.462
917.315 895.620
1082.607 848.542
906.806 778.894
902.273 814.291
850.166 711.753
888.700 785.523
989.626 872.762
1048.787 894.497
959.634 769.649
1007.626 831.111
1054.935 779.224
935.728 749.192
1033.879 954.307
907.670 756.136
1031.525 750.935
1107.646 813.528
991.002 945.029
901.508 956.284
1089.125 698.147
960.901 886.203
949.238 849.234
918.516 902.430
1016.982 878.536
926.091 871.136
949.480 829.110
999.134 842.154
1054.163 764.295
972.925 719.057
910.636 872.035
1035.042 771.672
873.427 909.350
950.301 747.967
860.432 923.603
1021.420 742.926
845.156 798.630
948.123 724.570
906.549 802.340
1042.201 690.789
871.684 838.898
1038.612 813.788
1018.792 927.345
1039.628 888.783
890.262 829.099
925.458 801.771
1093.109 755.184
992.609 836.817
989.352 729.076
934.818 746.654
901.193 719.164
955.746 931.533
1109.405 923.778
857.907 871.340
1073.291 782.392
920.911 922.091
1007.937 951.013
978.457 784.938
1013.334 871.227
878.412 696.290
1071.820 831.106
915.653 951.202
1022.412 855.659
940.801 933.706
1016.791 908.197
956.638 757.361
959.802 773.964
959.575 739.936
934.988 817.913
845.474 743.811
921.922 730.814
910.683 924.587
913.565 913.301
896.962 864.178
872.358 962.853
907.898 757.769
1056.703 806.227
990.564 885.338
991.649 761.570
1065.657 951.386
937.763 760.114
1061.909 937.774
883.418 693.814
1079.552 730.301
1026.842 928.853
1072.790 726.562
892.475 708.833
860.955 767.082
986.258 938.708
955.471 962.338
1094.025 798.304
1083.958 888.087
1037.530 724.033
1117.994 947.121
1011.805 825.688
1102.195 802.150
1106.168 852.716
895.891 764.490
856.261 731.209
926.438 912.945
892.852 837.225
890.181 958.674
1074.194 725.844
951.593 922.290
940.975 863.029
907.254 907.765
904.632 754.447
1077.176 945.448
1049.361 854.804
1054.332 718.560
955.009 695.081
1099.264 887.644
924.037 808.783
940.643 798.793
1108.206 964.913
968.175 770.125
1117.599 819.090
871.897 958.842
1106.122 877.547
945.615 788.459
894.692 896.278
1087.183 694.377
870.835 962.312
1065.895 719.924
1005.065 714.781
908.253 724.968
1098.788 751.508
945.445 713.387
942.385 883.567
859.402 805.356
917.910 865.368
873.161 958.422
1092.322 949.537
863.045 715.693
876.038 731.593
1000.229 815.994
871.463 937.960
1103.517 724.165
895.021 732.728
1094.491 704.196
894.181 737.439
972.711 781.649
1062.088 757.944
1056.837 714.529
1063.818 688.902
968.193 886.634
1038.202 859.864
880.480 844.959
1082.171 786.454
857.998 894.439
1088.026 869.334
921.502 865.856
989.297 820.146
1003.660 955.154
1027.658 741.709
909.248 954.582
1079.761 925.413
945.451 821.162
1112.835 893.703
1115.018 707.439
920.349 724.942
918.139 901.914
853.315 733.303
955.305 703.640
846.665 881.175
964.780 845.147
1055.640 883.999
1008.983 872.178
1059.238 788.430
1101.904 762.770
995.680 924.498
1040.872 938.281
1095.908 787.491
1023.496 832.575
878.734 712.984
1116.742 732.936
844.148 715.759
889.045 775.856
983.054 710.268
1029.528 695.087
930.019 728.019
1024.429 929.496
1108.635 803.993
995.959 845.097
993.714 785.566
879.441 826.155
949.696 691.101
1095.459 840.824
1077.426 707.548
933.092 788.068
922.284 803.644
1048.636 903.321
1000.696 776.452
952.536 698.067
1090.067 785.876
1037.366 787.196
848.948 712.112
1081.777 962.385
1068.141 778.689
925.755 887.330
907.181 946.537
1010.249 903.910
1092.275 898.911
1105.794 940.432
967.043 748.575
957.205 789.551
1115.482 891.083
887.210 962.022
1024.221 844.150
981.126 796.388
947.373 948.929
945.847 797.314
1017.061 947.399
869.291 776.179
870.166 839.836
1005.667 946.118
1077.145 758.949
854.056 782.951
1117.054 922.320
1085.218 735.218
