500 2
125.000 125.000
162.694 145.356
182.172 121.751
160.768 140.370
162.564 131.662
178.201 121.139
186.288 132.729
181.648 136.069
168.100 122.923
185.107 143.045
171.833 134.379
162.554 125.839
185.660 137.136
177.083 130.653
177.440 132.534
164.493 133.004
169.090 147.766
170.119 121.973
175.548 130.835
181.339 130.376
162.025 126.156
179.703 138.807
180.872 138.054
184.923 128.192
172.904 140.824
186.136 147.969
182.930 132.278
163.474 128.475
179.236 123.113
186.509 132.318
180.118 125.942
172.097 138.288
169.970 133.337
185.618 131.068
169.258 124.757
162.837 132.924
161.487 128.023
169.345 147.334
180.190 145.364
167.595 137.260
167.521 147.504
185.217 136.981
185.850 134.031
183.902 138.141
167.707 120.720
163.192 130.000
182.525 130.071
171.103 138.498
163.645 120.892
181.104 142.974
168.638 137.885
165.137 133.110
185.477 129.997
161.188 131.559
181.509 128.969
181.479 129.421
170.273 121.429
178.951 129.016
184.839 122.123
175.993 123.452
177.019 146.022
186.778 123.319
166.391 144.534
170.344 135.238
161.399 131.627
181.271 124.252
181.503 134.731
174.113 124.390
183.886 133.487
176.274 143.557
168.052 134.639
173.499 131.154
167.041 128.089
170.677 121.297
170.271 128.031
178.799 132.990
184.773 134.021
164.638 135.191
175.205 130.293
181.601 144.309
170.429 127.360
175.050 123.487
175.546 122.296
162.508 125.976
182.159 121.618
181.406 139.131
165.453 145.335
175.209 146.011
187.355 140.260
173.167 148.158
185.304 140.947
173.603 141.060
166.950 137.028
168.412 136.456
163.455 147.062
187.691 144.155
174.822 141.739
160.324 142.399
168.050 124.699
162.053 139.428
171.584 146.549
180.209 124.220
174.137 120.484
163.840 141.168
185.406 137.613
183.114 130.118
168.435 142.898
183.248 143.770
171.965 128.330
181.805 120.497
179.236 122.184
175.753 144.335
160.401 137.470
169.489 126.632
176.536 138.246
181.193 131.611
167.600 138.284
182.015 129.043
183.810 127.633
165.308 136.763
166.979 120.625
183.653 127.249
183.017 146.093
179.785 141.015
172.119 134.779
177.614 146.154
171.060 146.773
169.449 124.677
166.079 128.435
166.272 138.614
172.774 147.990
166.903 121.731
166.831 131.265
186.128 135.129
167.480 120.438
160.590 125.981
168.020 138.320
164.189 122.440
180.315 136.771
178.994 132.163
162.070 135.386
166.522 123.522
178.185 144.116
170.985 138.274
182.627 135.532
164.584 134.630
187.215 142.414
164.289 147.597
178.522 146.098
170.082 121.462
161.487 126.490
169.208 140.910
172.167 143.797
161.090 132.558
177.387 135.662
180.918 127.957
166.442 131.617
162.609 140.358
183.750 147.687
177.221 132.875
177.160 138.616
187.086 132.156
163.276 134.206
166.788 145.018
187.548 123.146
166.465 148.022
187.632 142.989
176.013 132.896
184.441 148.043
171.891 143.572
180.089 142.202
167.738 127.742
186.684 132.647
160.871 133.045
162.211 135.036
182.287 121.644
173.403 134.397
162.643 124.573
174.927 137.900
167.697 130.826
177.292 132.301
174.479 145.418
164.051 141.509
171.559 135.977
172.154 121.213
166.867 132.196
187.927 147.974
103.509 180.650
89.848 180.907
92.488 161.528
112.292 163.597
110.178 166.943
111.150 162.058
99.211 174.680
109.033 167.913
91.079 171.225
96.129 157.783
113.814 171.015
109.794 167.743
93.055 182.691
113.062 172.657
110.132 168.386
97.615 182.406
90.691 171.264
96.322 166.710
92.747 160.986
90.983 177.811
87.732 171.367
94.463 157.959
95.208 172.907
93.057 168.764
101.977 166.557
95.655 176.914
94.686 158.560
107.299 179.590
94.569 161.324
88.280 167.708
89.742 179.931
95.829 181.033
97.588 166.574
107.325 178.803
97.946 163.795
92.979 165.169
108.935 171.410
91.814 165.805
103.540 162.123
108.248 166.672
107.409 178.105
96.684 170.083
109.753 170.096
94.831 158.493
100.616 171.990
110.859 157.185
109.877 163.819
115.091 166.068
95.000 159.380
88.473 166.243
113.250 162.680
89.983 179.374
108.058 169.579
88.550 159.908
91.831 182.375
101.618 174.498
89.303 179.858
88.402 178.181
93.448 175.620
94.821 179.916
93.331 157.223
94.113 169.658
90.891 181.769
91.791 163.003
104.117 168.452
94.111 183.029
92.189 163.564
113.483 181.540
89.929 174.030
93.194 175.384
96.008 160.906
108.743 182.413
102.736 158.166
103.081 162.626
90.280 163.950
92.460 182.325
96.995 168.369
109.295 177.889
113.995 177.696
107.985 160.909
87.987 157.414
88.973 169.899
114.417 180.911
110.516 170.495
88.135 177.460
114.334 163.730
106.753 175.728
104.531 165.906
103.148 167.047
91.463 162.665
95.868 156.388
100.692 158.419
95.121 182.605
89.047 155.681
105.512 155.587
88.245 159.980
112.634 158.440
112.113 158.983
89.166 179.108
98.253 174.852
97.209 179.713
111.770 163.694
88.310 168.003
96.254 169.653
115.439 166.823
113.088 175.862
107.352 162.883
108.191 155.981
105.069 174.677
112.504 173.308
112.806 170.611
92.483 159.094
114.884 173.443
92.904 158.855
99.685 172.986
89.495 170.511
107.709 181.757
114.235 166.429
109.447 163.255
93.102 174.309
110.237 159.509
92.007 159.716
112.280 167.346
112.569 156.034
111.419 161.177
111.943 156.291
92.299 179.702
91.117 174.317
98.812 181.347
99.583 176.454
89.245 172.604
109.279 157.542
107.481 175.806
99.310 172.151
93.281 160.730
109.949 164.118
109.537 167.068
101.442 172.766
96.004 166.024
112.679 165.362
99.273 170.338
97.297 163.421
106.941 173.404
107.745 168.027
100.045 70.581
104.462 81.764
103.596 75.369
102.216 90.443
87.337 85.711
104.839 73.327
83.617 79.101
84.160 90.458
99.922 94.779
108.184 79.076
97.115 71.530
102.953 86.699
89.351 97.087
101.869 94.419
86.692 86.355
94.343 75.390
94.833 94.520
94.226 76.249
94.659 89.015
102.048 81.700
93.082 95.536
103.153 96.728
108.470 75.610
107.559 82.583
84.474 82.599
89.319 78.680
94.934 84.765
101.678 93.647
90.979 75.645
87.750 75.384
85.350 73.749
87.254 74.474
94.070 89.107
110.654 72.282
94.291 70.511
106.788 85.569
87.767 79.726
93.667 94.581
100.745 83.551
88.877 80.298
101.950 75.325
97.358 96.977
108.515 95.272
104.731 90.903
92.095 79.978
84.287 73.831
85.309 88.216
96.133 81.574
99.214 72.638
96.419 80.871
100.784 90.451
104.485 90.005
91.232 89.939
104.735 86.391
110.900 86.931
110.198 70.258
90.867 81.181
105.764 95.734
87.563 70.415
86.431 79.804
99.883 81.862
88.254 69.844
92.369 89.395
98.446 95.325
99.107 95.750
100.070 95.966
101.099 72.250
101.455 78.292
98.567 86.447
108.353 75.250
110.694 82.356
99.532 95.968
88.133 77.524
95.023 80.838
93.896 86.697
107.278 94.857
95.402 84.572
91.577 93.880
108.782 77.715
109.966 79.146
85.140 71.736
85.002 78.504
84.987 78.258
91.819 74.772
110.790 74.347
87.427 93.035
95.670 92.116
95.431 77.246
83.671 72.132
104.566 90.210
111.012 88.976
84.083 72.937
101.699 74.878
103.479 93.697
99.941 77.437
110.643 83.428
105.269 76.821
106.294 79.327
97.102 85.015
93.434 93.909
96.394 70.490
102.881 86.882
93.772 88.542
107.899 88.420
90.802 85.526
102.164 91.638
95.923 96.016
89.540 91.712
94.328 86.135
110.127 71.677
94.786 87.897
103.348 82.934
93.218 85.286
105.144 86.380
94.920 73.212
92.639 91.725
110.621 93.952
95.909 88.086
88.245 77.454
94.561 82.407
103.305 87.298
90.062 81.087
100.479 80.354
84.917 74.313
100.512 69.879
98.053 89.573
89.492 81.480
102.598 71.347
86.099 73.247
98.736 78.279
89.512 72.818
92.392 93.089
94.883 95.200
85.148 81.148
105.851 75.239
94.763 77.324
92.477 95.616
100.558 96.543
106.567 80.424
98.692 79.294
84.216 95.949
87.073 80.605
103.302 69.852
95.729 88.353
88.784 83.404
110.900 87.936
102.516 72.118
85.308 78.055
96.408 78.267
110.257 84.779
103.498 72.304
102.479 96.430
100.042 74.736
86.273 71.554
102.536 79.526
98.433 87.877
108.445 92.016
88.072 78.409
92.783 70.936
84.846 83.812
104.871 97.026
90.888 77.900
83.690 77.908
89.868 84.165
87.550 76.499
101.591 88.531
95.769 97.147
102.008 94.347
84.452 77.196
