100 3
10.000 10.000
34.610 32.610
32.091 25.080
39.183 26.379
34.997 33.780
36.877 29.395
33.275 30.336
38.847 27.971
35.264 32.654
35.435 29.778
38.804 32.121
36.150 29.900
40.472 25.953
35.892 25.147
35.182 31.284
37.374 33.451
35.827 30.584
37.554 29.836
32.647 29.910
38.470 27.392
40.201 27.558
35.802 29.200
33.210 33.089
37.402 30.539
36.764 27.249
36.575 26.755
26.830 34.598
31.306 33.928
27.630 36.155
31.586 37.494
31.774 41.810
27.699 41.782
31.249 34.931
29.852 34.072
28.789 37.634
26.299 35.376
24.451 36.165
27.861 39.225
26.839 41.809
31.204 41.413
29.892 34.241
25.144 42.256
32.895 34.757
27.828 39.359
29.450 39.663
27.360 37.627
33.444 35.854
26.747 38.597
26.744 39.156
25.585 40.758
25.624 41.828
31.990 33.017
30.090 33.529
32.013 37.895
28.123 36.039
32.010 35.848
29.320 25.537
24.434 24.021
31.885 22.244
23.019 23.807
28.926 23.106
31.584 23.135
28.422 21.158
22.461 23.806
29.789 24.297
25.579 20.927
31.016 21.725
25.506 19.858
26.430 20.702
26.319 20.996
23.927 20.455
27.334 17.339
31.994 17.628
30.408 24.363
30.271 23.590
29.019 22.480
42.397 37.144
38.476 31.501
38.579 39.094
39.007 33.105
36.822 37.682
35.699 37.169
45.578 31.673
44.524 32.361
35.690 31.648
44.070 31.484
42.362 30.507
35.905 38.288
38.496 38.817
42.454 40.178
42.105 38.208
40.408 37.257
42.659 39.951
37.820 35.191
40.218 30.600
39.555 33.526
38.294 35.536
41.183 31.925
38.896 37.931
42.205 36.380
