5000 7
1250.000 1250.000
1666.439 1300.903
1682.042 1163.084
1880.786 1149.894
1850.427 1264.847
1757.783 1242.419
1856.486 1269.401
1756.796 1237.662
1803.818 1406.897
1801.062 1366.563
1778.592 1259.034
1818.410 1261.756
1881.143 1152.298
1858.337 1273.260
1869.355 1388.384
1688.442 1373.227
1707.663 1200.992
1788.928 1332.019
1866.887 1332.696
1789.539 1171.270
1809.919 1325.269
1731.542 1328.095
1722.487 1155.852
1733.510 1311.257
1715.582 1297.087
1627.681 1179.404
1676.671 1190.826
1610.810 1168.922
1654.917 1404.684
1761.906 1285.731
1811.456 1210.332
1692.285 1392.122
1643.067 1229.055
1729.341 1223.122
1821.848 1404.336
1630.760 1286.674
1617.069 1337.602
1693.825 1313.391
1642.214 1352.163
1684.870 1213.365
1824.578 1186.264
1726.640 1286.543
1765.505 1222.363
1853.255 1153.310
1634.528 1247.876
1878.793 1407.374
1750.154 1322.896
1666.769 1144.381
1752.012 1286.758
1854.255 1329.470
1831.857 1181.449
1760.752 1324.472
1850.407 1403.883
1633.843 1408.692
1768.281 1210.310
1741.462 1168.378
1640.697 1144.360
1814.999 1352.063
1808.319 1208.484
1646.012 1232.162
1740.487 1270.877
1657.253 1238.974
1666.080 1225.964
1720.243 1195.293
1803.444 1262.251
1800.301 1194.303
1800.863 1206.027
1638.441 1334.147
1781.185 1387.796
1782.659 1392.464
1620.155 1170.520
1741.041 1154.728
1673.953 1409.578
1823.489 1240.223
1817.935 1262.832
1733.839 1253.754
1785.912 1286.928
1726.376 1337.489
1794.027 1164.620
1631.085 1157.963
1817.982 1253.764
1739.309 1255.125
1852.716 1244.840
1800.296 1340.167
1769.404 1382.328
1786.966 1218.206
1622.581 1386.626
1716.565 1183.048
1818.189 1192.634
1657.130 1377.203
1706.370 1207.802
1753.059 1318.939
1618.607 1359.736
1671.436 1387.884
1743.275 1258.393
1825.276 1251.756
1773.838 1332.694
1766.112 1413.169
1835.306 1268.142
1806.808 1169.657
1754.996 1342.744
1838.692 1196.803
1861.205 1258.920
1809.563 1383.434
1744.836 1392.780
1821.342 1150.632
1807.730 1285.011
1824.209 1287.203
1881.137 1379.267
1722.576 1349.586
1726.556 1160.682
1647.411 1193.106
1775.237 1306.659
1776.553 1318.665
1702.768 1169.850
1706.025 1287.179
1808.893 1361.654
1611.673 1360.689
1626.423 1387.170
1752.314 1299.959
1801.651 1168.353
1850.967 1356.818
1745.507 1304.595
1641.332 1403.322
1677.890 1379.978
1862.219 1292.074
1816.192 1190.742
1745.677 1306.861
1806.391 1155.175
1833.638 1206.342
1628.860 1365.477
1765.525 1310.396
1637.682 1395.240
1650.611 1237.833
1771.753 1197.289
1750.376 1185.469
1737.548 1421.215
1766.686 1193.223
1638.591 1222.400
1656.641 1403.334
1879.106 1318.775
1695.672 1186.371
1770.694 1238.446
1620.878 1314.828
1769.730 1347.357
1623.730 1336.813
1692.759 1401.048
1625.489 1354.912
1867.784 1327.273
1687.233 1327.566
1620.727 1286.959
1887.021 1176.312
1789.796 1228.002
1818.956 1407.094
1806.548 1360.460
1863.831 1226.513
1690.693 1214.413
1878.982 1245.376
1759.795 1254.557
1634.324 1184.862
1759.886 1166.938
1712.315 1157.262
1854.933 1206.176
1768.106 1363.497
1800.968 1220.322
1706.664 1366.320
1786.212 1321.769
1808.763 1168.944
1847.103 1198.069
1685.921 1202.188
1818.309 1379.256
1776.143 1382.952
1813.441 1308.221
1695.830 1245.320
1617.283 1311.585
1840.775 1412.881
1672.242 1316.487
1840.557 1415.503
1684.796 1359.007
1779.147 1203.275
1820.293 1400.266
1634.730 1287.219
1676.580 1176.401
1863.950 1294.278
1706.040 1364.615
1708.444 1283.772
1802.849 1215.256
1829.505 1413.356
1611.952 1249.259
1707.069 1257.779
1846.810 1309.755
1779.739 1313.062
1756.151 1255.803
1682.130 1410.834
1761.193 1221.269
1691.047 1265.316
1718.330 1174.603
1648.913 1308.733
1674.850 1197.971
1734.251 1361.119
1652.897 1210.565
1694.417 1261.091
1723.640 1357.323
1666.081 1280.085
1729.427 1267.035
1684.683 1194.414
1875.274 1420.182
1652.622 1206.788
1707.171 1295.764
1781.959 1358.388
1820.453 1322.746
1725.190 1321.218
1687.998 1192.978
1768.583 1339.270
1863.188 1212.801
1670.198 1322.799
1727.202 1177.672
1844.971 1310.257
1783.648 1290.074
1879.863 1237.424
1761.968 1211.091
1793.188 1368.318
1658.362 1420.917
1638.391 1239.853
1619.411 1173.906
1769.702 1188.939
1653.071 1326.182
1837.248 1222.998
1667.272 1157.448
1804.209 1154.132
1810.713 1259.814
1616.613 1405.307
1665.953 1240.295
1713.344 1222.760
1878.326 1179.216
1726.998 1365.535
1799.432 1286.455
1648.057 1187.471
1793.206 1212.090
1643.852 1298.376
1673.669 1219.071
1818.864 1225.907
1804.228 1218.859
1808.477 1196.188
1822.851 1367.242
1754.104 1174.147
1799.332 1415.424
1836.863 1256.140
1694.110 1165.599
1687.248 1357.751
1817.848 1235.484
1862.105 1378.227
1848.182 1299.809
1673.213 1268.342
1864.424 1299.826
1643.117 1410.662
1613.980 1401.702
1877.395 1386.968
1637.325 1359.929
1830.051 1157.079
1864.066 1376.721
1613.550 1399.688
1877.931 1162.414
1760.152 1405.541
1822.142 1346.122
1676.468 1199.720
1750.662 1190.185
1656.716 1394.579
1855.592 1192.871
1619.593 1162.695
1760.530 1408.361
1762.333 1382.636
1654.349 1238.071
1641.416 1345.333
1763.574 1336.392
1882.600 1407.812
1752.893 1153.550
1667.529 1327.761
1664.847 1334.967
1634.222 1289.094
1641.644 1371.328
1625.644 1214.786
1678.014 1192.076
1641.218 1226.105
1712.089 1253.075
1867.113 1390.635
1878.226 1328.089
1719.375 1328.484
1824.275 1391.066
1734.909 1248.048
1793.427 1170.052
1638.644 1217.407
1796.486 1191.621
1696.209 1338.632
1657.336 1391.025
1714.152 1398.282
1809.765 1380.882
1675.415 1293.633
1757.961 1372.755
1684.919 1397.545
1650.773 1355.984
1694.497 1382.841
1690.851 1331.438
1861.777 1262.017
1685.523 1328.003
1638.479 1178.949
1661.914 1261.888
1810.732 1276.638
1801.811 1238.294
1664.729 1371.493
1793.434 1281.851
1620.208 1375.884
1851.028 1275.081
1719.985 1325.651
1663.098 1309.979
1686.305 1414.487
1615.006 1244.950
1672.468 1305.705
1652.781 1214.431
1835.063 1241.415
1860.699 1237.291
1829.215 1295.439
1681.185 1159.210
1799.177 1183.845
1617.956 1180.684
1680.794 1190.098
1871.930 1343.008
1680.594 1232.021
1887.455 1289.732
1673.099 1303.661
1862.656 1318.232
1670.200 1363.082
1808.294 1232.681
1791.110 1211.912
1782.743 1331.821
1732.572 1383.098
1742.689 1207.687
1865.917 1258.007
1657.613 1166.386
1731.401 1319.557
1629.218 1413.938
1729.819 1378.943
1746.403 1224.636
1704.173 1196.064
1650.104 1354.990
1726.723 1284.615
1691.138 1262.992
1858.734 1158.160
1719.852 1215.644
1802.289 1158.868
1846.044 1330.625
1840.326 1177.559
1828.002 1311.915
1706.591 1394.221
1674.056 1164.402
1833.414 1250.971
1858.256 1286.474
1703.259 1286.983
1735.969 1420.200
1639.754 1203.515
1799.601 1282.505
1623.223 1264.572
1879.309 1233.581
1860.352 1407.597
1610.870 1305.550
1702.332 1235.582
1713.137 1227.059
1864.039 1349.469
1745.337 1280.154
1657.237 1344.062
1623.318 1345.059
1763.652 1330.822
1767.992 1231.001
1691.854 1213.131
1664.286 1258.131
1679.515 1382.590
1798.181 1209.037
1751.911 1312.300
1770.315 1353.614
1819.883 1147.750
1645.970 1415.082
1701.807 1184.899
1617.257 1349.240
1614.700 1385.137
1861.981 1391.379
1764.520 1378.024
1723.491 1387.736
1659.680 1175.613
1723.881 1401.544
1754.576 1171.589
1776.794 1239.994
1814.692 1258.842
1651.155 1274.549
1752.065 1402.180
1708.882 1322.938
1614.263 1396.124
1759.353 1295.865
1781.653 1337.316
1718.978 1343.633
1853.707 1378.656
1869.454 1173.583
1629.144 1290.956
1675.304 1300.037
1770.285 1412.643
1753.220 1202.685
1745.670 1167.160
1799.114 1272.002
1826.869 1394.233
1754.897 1290.667
1802.606 1256.978
1855.144 1330.837
1797.403 1407.082
1764.605 1418.717
1835.654 1316.181
1781.895 1222.404
1834.391 1316.099
1666.933 1175.704
1680.644 1375.442
1670.544 1343.127
1815.079 1179.838
1853.634 1189.954
1852.843 1279.031
1693.665 1205.251
1836.560 1248.435
1622.897 1148.340
1859.370 1347.515
1876.537 1350.251
1884.015 1385.117
1666.331 1404.976
1717.222 1328.735
1636.361 1337.845
1759.016 1285.809
1627.893 1209.307
1645.111 1230.320
1681.065 1205.105
1753.749 1267.703
1744.075 1242.780
1814.660 1266.095
1859.861 1325.246
1677.760 1360.460
1758.608 1295.578
1884.644 1156.059
1632.987 1152.141
1866.167 1214.734
1662.509 1162.897
1660.593 1195.017
1776.140 1274.323
1885.024 1230.577
1827.062 1344.264
1791.009 1320.483
1672.255 1333.705
1887.670 1388.344
1756.842 1371.280
1763.708 1393.762
1813.360 1163.522
1781.535 1397.498
1764.049 1245.527
1618.004 1247.840
1834.717 1383.043
1652.578 1369.735
1784.183 1386.482
1732.762 1242.260
1861.726 1397.083
1818.402 1295.866
1876.588 1209.692
1665.421 1154.685
1731.688 1264.064
1625.862 1391.194
1665.733 1217.372
1710.339 1196.234
1824.587 1161.290
1691.328 1334.773
1695.183 1360.039
1773.177 1411.884
1632.085 1173.247
1856.387 1407.923
1835.017 1160.990
1886.308 1362.203
1876.592 1349.529
1689.253 1408.723
1644.804 1230.007
1646.463 1257.081
1876.542 1370.281
1702.081 1319.118
1769.666 1232.147
1648.723 1283.776
1751.286 1371.951
1725.982 1248.813
1659.689 1350.945
1846.686 1247.227
1620.628 1413.413
1821.239 1144.414
1769.566 1419.268
1835.846 1242.572
1616.479 1372.438
1753.214 1313.572
1847.831 1236.506
1617.219 1394.224
1622.690 1267.314
1827.358 1316.063
1719.779 1271.873
1823.177 1146.589
1801.397 1301.340
1798.446 1396.965
1690.266 1267.212
1875.117 1363.532
1724.256 1276.249
1650.025 1395.533
1658.321 1360.110
1730.892 1147.154
1641.924 1400.886
1638.216 1206.212
1701.736 1421.099
1738.408 1172.267
1801.688 1412.987
1633.664 1149.593
1691.699 1184.037
1696.893 1311.702
1676.256 1168.798
1765.761 1235.070
1713.117 1191.027
1663.343 1153.143
1634.854 1229.174
1646.391 1212.681
1748.399 1269.271
1840.159 1331.248
1848.322 1375.329
1885.313 1358.295
1729.699 1332.922
1626.948 1218.106
1613.456 1338.658
1671.905 1346.269
1783.640 1386.406
1829.995 1160.529
1713.442 1255.874
1788.143 1253.295
1710.825 1376.024
1613.341 1336.231
1821.695 1364.282
1801.994 1153.072
1617.768 1226.820
1757.524 1216.974
1817.479 1175.833
1770.888 1387.555
1884.495 1261.658
1813.261 1256.028
1675.810 1230.612
1682.104 1304.744
1879.670 1311.236
1622.139 1163.740
1753.180 1386.537
1886.665 1405.211
1630.065 1394.692
1610.136 1265.984
1741.705 1223.744
1765.629 1301.414
1760.491 1187.108
1866.587 1318.403
1707.604 1327.075
1690.760 1337.661
1840.946 1212.463
1852.625 1154.395
1802.918 1204.699
1629.148 1316.788
1629.603 1170.182
1678.322 1307.483
1680.387 1213.591
1690.155 1245.148
1820.794 1196.597
1820.074 1194.231
1799.759 1350.497
1800.933 1259.148
1844.520 1367.387
1830.278 1293.791
1803.927 1389.070
1870.970 1301.911
1726.622 1228.084
1653.430 1413.996
1625.712 1399.873
1678.963 1411.330
1671.570 1211.205
1868.044 1320.559
1700.553 1309.327
1872.937 1372.027
1861.388 1155.329
1824.091 1342.549
1644.106 1330.805
1753.364 1249.804
1706.628 1182.962
1840.740 1377.830
1846.621 1330.265
1701.375 1419.109
1819.758 1384.688
1868.215 1299.832
1853.723 1279.773
1770.317 1255.221
1676.537 1269.348
1798.929 1300.128
1657.398 1416.741
1702.467 1224.351
1772.139 1368.732
1857.810 1163.754
1836.494 1280.295
1684.715 1363.527
1614.776 1393.153
1659.515 1323.512
1841.528 1162.064
1837.942 1338.619
1772.669 1250.995
1839.600 1239.811
1750.149 1283.155
1674.063 1362.407
1662.336 1374.754
1759.939 1359.546
1849.075 1371.308
1880.208 1309.209
1758.140 1306.325
1666.868 1319.082
1875.811 1159.838
1730.164 1308.591
1868.509 1299.627
1723.989 1156.038
1804.973 1179.388
1676.828 1147.445
1778.875 1150.710
1804.078 1420.311
1828.421 1404.995
1777.034 1208.729
1729.715 1318.559
1717.551 1225.635
1726.064 1210.339
1643.362 1273.209
1738.876 1339.239
1872.864 1170.218
1822.991 1252.517
1804.064 1243.003
1662.083 1165.959
1779.970 1178.514
1725.586 1144.212
1673.508 1235.454
1809.770 1278.059
1625.769 1358.591
1830.854 1256.495
1795.634 1257.965
1863.341 1284.582
1754.308 1240.280
1730.017 1189.977
1742.423 1336.830
1722.947 1393.891
1748.975 1208.474
1645.196 1295.896
1843.051 1297.585
1659.925 1235.766
1746.567 1162.745
1682.918 1307.742
1662.243 1342.288
1882.457 1377.901
1799.969 1281.667
1647.779 1311.558
1660.808 1253.612
1736.768 1321.206
1850.780 1388.984
1834.470 1224.819
1696.071 1237.333
1616.727 1235.709
1701.790 1225.455
1761.360 1198.242
1610.410 1318.979
1669.405 1402.079
1774.739 1291.429
1795.740 1301.045
1757.033 1259.312
1768.933 1208.970
1791.502 1273.467
1823.194 1184.567
1777.181 1234.876
1836.959 1189.116
1828.283 1154.271
1757.618 1417.017
1728.590 1191.182
1816.273 1171.815
1654.591 1216.302
1664.152 1281.275
1872.350 1414.360
1675.054 1188.560
1837.042 1343.881
1712.038 1369.237
1879.616 1415.006
1698.488 1326.985
1761.183 1183.806
1854.423 1209.910
1853.807 1203.642
1677.915 1365.622
1868.056 1375.961
1628.746 1159.702
1758.398 1417.501
1813.668 1380.948
1833.291 1202.666
1780.213 1288.440
1792.909 1269.155
1651.815 1231.901
1852.176 1410.105
1633.754 1175.505
1639.774 1405.725
1822.156 1270.111
1806.469 1303.641
1830.508 1409.847
1696.886 1186.797
1692.035 1323.264
1763.190 1234.879
1771.551 1252.270
1761.897 1229.917
1870.209 1421.289
1778.442 1400.535
1772.169 1413.961
1728.523 1331.924
1881.408 1188.367
1657.781 1289.837
1677.664 1330.798
1686.098 1401.365
1692.047 1361.098
1879.285 1393.174
1819.372 1275.082
1781.476 1404.284
1676.242 1257.912
1642.219 1249.900
1701.089 1255.248
1853.546 1363.720
1815.669 1378.834
1706.696 1338.856
1767.254 1279.113
1668.595 1237.183
1821.050 1414.651
1701.605 1145.641
1691.329 1224.448
1652.866 1164.324
1757.108 1283.866
1649.988 1202.121
1704.212 1326.008
1812.283 1355.664
1842.021 1278.768
1718.051 1356.131
1849.449 1384.674
1831.810 1365.949
1838.506 1186.010
1867.647 1168.633
1743.927 1201.828
1794.838 1375.515
1825.536 1278.970
1742.051 1291.628
1768.404 1174.073
1803.185 1310.423
1717.466 1384.288
1700.170 1398.909
1637.078 1238.688
1722.480 1209.183
1632.001 1276.115
1621.311 1348.783
1651.855 1228.381
1695.043 1146.066
1778.538 1335.428
1646.079 1288.723
1778.266 1160.890
1793.323 1147.880
1739.827 1420.530
1626.743 1295.011
1746.412 1227.303
1612.452 1278.329
1713.098 1415.128
1829.324 1208.283
1808.648 1286.462
1729.086 1296.083
1874.791 1373.498
1835.335 1160.429
1764.644 1412.650
1763.659 1258.565
1618.087 1191.291
1696.606 1302.376
1778.472 1201.349
1791.318 1188.951
1650.335 1197.184
1756.534 1221.980
1815.400 1301.658
1631.840 1371.827
1716.980 1244.885
1781.099 1330.853
1761.734 1366.742
1787.483 1403.193
1770.360 1252.849
1659.935 1242.532
1784.323 1213.215
1864.899 1285.963
1841.238 1277.018
1687.776 1170.274
1628.618 1301.892
1826.379 1329.486
1693.171 1168.506
1832.759 1310.897
1732.307 1218.416
1703.541 1362.825
1621.081 1303.317
1881.799 1258.315
1640.691 1277.950
1712.186 1260.730
1836.557 1148.592
1743.104 1254.000
1884.209 1287.184
1808.283 1193.477
1865.797 1212.557
1644.528 1385.714
1647.106 1344.963
1747.001 1420.115
1779.272 1276.350
1646.851 1236.695
1850.855 1368.560
1655.855 1384.036
1697.057 1320.663
1813.460 1399.062
1698.932 1195.507
1679.217 1278.216
1758.984 1327.100
1787.343 1358.280
1622.821 1208.651
1870.047 1228.605
1865.094 1391.197
1772.430 1278.005
1859.270 1261.139
1846.551 1329.233
1878.422 1346.074
1864.421 1371.669
1711.077 1220.733
1804.680 1392.925
1623.639 1309.578
1614.113 1309.047
1851.782 1254.558
1761.898 1275.438
1611.529 1413.787
1694.134 1222.413
1767.846 1369.052
1697.517 1364.659
1793.919 1147.376
1693.768 1278.877
1657.835 1365.010
1832.801 1206.914
1872.725 1303.318
1794.193 1285.843
1735.844 1223.446
1715.219 1178.355
1765.779 1255.085
1627.203 1221.115
1802.417 1279.832
1846.253 1214.449
1847.562 1379.541
1633.676 1365.292
1817.391 1218.376
1617.503 1310.314
1613.745 1183.345
1773.222 1326.697
1681.983 1363.371
1630.570 1361.222
1762.944 1353.934
1656.105 1267.767
1685.719 1370.977
1610.654 1174.860
1626.358 1238.619
1656.261 1240.189
1752.735 1395.540
1754.209 1376.970
1689.920 1198.117
1715.536 1266.124
1753.359 1259.021
1657.027 1352.187
1820.603 1394.875
1693.217 1273.825
1757.062 1243.676
1693.922 1295.963
1726.252 1401.730
1735.555 1154.688
1708.754 1403.125
1681.295 1205.971
1877.738 1365.942
1803.012 1167.649
1816.027 1273.497
1848.545 1400.615
1842.771 1386.651
1862.605 1305.156
1789.629 1224.360
1835.744 1225.676
1668.791 1322.275
1735.416 1235.276
1795.822 1235.411
1700.769 1146.047
1883.007 1202.341
1778.117 1327.742
1874.803 1188.382
1637.240 1298.172
1819.423 1173.901
1664.122 1228.740
1737.928 1179.965
1662.654 1183.939
1775.420 1155.728
1884.862 1286.949
1624.807 1302.176
1878.264 1344.776
1612.875 1189.430
1877.156 1208.050
1754.190 1396.856
1721.950 1201.675
1870.773 1386.999
1761.500 1206.975
1837.024 1170.968
1870.199 1402.442
1715.399 1327.699
1724.389 1260.361
1818.364 1297.593
1850.631 1400.188
1713.852 1352.640
1648.773 1298.313
1611.582 1228.294
1797.947 1291.356
1766.119 1181.646
1668.778 1401.643
1816.666 1402.732
1626.201 1193.929
1676.403 1145.165
1703.105 1196.342
1666.430 1269.846
1793.601 1261.583
1839.699 1297.292
1820.295 1344.849
1807.875 1382.576
1693.516 1249.067
1619.244 1291.146
1823.276 1413.752
1695.422 1353.747
1726.012 1301.785
1676.046 1277.939
1713.340 1405.497
1707.456 1292.746
1686.438 1274.197
1644.725 1414.537
1648.300 1416.850
1791.886 1252.426
1861.611 1301.913
1821.978 1408.448
1699.073 1287.069
1679.878 1278.248
1727.373 1281.542
1838.933 1349.221
1859.656 1200.067
1619.462 1156.380
1612.112 1252.132
1687.351 1171.127
1650.687 1343.779
1720.475 1404.060
1734.749 1339.278
1637.147 1145.051
1795.402 1315.156
1618.148 1208.570
1749.666 1262.795
1844.792 1164.551
1839.616 1211.678
1757.527 1400.807
1649.085 1178.143
1770.923 1184.763
1784.778 1288.927
1784.514 1261.282
1693.029 1406.228
1797.976 1271.815
1809.978 1236.506
1721.816 1338.027
1804.476 1148.668
1618.646 1213.648
1867.152 1354.349
1874.553 1297.085
1814.722 1250.824
1616.580 1291.836
1714.961 1321.806
1675.347 1186.765
1634.933 1398.130
1866.846 1341.663
1723.673 1332.627
1643.617 1355.360
1626.408 1154.928
1721.451 1319.196
1871.227 1239.798
1789.474 1271.450
1778.499 1359.310
1815.224 1223.980
1804.324 1337.656
1844.997 1154.658
1649.926 1203.581
1873.050 1267.568
1660.547 1316.304
1845.223 1259.533
1617.265 1287.788
1864.224 1175.929
1762.991 1213.639
1798.991 1289.990
1615.544 1171.434
1752.566 1405.470
1875.082 1185.442
1739.693 1170.903
1702.824 1186.507
1815.982 1238.763
1615.541 1359.761
1875.085 1369.885
1616.805 1300.463
1667.949 1357.925
1644.021 1264.272
1848.196 1288.313
1708.548 1179.887
1801.684 1254.122
1813.021 1402.032
1718.485 1403.024
1770.784 1214.883
1691.936 1355.548
1623.719 1317.004
1814.578 1343.553
1619.635 1219.674
1748.589 1248.555
1614.490 1324.995
1772.763 1157.296
1795.387 1391.880
1611.227 1326.296
1814.342 1293.560
1764.443 1249.806
1836.267 1161.964
1627.835 1401.092
1721.567 1260.302
1618.110 1225.072
1848.629 1330.535
1813.829 1215.337
1844.998 1236.721
1808.765 1157.523
1784.333 1400.218
1875.745 1209.677
1636.620 1293.891
1836.289 1301.087
1847.360 1255.013
1717.636 1154.626
1669.711 1243.376
1781.171 1273.151
1628.958 1240.852
1790.296 1374.170
1776.165 1273.628
1794.640 1222.793
1685.406 1219.568
1615.317 1210.629
1842.330 1162.252
1650.586 1349.876
1759.485 1372.011
1741.907 1336.733
1659.664 1371.380
1683.827 1213.721
1638.203 1319.340
1795.590 1215.430
1767.307 1287.906
1737.439 1359.517
1655.387 1247.174
1776.200 1236.462
1706.474 1171.673
1879.445 1212.041
1887.339 1410.583
1862.895 1412.743
1782.866 1208.149
1671.250 1188.267
1879.615 1276.458
1876.050 1367.350
1886.613 1321.724
1722.290 1364.178
1687.808 1189.668
1836.113 1239.788
1772.133 1328.381
1785.572 1152.339
1655.442 1299.472
1810.765 1148.831
1685.281 1180.537
1745.199 1269.771
1832.908 1309.474
1626.242 1218.813
1841.789 1305.126
1631.205 1159.571
1806.546 1419.205
1800.245 1377.454
1614.997 1220.292
1808.657 1149.152
1722.405 1289.966
1716.068 1225.120
1749.724 1265.075
1818.430 1188.028
1857.444 1157.244
1878.452 1391.290
1726.335 1419.719
1694.442 1193.825
1714.987 1169.536
1808.618 1184.866
1643.174 1162.653
1620.971 1282.618
1627.266 1334.277
1784.564 1380.983
1826.033 1257.939
1799.765 1415.023
1876.779 1220.016
1663.135 1166.785
1737.439 1406.499
1760.852 1411.430
1787.553 1234.013
1719.934 1366.323
1798.744 1219.319
1799.999 1297.393
1854.348 1258.104
1702.449 1154.624
1860.577 1172.602
1770.515 1416.494
1615.152 1420.895
1712.619 1188.311
1630.063 1266.405
1763.895 1241.587
1667.145 1296.235
1694.827 1314.444
1867.698 1148.306
1767.052 1323.322
1742.874 1150.050
1725.367 1291.175
1661.472 1413.726
1877.187 1146.702
1798.711 1357.789
1818.530 1145.459
1826.729 1403.372
1880.001 1166.845
1633.648 1163.097
1803.997 1277.534
1772.638 1282.663
1642.772 1248.152
1815.510 1245.626
1816.325 1421.520
1823.169 1273.079
1840.809 1212.193
1839.982 1201.391
1742.906 1281.061
1665.788 1236.066
1787.714 1402.785
1758.507 1325.343
1643.814 1256.842
1727.788 1364.258
1817.446 1417.101
1733.858 1403.682
1723.361 1255.233
1840.627 1322.458
1748.356 1308.653
1725.414 1355.506
1800.801 1222.013
1815.782 1204.499
1624.552 1387.307
1612.342 1159.135
1812.473 1311.565
1704.438 1193.774
1618.831 1344.063
1633.317 1363.083
1851.788 1204.529
1698.929 1297.421
1812.544 1317.836
1624.025 1163.242
1613.750 1151.274
1828.643 1336.676
1809.185 1321.625
1826.869 1311.097
1660.342 1277.379
1882.224 1355.765
1864.742 1246.144
1867.912 1288.897
1761.191 1287.320
1761.978 1322.284
1703.904 1292.702
1651.593 1162.714
1654.209 1325.952
1639.460 1231.397
1806.773 1319.595
1712.700 1335.043
1840.292 1363.286
1842.031 1216.995
1885.636 1408.257
1645.519 1411.426
1744.125 1380.939
1879.867 1414.697
1655.078 1285.740
1647.479 1417.334
1639.976 1352.114
1836.673 1379.251
1687.395 1346.143
1857.855 1352.903
1671.228 1347.597
1659.514 1209.095
1610.537 1302.047
1637.705 1193.653
1827.418 1167.172
1635.000 1188.673
1672.384 1302.881
1722.681 1238.521
1822.675 1149.881
1813.289 1146.291
1787.562 1411.141
1701.048 1211.720
1823.665 1145.890
1631.344 1196.602
1717.614 1244.672
1753.288 1310.435
1628.619 1332.565
1812.698 1202.708
1757.353 1180.634
1752.458 1231.064
1706.426 1158.876
1739.100 1340.735
1848.067 1228.927
1748.429 1174.448
1879.025 1364.811
1663.594 1243.544
1628.420 1311.602
1621.065 1263.903
1815.977 1373.051
1743.385 1222.746
1808.807 1309.236
1875.440 1172.926
1764.601 1310.623
1646.446 1370.172
1885.260 1190.717
1875.607 1267.040
1871.870 1287.350
1702.840 1290.904
1813.424 1217.362
1797.991 1144.615
1816.294 1266.305
1863.939 1366.254
1845.913 1406.318
1827.975 1408.238
1678.435 1375.010
1723.907 1386.772
1729.014 1162.573
1719.510 1318.015
1743.277 1283.890
1610.683 1307.780
1685.994 1300.175
1616.360 1218.616
1828.179 1239.999
1770.253 1222.839
1768.935 1368.568
1839.126 1359.682
1814.046 1155.960
1633.928 1386.301
1803.401 1360.532
1861.721 1171.047
1784.710 1198.679
1739.650 1153.191
1841.441 1337.822
1829.389 1389.375
1766.381 1346.123
1833.616 1353.166
1804.141 1343.581
1648.522 1302.313
1736.692 1291.356
1867.986 1330.053
1797.850 1412.789
1760.263 1334.132
1699.611 1165.160
1720.276 1380.464
1761.823 1244.100
1823.773 1247.503
1749.361 1321.115
1780.503 1185.131
1771.753 1249.088
1824.223 1322.780
1744.948 1320.596
1636.019 1339.493
1661.408 1291.442
1751.894 1174.361
1785.771 1251.624
1708.997 1278.024
1880.893 1253.283
1848.074 1182.800
1779.360 1204.072
1688.950 1168.249
1793.116 1346.794
1752.937 1178.311
1637.518 1257.517
1783.720 1364.960
1618.508 1351.899
1686.318 1261.994
1797.204 1150.969
1709.767 1411.476
1639.946 1414.029
1722.404 1154.655
1811.418 1278.522
1818.632 1187.438
1662.274 1176.109
1693.898 1336.364
1843.375 1330.161
1779.442 1145.090
1735.085 1220.133
1741.655 1304.740
1667.686 1295.563
1760.373 1154.002
1612.122 1273.887
1719.249 1348.331
1690.119 1412.996
1806.118 1193.309
1692.653 1248.686
1612.469 1259.586
1811.342 1243.969
1680.688 1216.167
1685.610 1332.764
1760.548 1270.459
1818.321 1222.860
1703.398 1345.035
1654.823 1175.251
1864.851 1389.241
1730.220 1378.002
1759.500 1203.195
1667.147 1158.667
1828.024 1322.302
1757.300 1309.101
1776.999 1206.004
1797.375 1267.105
1797.869 1362.712
1789.784 1283.084
1729.943 1196.826
1751.420 1276.201
1713.648 1156.512
1675.619 1329.166
1675.472 1349.172
1814.504 1321.252
1740.203 1410.288
1713.317 1193.593
1610.182 1300.442
1639.245 1274.152
1614.041 1405.880
1819.492 1351.925
1710.310 1404.204
1827.341 1245.281
1784.161 1239.291
1635.103 1180.675
1859.240 1152.761
1657.501 1411.953
1827.888 1385.880
1670.743 1360.080
1767.508 1250.728
1857.399 1318.604
1736.964 1284.901
1615.849 1190.956
1830.410 1384.772
1653.500 1330.547
1643.995 1272.578
1756.188 1184.112
1887.105 1369.897
1648.302 1250.884
1647.205 1261.495
1761.234 1226.746
1611.235 1170.678
1200.156 1865.206
1338.983 1879.833
1382.481 1870.706
1306.825 1865.949
1366.905 1620.372
1207.879 1666.835
1211.164 1798.315
1333.806 1695.830
1285.293 1790.209
1376.701 1620.737
1193.754 1847.900
1380.879 1842.051
1161.454 1670.583
1394.607 1825.768
1237.193 1636.759
1328.868 1869.447
1219.999 1641.132
1206.358 1697.809
1331.354 1717.523
1287.204 1621.668
1223.756 1710.038
1237.286 1614.028
1221.460 1856.374
1325.641 1761.804
1381.491 1646.486
1315.591 1806.681
1345.134 1688.147
1259.891 1703.062
1392.712 1619.429
1303.581 1886.636
1252.663 1720.489
1312.477 1804.624
1395.577 1735.939
1146.655 1829.611
1236.321 1767.665
1154.677 1686.249
1304.001 1645.572
1357.722 1693.730
1323.723 1733.599
1219.073 1768.751
1338.007 1658.765
1371.658 1624.949
1334.446 1811.355
1383.845 1745.384
1335.085 1625.524
1349.860 1729.612
1299.241 1615.535
1272.690 1691.837
1311.608 1818.539
1249.644 1763.677
1265.965 1771.288
1312.079 1615.770
1192.064 1625.830
1342.447 1751.437
1253.262 1738.004
1271.061 1751.886
1408.805 1610.511
1334.177 1682.844
1303.109 1691.866
1211.632 1685.901
1303.246 1784.735
1264.535 1773.940
1299.606 1811.103
1262.648 1794.202
1248.004 1784.645
1192.602 1874.837
1380.605 1869.036
1216.971 1737.658
1168.365 1700.214
1223.573 1766.107
1179.064 1652.726
1365.461 1864.606
1407.030 1663.964
1199.488 1659.363
1278.361 1785.588
1250.123 1824.821
1218.170 1824.333
1341.959 1792.046
1345.658 1860.294
1360.879 1662.720
1203.291 1830.916
1253.958 1669.089
1397.158 1870.567
1276.280 1612.246
1367.251 1770.991
1248.841 1878.934
1355.998 1730.959
1188.529 1876.726
1231.980 1773.954
1156.234 1807.800
1274.215 1763.046
1241.813 1866.253
1292.159 1847.657
1332.446 1844.605
1253.977 1841.311
1204.820 1739.325
1410.756 1689.915
1169.973 1711.096
1412.509 1797.785
1145.635 1614.346
1372.091 1700.713
1264.598 1642.364
1399.003 1785.531
1171.494 1725.600
1186.413 1820.492
1340.058 1682.443
1302.153 1838.896
1235.826 1616.243
1250.762 1802.403
1389.742 1858.375
1228.691 1778.992
1244.275 1638.357
1284.725 1831.387
1162.431 1722.883
1306.278 1792.347
1310.645 1722.500
1362.426 1621.329
1164.138 1640.895
1380.785 1850.259
1332.925 1854.352
1358.061 1737.239
1376.856 1670.572
1347.510 1863.814
1156.396 1762.503
1281.008 1701.287
1183.177 1803.395
1180.762 1760.002
1318.664 1760.009
1272.098 1888.019
1258.230 1813.854
1373.692 1684.318
1323.908 1633.708
1391.164 1668.206
1413.690 1797.390
1385.141 1809.564
1235.457 1633.516
1300.304 1675.584
1274.320 1850.152
1259.795 1813.991
1407.023 1751.346
1386.261 1686.909
1236.547 1755.894
1266.273 1714.072
1202.597 1703.008
1344.094 1835.042
1242.933 1830.099
1186.235 1621.223
1166.436 1781.231
1389.295 1639.430
1176.918 1683.072
1264.492 1826.913
1228.652 1711.664
1380.849 1872.332
1333.600 1691.455
1299.141 1668.694
1166.876 1835.185
1144.344 1871.327
1244.219 1628.660
1264.002 1859.283
1270.438 1835.812
1240.751 1821.715
1195.008 1730.378
1404.936 1851.939
1139.291 1648.558
1301.174 1817.727
1167.455 1845.213
1271.270 1680.471
1378.968 1817.652
1351.827 1646.626
1193.841 1663.468
1243.077 1769.472
1374.103 1837.389
1400.165 1614.225
1266.938 1834.664
1180.023 1627.134
1213.691 1843.879
1288.862 1649.780
1276.251 1813.225
1175.732 1740.448
1319.746 1882.397
1299.196 1739.973
1394.845 1747.236
1315.670 1726.637
1325.902 1846.170
1202.448 1763.202
1216.381 1783.874
1265.132 1823.908
1298.512 1721.470
1180.849 1837.378
1286.878 1703.451
1191.930 1888.226
1145.733 1678.322
1167.364 1777.620
1410.629 1654.991
1335.348 1830.834
1347.799 1832.990
1308.068 1651.594
1157.096 1624.960
1309.452 1836.572
1377.728 1655.378
1272.484 1724.933
1324.778 1730.484
1413.546 1831.831
1216.267 1728.673
1347.398 1741.743
1255.143 1668.471
1304.334 1808.265
1156.580 1744.733
1178.740 1871.200
1355.730 1828.033
1227.979 1860.881
1338.678 1758.418
1332.511 1782.012
1175.612 1821.514
1229.113 1821.251
1204.322 1789.070
1187.681 1871.664
1379.110 1781.429
1207.783 1839.102
1319.794 1723.603
1238.965 1777.233
1392.155 1674.286
1406.430 1841.536
1371.298 1632.502
1380.096 1800.081
1355.714 1754.106
1396.390 1816.169
1336.234 1683.771
1263.653 1618.998
1236.155 1650.665
1298.269 1887.326
1251.504 1659.105
1367.045 1681.586
1267.450 1655.351
1255.253 1811.778
1396.706 1816.429
1271.702 1814.264
1243.385 1669.465
1352.297 1796.456
1172.032 1839.124
1189.772 1736.314
1212.935 1829.623
1395.158 1756.746
1388.701 1884.815
1266.044 1694.192
1400.661 1728.272
1249.036 1760.247
1167.328 1820.361
1307.022 1704.297
1264.552 1824.315
1348.706 1806.334
1188.999 1635.229
1397.024 1648.710
1368.770 1715.675
1366.103 1788.079
1400.287 1772.019
1316.955 1692.596
1323.841 1745.471
1413.423 1786.449
1281.937 1880.126
1262.885 1740.720
1285.354 1612.569
1273.742 1629.686
1165.509 1855.106
1213.348 1618.615
1412.551 1637.391
1317.259 1686.317
1332.933 1838.253
1183.823 1816.157
1355.336 1789.155
1314.987 1782.605
1357.549 1869.817
1211.680 1813.751
1395.739 1669.188
1362.215 1854.199
1394.969 1710.980
1241.773 1798.211
1413.957 1818.445
1365.101 1692.632
1326.626 1728.468
1311.164 1722.134
1384.563 1801.696
1275.491 1649.162
1296.219 1881.917
1161.111 1769.035
1358.814 1829.970
1341.370 1763.429
1349.895 1751.769
1389.350 1699.254
1228.217 1835.467
1377.165 1764.322
1335.853 1671.550
1349.600 1747.958
1403.848 1778.786
1277.660 1807.613
1371.044 1623.673
1141.613 1650.853
1358.122 1782.240
1151.340 1771.161
1139.126 1640.097
1299.388 1843.499
1258.609 1683.240
1341.913 1803.853
1282.481 1852.177
1179.052 1675.630
1363.206 1772.490
1337.677 1882.245
1356.277 1744.378
1347.986 1818.164
1258.955 1747.360
1244.022 1812.153
1226.869 1652.488
1215.439 1863.827
1368.849 1829.683
1314.893 1786.295
1323.477 1801.340
1316.301 1717.238
1379.458 1626.879
1196.515 1658.254
1215.300 1861.241
1238.460 1789.966
1274.038 1619.550
1259.781 1722.037
1402.651 1844.263
1168.623 1642.829
1320.402 1844.332
1209.812 1611.736
1357.397 1628.916
1402.728 1614.321
1177.065 1648.366
1327.072 1619.261
1260.177 1792.803
1151.078 1871.252
1314.534 1836.311
1215.083 1820.210
1152.159 1673.456
1296.541 1753.406
1340.275 1658.186
1396.009 1855.676
1280.156 1652.405
1270.030 1697.228
1398.421 1659.118
1280.312 1839.538
1287.393 1728.509
1317.557 1716.634
1308.978 1803.777
1338.228 1684.290
1223.638 1860.969
1143.939 1851.988
1402.481 1766.370
1282.190 1733.544
1336.107 1885.403
1217.657 1719.028
1221.865 1644.645
1356.816 1736.772
1358.461 1816.765
1276.701 1833.911
1307.796 1838.233
1253.775 1812.745
1291.754 1644.305
1330.685 1744.013
1298.654 1626.249
1394.558 1851.142
1264.627 1852.161
1380.672 1758.390
1406.370 1812.894
1311.066 1655.788
1311.799 1817.029
1226.186 1871.295
1396.892 1721.844
1397.130 1623.361
1191.156 1658.076
1245.342 1871.564
1186.451 1703.983
1290.416 1823.230
1387.371 1672.555
1404.581 1635.617
1213.114 1675.864
1221.424 1645.593
1190.908 1880.320
1276.774 1783.853
1269.343 1658.036
1408.054 1738.343
1386.912 1657.253
1255.361 1684.033
1149.912 1755.269
1215.287 1805.605
1345.370 1627.372
1263.956 1742.728
1397.832 1719.576
1349.525 1675.704
1394.161 1710.653
1376.091 1703.800
1288.836 1816.368
1239.127 1645.619
1329.067 1682.360
1388.467 1636.927
1221.427 1676.196
1295.949 1759.661
1309.573 1881.867
1316.668 1612.866
1147.052 1618.269
1190.423 1728.230
1175.666 1792.129
1320.612 1719.814
1295.311 1741.524
1407.071 1852.428
1264.960 1636.246
1170.385 1632.274
1227.182 1874.301
1304.848 1871.694
1278.877 1770.332
1411.648 1712.019
1372.857 1839.586
1400.517 1880.924
1140.537 1851.660
1180.230 1724.689
1404.103 1743.028
1173.692 1747.108
1371.892 1863.302
1375.535 1813.407
1316.076 1822.865
1369.647 1831.657
1375.389 1738.712
1172.932 1770.054
1308.624 1827.955
1160.909 1783.791
1309.608 1772.749
1330.208 1712.560
1211.060 1698.191
1238.101 1654.226
1306.567 1678.235
1345.059 1706.562
1292.981 1759.188
1203.335 1736.414
1291.869 1879.459
1161.972 1726.632
1271.952 1779.488
1403.010 1874.511
1264.330 1819.654
1166.846 1703.349
1188.776 1633.981
1172.181 1778.477
1186.759 1790.903
1144.456 1634.587
1140.003 1864.171
1183.739 1624.359
1225.851 1818.593
1263.193 1848.992
1294.466 1629.238
1395.925 1615.246
1149.134 1769.786
1221.476 1704.269
1173.809 1792.499
1268.030 1887.376
1209.995 1697.828
1141.030 1809.208
1136.899 1764.657
1353.430 1616.419
1341.573 1810.393
1391.320 1643.177
1318.974 1638.788
1328.639 1784.426
1289.797 1795.707
1380.004 1807.917
1154.104 1772.529
1246.800 1680.487
1216.184 1883.855
1399.405 1621.336
1209.947 1826.245
1280.676 1855.405
1351.360 1778.833
1256.988 1629.680
1376.307 1661.594
1401.025 1668.732
1262.423 1747.303
1174.118 1827.569
1362.549 1651.730
1155.809 1808.298
1268.639 1887.176
1389.399 1737.196
1280.595 1808.562
1331.609 1627.221
1265.499 1681.358
1186.522 1632.667
1139.439 1645.987
1227.180 1679.560
1382.164 1814.814
1413.318 1740.795
1377.910 1758.107
1248.785 1844.817
1410.616 1755.220
1323.777 1869.783
1186.874 1804.078
1187.650 1647.315
1162.599 1837.374
1202.286 1643.023
1197.407 1667.253
1250.970 1812.225
1282.941 1731.754
1379.645 1638.520
1361.412 1619.924
1160.293 1837.840
1365.647 1843.628
1343.328 1823.750
1172.567 1687.815
1164.669 1796.090
1376.972 1649.045
1311.422 1860.583
1352.715 1762.440
1346.794 1682.103
1272.235 1633.806
1286.224 1787.305
1183.129 1813.187
1227.944 1646.520
1175.881 1753.228
1212.949 1743.746
1307.208 1882.072
1214.100 1861.940
1181.227 1680.211
1194.405 1725.944
1373.157 1726.684
1249.970 1642.077
1362.446 1862.410
1291.096 1741.167
1291.804 1702.383
1193.319 1719.046
1379.297 1818.198
1384.862 1798.744
1258.535 1616.605
1300.393 1698.103
1355.056 1772.563
1163.813 1637.346
1374.998 1705.961
1177.667 1710.663
1247.517 1640.984
1262.776 1627.437
1196.027 1620.278
1238.634 1625.703
1284.442 1705.882
1202.655 1759.495
1170.292 1680.931
1197.307 1846.751
1209.345 1665.841
1151.242 1695.904
1194.153 1614.728
1267.143 1680.544
1278.499 1865.382
1412.275 1825.878
1392.884 1722.889
1138.792 1883.315
1267.039 1821.293
1322.387 1790.003
1362.458 1692.831
1204.605 1703.001
1275.618 1747.369
1263.005 1645.285
1178.642 1843.952
1262.992 1620.481
1355.164 1875.703
1213.847 1679.315
1310.035 1704.093
1224.621 1647.962
1233.171 1765.229
1318.758 1628.465
1228.488 1725.815
1137.220 1656.383
1177.361 1749.021
1395.151 1876.287
1270.619 1782.624
1382.759 1671.076
1364.593 1667.345
1277.775 1619.907
1383.989 1688.114
1411.369 1841.375
1161.135 1799.432
1278.441 1714.751
1337.993 1817.587
1412.729 1674.518
1182.730 1843.508
1156.433 1836.676
1371.302 1802.637
1183.182 1777.389
1357.892 1753.647
1157.831 1716.339
1250.278 1850.784
1396.671 1872.843
1197.460 1858.994
1200.779 1694.680
1267.616 1855.527
1280.951 1779.247
1367.303 1677.402
1297.117 1817.458
1178.514 1846.749
1167.906 1654.263
1215.400 1677.581
1302.581 1791.166
1203.812 1821.673
1225.502 1881.593
1147.599 1628.371
1316.491 1648.596
1202.530 1710.341
1394.440 1726.376
1312.437 1844.518
1151.033 1668.411
1380.393 1822.151
1188.857 1660.697
1234.057 1651.449
1214.774 1742.306
1145.361 1694.695
1315.775 1671.618
1176.473 1795.154
1375.970 1756.933
1309.803 1713.122
1383.544 1671.313
1383.797 1883.735
1377.194 1811.583
1175.662 1859.415
1219.110 1618.412
1269.308 1828.078
1172.052 1871.935
1234.402 1818.312
1361.897 1878.601
1146.325 1823.207
1332.071 1739.020
1213.987 1643.405
1294.902 1639.665
1266.549 1672.027
1188.020 1620.531
1230.496 1630.899
1136.789 1671.284
1340.029 1829.048
1280.909 1766.561
1313.433 1692.258
1384.483 1653.224
1228.145 1879.039
1183.677 1666.255
1391.156 1842.248
1276.766 1693.926
1189.625 1837.303
1167.312 1839.152
1204.028 1713.239
1237.194 1720.191
1311.121 1852.616
1296.519 1720.086
1403.664 1708.697
1188.330 1867.992
1251.981 1657.330
1211.293 1704.642
1365.526 1737.760
1191.884 1725.199
1158.860 1887.003
1190.367 1672.447
1288.207 1635.668
1158.714 1723.752
1244.044 1657.453
1273.252 1677.452
1318.190 1758.761
1266.107 1638.359
1149.779 1798.993
1392.110 1734.739
1373.630 1785.970
1387.270 1658.065
1220.704 1768.716
1383.906 1669.591
1284.948 1683.761
1198.860 1853.499
1243.145 1750.879
1315.131 1830.508
1337.460 1734.356
1278.765 1851.147
1342.200 1692.045
1136.750 1717.471
1362.418 1708.607
1173.583 1674.296
1166.750 1787.399
1398.979 1880.444
1186.996 1687.868
1240.866 1855.957
1229.290 1652.276
1215.130 1650.091
1316.503 1868.878
1143.613 1851.542
1337.241 1665.143
1346.532 1764.950
1231.353 1734.607
1229.783 1793.566
1354.689 1838.391
1393.343 1882.965
1193.830 1620.787
1193.042 1711.388
1179.622 1707.781
1137.301 1828.048
1352.191 1776.502
1214.720 1878.421
1354.131 1681.624
1390.371 1781.687
1260.527 1724.080
1263.092 1656.747
1352.461 1741.613
1202.657 1807.569
1270.247 1642.366
1192.905 1820.312
1405.416 1839.776
1138.768 1849.823
1266.905 1770.579
1337.616 1666.081
1234.999 1704.848
1149.568 1734.185
1294.253 1847.891
1310.910 1721.804
1398.360 1670.093
1331.911 1740.747
1314.726 1788.776
1318.666 1724.176
1398.948 1684.346
1266.466 1753.292
1387.514 1642.906
1144.297 1635.349
1142.799 1882.487
1236.088 1858.510
1394.040 1802.153
1255.791 1840.389
1206.777 1787.243
1293.100 1744.653
1302.405 1665.033
1355.634 1749.620
1155.142 1696.296
1266.638 1692.143
1259.230 1713.510
1259.268 1626.743
1156.841 1741.855
1357.244 1822.786
1383.831 1740.118
1293.056 1878.110
1349.412 1753.358
1217.453 1792.072
1301.685 1696.481
1162.046 1619.281
1313.011 1718.749
1263.933 1686.784
1323.998 1801.056
1362.572 1700.865
1214.067 1874.171
1403.793 1771.681
1322.190 1664.530
1142.394 1675.914
1358.427 1883.789
1412.327 1814.283
1226.898 1865.835
1273.814 1821.455
1185.265 1886.418
1389.285 1791.700
1231.302 1687.160
1267.644 1795.104
1309.498 1702.873
1208.230 1762.531
1295.381 1841.788
1190.117 1751.251
1351.873 1694.663
1267.573 1751.267
1370.954 1727.290
1245.889 1665.042
1321.913 1809.098
1364.375 1618.567
1154.855 1692.013
1191.296 1879.998
1319.548 1866.228
1163.085 1733.292
1310.084 1855.937
1336.861 1700.376
1167.419 1782.874
1188.491 1870.964
1274.181 1771.983
1206.055 1614.173
1281.102 1795.415
1235.899 1780.196
1374.814 1854.112
1360.373 1625.206
1239.358 1780.444
1266.094 1614.045
1296.942 1885.380
1335.718 1749.170
1285.137 1664.138
1330.303 1700.999
1258.922 1651.030
1344.146 1772.638
1371.219 1765.371
1176.756 1623.398
1333.563 1741.581
1160.785 1828.046
1280.440 1637.067
1406.896 1757.218
1265.659 1675.988
1390.520 1817.328
1334.682 1870.676
1353.896 1758.767
1311.187 1862.355
1388.132 1840.963
1231.387 1879.780
1186.273 1651.624
1337.625 1663.689
1382.752 1790.748
1198.367 1807.126
1293.364 1763.521
1294.377 1868.434
1406.963 1661.559
1211.085 1724.515
1267.868 1742.185
1392.265 1728.513
1233.687 1723.587
1266.481 1872.530
1273.435 1814.851
1245.580 1832.849
1306.271 1791.422
1302.177 1821.913
1345.656 1677.580
1366.327 1853.712
1411.678 1694.527
1364.363 1704.442
1270.361 1639.323
1402.334 1830.062
1336.375 1710.838
1137.770 1771.202
1332.379 1744.565
1223.088 1672.195
1364.796 1782.588
1356.116 1668.086
1198.219 1768.206
1242.158 1739.577
1184.143 1720.932
1286.477 1647.003
1149.539 1681.931
1291.322 1868.028
1368.425 1627.157
1401.938 1812.119
1205.075 1693.843
1345.477 1825.680
1356.941 1686.360
1401.307 1861.654
1347.386 1767.949
1344.278 1886.326
1141.070 1733.852
1400.113 1751.627
1205.181 1841.717
1391.470 1635.068
1156.529 1693.185
1388.646 1776.457
1362.688 1652.158
1350.325 1777.460
1377.222 1856.898
1310.084 1884.456
1282.662 1765.465
1163.309 1842.502
1365.505 1856.514
1178.643 1658.191
1207.023 1727.138
1232.768 1794.749
1266.843 1737.368
1335.904 1620.254
1346.922 1734.326
1347.410 1735.236
1231.390 1789.504
1339.906 1855.316
1334.790 1805.015
1300.700 1735.733
1166.839 1852.667
1386.619 1610.826
1352.363 1877.766
1407.071 1753.062
1406.945 1638.135
1151.615 1710.091
1396.358 1786.065
1289.829 1651.726
1316.464 1633.985
1285.654 1837.956
1158.736 1684.692
1386.328 1787.515
1194.311 1806.632
1410.135 1853.948
1403.347 1716.703
1212.882 1790.231
1288.563 1801.001
1214.299 1661.575
1225.324 1681.574
1269.451 1754.002
1311.795 1811.688
1185.220 1665.736
1140.592 1644.734
1157.763 1692.734
1312.598 1731.482
1359.439 1698.313
1261.534 1792.352
1406.834 1847.507
1208.924 1650.203
1290.587 1735.312
1354.076 1722.428
1271.899 1844.078
1277.924 1851.920
1151.649 1773.132
1185.956 1693.576
1385.348 1825.907
1206.641 1759.458
1174.064 1667.359
1347.526 1683.540
1209.157 1840.408
1195.447 1789.614
1332.772 1684.969
1232.992 1744.047
1187.339 1788.250
1140.441 1712.573
1318.228 1864.392
1369.305 1862.578
1366.210 1736.027
1336.952 1814.415
1296.519 1788.794
1188.787 1719.750
1164.281 1854.993
1235.677 1623.520
1268.587 1739.063
1169.303 1834.018
1147.688 1821.605
1152.999 1815.837
1256.205 1871.460
1179.013 1673.041
1263.750 1751.029
1278.055 1847.808
1283.741 1829.595
1158.654 1664.140
1174.032 1624.123
1244.368 1749.545
1169.265 1610.535
1247.250 1784.384
1273.412 1630.598
1224.409 1778.816
1182.271 1723.695
1219.224 1680.442
1406.417 1880.055
1291.839 1706.423
1309.407 1824.272
1184.634 1756.232
1254.593 1853.133
1278.843 1694.016
1172.864 1639.244
1174.747 1626.527
1142.485 1644.242
1255.622 1613.955
1396.729 1806.187
1325.804 1830.463
1235.888 1703.750
1327.194 1860.477
1364.639 1672.058
1230.198 1868.234
1225.475 1610.955
1309.921 1670.505
1207.462 1719.735
1338.043 1658.027
1364.717 1874.359
1351.960 1750.642
1147.414 1742.789
1316.609 1704.396
1148.292 1743.524
1314.347 1742.820
1183.975 1744.623
1206.629 1871.968
1223.773 1846.833
1350.566 1618.243
1358.762 1826.782
1368.080 1840.550
1330.097 1628.768
1198.022 1638.069
1148.569 1660.478
1411.372 1732.702
1306.335 1717.623
1384.272 1817.897
1310.412 1666.428
1231.606 1710.509
1205.989 1710.667
1202.752 1711.073
1241.490 1664.232
1191.178 1683.444
1351.616 1851.441
1273.861 1731.433
1209.935 1800.178
1403.541 1852.353
1303.579 1734.531
1213.562 1627.155
1301.656 1645.865
1210.656 1688.904
1164.479 1701.020
1145.560 1614.697
1334.073 1829.625
1395.661 1610.604
1283.273 1741.441
1257.560 1881.583
1283.602 1693.088
1270.960 1657.687
1400.882 1617.523
1177.496 1730.388
1288.985 1732.389
1336.154 1858.872
1317.258 1776.391
1154.545 1667.718
1256.731 1879.583
1205.464 1744.196
1141.177 1768.884
1304.873 1689.576
1181.413 1610.639
1359.058 1639.907
1378.425 1828.162
1168.415 1752.989
1228.518 1850.089
1289.720 1672.973
1244.235 1654.572
1192.213 1780.444
1187.127 1658.173
1406.740 1717.235
1268.830 1752.827
1187.663 1611.531
1376.155 1784.645
1203.804 1758.805
1230.790 1651.483
1236.299 1769.701
1230.509 1759.357
1361.625 1759.489
1268.769 1741.950
1267.701 1798.401
1402.148 1797.554
1224.302 1796.560
1383.401 1754.155
1408.647 1818.456
1269.572 1823.316
1358.778 1856.691
1287.291 1652.878
1165.130 1660.192
1278.113 1665.476
1384.252 1823.596
1173.123 1691.382
1333.096 1713.142
1249.928 1638.788
1148.226 1652.840
1212.293 1777.344
1340.640 1819.710
1160.986 1875.516
1351.749 1876.414
1308.890 1874.476
1186.063 1744.783
1266.756 1718.596
1332.867 1822.980
1339.661 1867.132
1392.966 1875.232
1246.585 1833.133
1161.819 1743.916
1288.055 1755.364
1188.788 1703.986
1175.826 1855.346
1225.419 1751.253
1262.920 1827.183
1286.345 1671.812
1340.868 1738.123
1375.855 1717.668
1176.653 1772.018
1335.372 1685.047
1380.702 1787.539
1171.413 1736.814
1328.202 1774.819
1184.320 1655.938
1337.982 1884.015
1371.898 1867.538
1247.924 1766.359
1263.243 1789.078
1163.025 1620.117
1371.894 1866.987
1175.648 1679.100
1215.344 1848.643
1212.699 1739.329
1249.091 1616.246
1230.882 1650.220
1190.982 1648.366
1207.360 1641.982
1374.695 1809.962
1378.810 1737.202
1224.174 1792.469
1301.008 1691.610
1333.424 1858.938
1334.084 1630.631
1220.789 1697.726
1148.123 1727.144
1205.259 1871.111
1274.796 1630.321
1269.569 1813.602
1335.515 1695.596
1192.991 1828.837
1248.471 1823.749
1405.314 1850.741
1412.956 1848.972
1155.286 1634.000
1163.933 1865.628
1233.784 1639.301
1362.249 1832.951
1178.319 1823.227
1358.397 1639.468
1403.386 1697.847
1204.061 1785.046
1378.140 1868.837
1386.089 1841.756
1319.632 1854.225
1280.249 1632.432
1306.158 1706.570
1201.196 1638.079
1214.454 1869.448
1301.396 1773.557
1231.765 1728.922
1245.600 1654.369
1147.379 1621.997
1237.582 1831.677
1410.891 1857.150
1185.557 1738.902
1380.234 1754.010
1354.388 1869.115
1203.757 1759.373
1370.147 1752.673
1295.574 1783.400
1311.613 1799.357
1212.217 1761.456
1143.298 1617.423
1354.374 1683.958
1177.046 1837.392
1173.530 1702.053
1188.394 1671.174
1277.348 1720.763
1274.961 1810.405
1316.427 1638.248
1304.576 1847.401
1161.467 1854.822
1312.020 1651.205
1188.294 1650.481
1166.578 1736.657
1338.732 1622.903
1355.660 1801.809
1279.694 1869.217
1398.667 1774.950
1172.667 1800.537
1348.666 1720.600
1145.167 1851.690
1332.995 1778.690
1192.625 1769.562
1283.899 1718.524
1155.658 1711.384
1177.924 1770.127
1283.231 1800.077
1216.951 1775.216
1149.066 1750.247
1274.861 1844.830
1201.728 1731.897
1393.119 1756.593
1395.567 1868.065
1208.873 1676.136
1398.856 1677.157
1342.703 1753.960
1400.697 1642.376
1376.321 1880.019
1151.509 1826.998
1157.270 1677.689
1251.025 1814.256
1400.121 1673.827
1192.131 1705.686
1396.057 1823.281
1237.521 1758.255
1275.256 1857.087
1144.970 1651.042
1150.115 1622.651
1219.076 1762.178
1309.954 1743.069
1399.757 1695.656
1249.374 1832.780
1265.576 1783.259
1383.962 1702.093
1146.713 1648.723
1161.697 1871.545
1308.911 1880.645
1203.903 1692.108
1392.417 1653.497
1147.058 1793.451
1228.271 1851.330
1227.755 1711.280
1316.005 1838.767
1370.990 1681.220
1216.291 1814.899
1279.312 1865.224
1198.994 1876.487
1243.302 1716.612
1369.734 1657.491
1306.637 1747.303
1213.233 1743.701
1235.133 1732.572
1412.464 1831.774
1182.250 1625.917
1157.548 1869.431
1158.128 1693.151
1171.663 1637.792
1307.917 1754.682
1399.869 1673.048
1339.932 1746.312
1354.866 1717.663
1381.883 1851.482
1323.664 1745.267
1247.073 1733.776
1252.741 1650.350
1297.940 1628.188
1393.476 1764.292
1139.690 1701.411
1280.916 1735.432
1368.318 1663.134
1321.659 1764.732
1389.052 1684.111
1323.484 1858.643
1281.622 1711.267
1228.620 1870.597
1320.657 1872.195
1173.091 1827.795
1406.936 1736.420
1251.914 1633.884
1294.204 1743.397
1300.910 1868.262
1141.589 1709.205
1267.757 1754.674
1193.585 1720.272
1374.450 1776.292
1217.373 1683.635
1188.542 1799.799
1245.689 1653.863
1174.746 1847.419
1201.747 1846.374
1309.593 1735.393
1171.397 1824.080
1296.153 1797.959
1291.916 1741.411
1393.801 1777.047
1339.744 1791.236
1362.130 1781.925
1193.926 1808.533
1273.963 1633.117
1345.837 1674.210
1388.208 1882.723
1357.108 1674.459
1371.996 1857.809
1264.130 1669.006
1334.286 1615.959
1262.285 1778.422
1391.629 1757.961
1246.029 1824.896
1367.307 1687.188
1349.992 1818.350
1169.900 1678.571
1146.694 1632.586
1237.702 1759.096
1183.925 1689.402
1409.855 1739.357
1233.326 1743.724
1248.152 1676.392
1178.263 1653.737
1322.933 1627.726
1310.123 1830.947
1192.865 1716.001
1265.104 1612.951
1145.690 1785.281
1230.148 1847.987
1315.122 1722.633
1357.423 1693.177
1225.458 1703.387
1403.373 1791.774
1277.800 1799.898
1291.192 1762.177
1252.096 1628.452
1179.701 1818.456
1175.361 1746.035
1331.680 1819.671
1399.309 1878.179
1312.075 1683.090
1356.415 1679.395
1143.840 1734.940
1409.130 1677.118
1362.345 1660.531
1237.233 1814.097
1325.534 1693.544
1327.182 1660.296
1398.267 1737.360
1169.890 1613.883
1303.429 1648.825
1261.779 1723.490
1364.289 1680.900
1337.983 1877.056
1294.299 1678.361
1281.365 1842.989
1264.608 1857.894
1333.941 1655.245
1260.490 1792.688
1151.637 1835.253
1412.869 1620.799
1237.441 1870.211
1234.394 1616.880
1380.191 1751.751
1207.270 1643.733
1281.747 1839.408
1161.316 1648.783
1247.018 1659.914
1187.020 1719.685
1392.903 1850.282
1311.186 1692.996
1311.039 1672.146
1335.446 1747.191
1226.525 1621.464
1195.460 1685.449
1137.340 1661.777
1279.709 1801.902
1190.803 1647.903
1349.706 1837.896
1156.223 1715.064
1216.824 1735.073
1243.171 1715.936
1238.558 1784.704
1168.451 1671.461
1174.002 1854.774
1338.988 1682.230
1233.050 1748.218
1160.976 1818.189
1349.049 1851.994
1247.685 1710.535
1145.845 1659.869
1265.723 1706.887
1318.819 1759.888
1231.443 1616.659
1381.572 1861.785
1150.071 1785.406
1154.071 1758.502
1181.835 1718.314
1342.606 1874.678
1388.005 1748.775
1325.353 1633.081
1163.973 1685.313
1409.092 1625.137
1403.621 1810.509
1386.805 1838.407
1402.552 1791.006
1194.568 1835.348
1350.330 1712.050
1396.473 1749.527
1362.426 1745.657
1220.743 1792.058
1362.365 1720.770
1142.465 1721.541
1409.932 1708.932
1175.558 1779.915
1257.195 1691.268
1351.793 1716.597
1317.088 1743.951
1195.784 1870.253
1181.846 1694.247
1279.661 1613.275
1292.762 1763.042
1236.380 1670.106
1345.294 1694.685
1207.736 1839.221
1154.515 1854.426
1364.334 1639.966
1252.180 1676.967
1319.167 1717.421
1305.626 1809.603
1292.474 1642.668
1200.543 1881.364
1409.877 1654.346
1388.825 1771.778
1356.416 1709.616
1398.386 1713.084
1268.950 1841.839
1202.198 1657.516
1302.975 1670.943
1408.683 1648.140
1208.257 1842.612
1382.700 1707.603
1231.021 1737.812
1349.587 1650.654
1318.257 1812.210
1281.723 1793.494
1395.183 1668.712
1235.968 1649.032
1160.382 1686.109
1389.595 1675.739
1349.834 1672.200
1318.382 1703.718
1204.240 1742.908
1360.721 1884.971
1260.390 1815.805
663.406 1060.328
803.286 1109.810
729.076 1135.698
752.885 1092.736
864.328 1130.881
777.508 1153.104
655.309 1022.085
635.666 1037.086
777.917 1121.066
699.658 1255.801
853.837 1102.374
639.806 1241.910
701.494 1078.283
747.218 1234.455
670.757 1119.662
813.581 1143.477
888.903 1282.034
885.457 1109.692
829.330 1280.833
842.255 1083.103
890.273 1181.605
854.138 1226.621
692.368 1206.355
684.207 1269.548
711.525 1279.153
656.938 1093.022
782.662 1265.171
801.033 1085.697
678.137 1076.122
629.833 1168.041
672.144 1114.867
628.605 1103.867
778.119 1113.973
798.928 1028.306
698.192 1158.611
697.579 1010.885
665.312 1169.625
841.225 1174.427
672.621 1095.935
645.379 1066.420
855.316 1208.539
834.575 1057.941
781.318 1166.130
800.363 1153.847
662.141 1077.307
751.953 1222.339
651.174 1019.257
753.070 1079.516
781.802 1157.962
711.702 1178.035
861.108 1214.647
646.064 1025.560
821.228 1043.062
852.641 1031.371
679.914 1130.872
647.030 1149.408
671.892 1269.497
656.514 1146.704
894.747 1208.084
853.285 1162.779
736.400 1255.463
873.087 1262.490
670.057 1138.395
836.175 1020.759
716.709 1256.386
875.435 1110.808
632.948 1068.758
877.959 1163.531
725.107 1139.474
835.660 1168.446
740.556 1154.673
806.560 1227.249
671.120 1282.669
671.770 1223.939
758.808 1201.853
662.504 1027.725
892.180 1238.343
745.616 1069.710
794.350 1166.056
729.574 1033.958
632.186 1121.560
887.069 1173.411
770.733 1136.718
694.524 1263.312
666.250 1075.234
844.772 1253.449
888.502 1114.088
686.559 1174.018
831.699 1284.175
829.083 1046.110
877.130 1101.575
629.333 1052.102
790.203 1069.212
698.100 1241.284
818.598 1251.933
637.898 1230.436
688.659 1095.628
774.977 1266.889
732.765 1096.259
780.272 1034.744
771.296 1156.451
859.385 1020.163
648.029 1279.879
747.714 1034.008
637.700 1207.488
743.481 1218.032
873.028 1071.293
842.374 1085.690
794.027 1255.525
763.355 1238.201
743.894 1184.114
807.748 1218.425
832.875 1262.243
781.588 1223.008
831.814 1180.688
763.869 1176.363
868.935 1011.888
665.376 1279.993
691.866 1080.214
876.440 1095.402
753.378 1273.237
846.691 1259.979
819.279 1202.344
865.591 1117.352
845.874 1169.498
781.014 1239.610
888.269 1162.167
883.230 1182.686
659.853 1256.207
822.887 1160.640
648.599 1089.102
871.821 1111.050
814.927 1137.857
761.327 1248.325
693.369 1061.616
623.929 1244.758
826.558 1232.753
680.217 1104.735
801.142 1276.524
631.682 1009.790
707.353 1030.268
631.502 1212.438
825.719 1023.702
798.326 1059.319
806.409 1224.919
887.972 1056.505
645.514 1256.478
896.221 1200.705
761.123 1184.815
622.582 1255.943
756.455 1165.333
669.937 1210.820
674.313 1141.900
704.317 1084.691
770.585 1160.139
749.328 1264.596
650.839 1084.257
634.841 1040.493
878.930 1246.571
674.302 1183.713
753.428 1220.502
687.673 1035.762
789.323 1143.840
862.320 1046.634
633.019 1230.109
638.846 1171.370
859.327 1076.044
794.929 1189.414
629.227 1050.276
800.520 1218.667
821.962 1237.328
797.991 1092.461
799.674 1144.904
725.805 1110.844
688.679 1060.581
793.279 1175.752
765.616 1267.566
828.365 1196.382
630.729 1274.578
636.374 1160.778
856.928 1252.187
663.486 1211.917
745.325 1058.317
728.623 1140.896
735.019 1206.255
790.280 1130.712
639.339 1113.853
845.603 1085.435
733.661 1274.744
680.059 1020.448
837.018 1069.986
874.638 1127.817
758.385 1254.198
787.559 1088.606
876.290 1058.488
728.507 1240.568
722.731 1190.719
770.565 1102.852
868.144 1243.161
775.026 1098.692
712.288 1122.072
805.218 1251.625
626.076 1138.103
831.891 1171.807
836.179 1218.632
695.919 1267.917
651.517 1179.899
741.382 1180.740
696.666 1123.993
741.376 1278.881
829.544 1260.409
769.415 1259.069
702.013 1193.093
786.203 1137.525
775.234 1159.742
752.629 1259.765
740.210 1189.749
719.332 1082.964
860.335 1159.428
740.617 1113.649
646.862 1265.406
764.399 1267.968
848.684 1153.020
874.651 1039.418
701.955 1107.303
836.598 1094.517
754.866 1079.813
721.973 1204.811
792.982 1195.316
785.751 1186.921
782.307 1171.734
723.182 1196.046
702.970 1016.404
897.356 1155.993
815.013 1027.278
679.041 1279.618
678.342 1022.174
651.172 1040.279
832.663 1254.946
878.291 1014.471
733.552 1145.033
656.718 1220.208
660.076 1042.956
781.451 1033.741
625.313 1220.631
718.905 1194.424
689.963 1013.888
871.431 1103.326
625.928 1129.276
860.865 1279.429
857.954 1270.891
689.978 1188.869
681.943 1206.857
859.507 1257.658
623.630 1223.039
758.845 1269.910
894.786 1032.808
751.195 1246.298
642.093 1045.283
754.443 1286.107
876.117 1270.145
898.326 1159.370
725.579 1120.818
812.899 1046.246
764.372 1176.985
749.956 1253.601
797.267 1240.341
645.694 1045.913
647.043 1142.237
892.734 1273.688
693.983 1071.790
798.484 1085.022
736.160 1047.445
635.541 1250.455
695.187 1251.118
764.715 1159.507
818.177 1110.368
881.877 1051.964
785.415 1053.761
859.722 1090.922
832.342 1095.019
758.788 1262.439
710.046 1264.109
866.255 1238.594
680.129 1215.337
778.908 1265.431
791.281 1189.450
639.364 1086.962
821.900 1053.577
712.746 1213.837
720.161 1015.423
746.292 1144.653
840.880 1277.963
634.623 1023.702
790.032 1186.601
787.377 1060.301
692.456 1180.922
676.202 1164.431
886.634 1164.169
829.171 1229.004
852.271 1189.393
887.306 1062.125
817.135 1056.757
826.561 1087.316
708.105 1270.817
722.991 1223.599
686.608 1016.849
845.606 1204.458
737.591 1182.097
820.161 1126.543
884.752 1203.218
677.540 1075.428
780.986 1098.875
681.222 1148.355
867.472 1099.003
702.387 1265.482
834.240 1174.838
629.762 1185.525
779.778 1268.598
807.569 1108.186
736.788 1223.447
854.236 1067.199
716.044 1137.087
687.154 1234.096
741.964 1062.541
657.166 1248.796
742.753 1039.220
844.855 1134.250
738.796 1212.521
763.672 1080.165
687.189 1111.656
817.353 1247.028
627.263 1222.908
817.241 1156.604
747.583 1260.967
678.638 1113.810
891.744 1277.504
845.203 1119.759
714.032 1196.754
822.920 1244.167
624.024 1037.460
889.825 1188.168
674.486 1206.837
659.256 1245.412
876.974 1242.657
661.206 1123.018
815.273 1104.471
626.372 1150.997
654.200 1065.962
855.339 1073.654
740.719 1016.885
755.654 1231.481
728.001 1048.799
684.660 1104.285
898.982 1225.696
861.769 1269.195
682.198 1101.045
700.041 1185.681
705.969 1207.027
830.407 1012.712
694.180 1179.744
815.777 1247.695
810.595 1130.489
748.653 1087.451
895.227 1159.031
753.064 1264.482
694.973 1085.071
628.747 1074.376
819.583 1032.446
663.305 1126.169
870.695 1104.232
648.992 1139.329
823.897 1010.929
673.375 1125.255
781.559 1148.613
772.456 1104.275
734.485 1205.106
877.378 1240.900
848.008 1120.828
820.502 1057.022
821.298 1136.275
876.669 1150.931
786.991 1137.466
864.945 1072.133
887.632 1209.954
754.697 1208.378
818.427 1182.238
829.858 1243.360
774.669 1127.725
866.871 1097.386
781.459 1010.188
766.557 1091.240
789.220 1028.418
629.459 1235.131
815.576 1009.325
702.492 1127.522
667.881 1237.250
808.966 1039.922
803.635 1158.489
651.684 1270.047
824.208 1164.914
677.112 1190.590
732.551 1130.482
689.313 1217.957
728.074 1268.584
763.812 1204.820
848.916 1043.010
752.357 1262.826
763.948 1258.946
673.214 1218.455
815.104 1259.946
690.818 1255.796
633.444 1139.735
846.405 1016.156
895.394 1109.890
801.689 1205.920
658.935 1099.879
729.789 1159.571
747.359 1126.826
830.130 1204.103
734.852 1230.812
737.759 1074.958
870.322 1064.864
661.832 1220.682
784.372 1202.230
722.870 1255.672
763.972 1196.348
889.312 1190.213
753.198 1138.046
837.903 1133.600
709.470 1009.149
677.946 1036.447
807.568 1076.328
897.324 1039.231
705.874 1266.464
844.544 1210.811
743.135 1123.937
782.575 1200.165
836.206 1255.803
664.598 1223.543
660.615 1283.594
785.127 1020.410
745.540 1237.620
814.593 1274.848
891.951 1077.053
724.931 1156.095
877.324 1081.057
847.913 1270.949
771.597 1258.461
794.725 1093.972
880.615 1088.513
843.007 1055.580
895.449 1121.057
869.005 1199.523
720.190 1271.946
666.930 1183.929
880.928 1076.739
642.029 1100.127
718.334 1135.326
834.233 1204.134
767.379 1208.190
762.074 1236.627
715.684 1279.531
712.612 1112.999
760.908 1098.168
705.587 1176.404
673.165 1142.153
862.751 1230.852
703.431 1181.794
876.430 1143.801
731.621 1017.722
899.075 1111.791
695.241 1094.503
848.713 1283.011
691.059 1096.046
736.013 1070.078
636.510 1182.619
694.943 1241.270
671.787 1033.796
713.590 1120.021
858.866 1264.030
692.038 1153.917
670.437 1144.649
826.931 1172.123
713.063 1258.733
727.264 1206.526
829.273 1264.432
888.284 1040.401
685.581 1164.341
679.178 1028.580
729.429 1255.420
755.575 1179.550
728.515 1147.629
796.377 1113.941
638.541 1218.069
750.911 1100.513
747.494 1031.215
732.670 1054.841
840.987 1275.724
843.843 1172.928
633.046 1151.542
662.253 1261.151
739.001 1025.720
855.367 1115.069
710.431 1215.094
714.244 1174.109
743.584 1086.862
731.902 1207.767
868.180 1181.434
779.538 1020.587
880.206 1235.860
887.131 1134.926
758.242 1110.672
658.727 1011.443
693.411 1066.254
812.042 1166.226
810.557 1281.703
790.926 1243.944
820.936 1241.038
736.977 1133.006
897.155 1263.332
885.742 1209.188
694.636 1220.946
747.594 1184.238
763.466 1276.041
741.055 1072.803
739.397 1010.940
692.016 1053.735
742.521 1059.138
750.039 1168.891
806.099 1053.946
679.289 1036.120
875.013 1081.835
720.192 1278.516
700.287 1023.259
862.769 1027.098
656.138 1195.332
755.106 1267.306
749.158 1204.640
714.846 1268.846
854.827 1109.611
843.538 1171.041
864.117 1120.060
624.051 1144.708
763.946 1247.518
751.876 1173.744
673.001 1265.583
858.235 1237.812
891.582 1063.819
636.343 1073.799
748.571 1269.985
879.268 1096.290
724.819 1278.051
725.393 1282.080
785.719 1179.389
849.640 1169.026
697.487 1152.533
892.251 1077.680
691.348 1276.380
706.135 1224.553
764.758 1160.583
646.269 1186.742
670.373 1030.850
828.028 1051.806
728.545 1072.936
777.063 1236.792
797.522 1104.962
703.087 1276.217
781.402 1205.709
789.406 1131.700
892.949 1101.603
805.589 1030.244
894.299 1104.367
692.156 1010.322
875.851 1073.237
664.389 1167.050
698.321 1166.807
863.693 1025.478
817.010 1075.148
839.385 1247.299
715.912 1218.742
724.891 1011.051
681.766 1255.160
714.565 1279.021
825.501 1075.575
763.538 1079.622
665.696 1038.714
631.247 1065.847
890.345 1085.530
795.467 1138.070
773.908 1031.859
858.131 1093.816
668.002 1028.711
885.249 1108.473
644.261 1110.015
820.297 1013.031
848.489 1054.532
746.070 1098.994
795.848 1173.825
861.763 1182.387
696.863 1104.197
812.375 1240.089
667.059 1141.612
739.746 1267.934
747.956 1258.545
784.399 1017.426
867.285 1085.375
686.652 1037.703
757.674 1274.719
679.582 1185.476
720.921 1106.347
786.250 1087.235
722.882 1238.357
755.905 1147.069
732.015 1084.195
873.209 1085.323
644.907 1229.511
866.648 1159.654
782.792 1220.615
700.101 1239.960
892.529 1260.235
657.314 1147.297
777.949 1224.774
631.892 1159.562
885.744 1169.587
624.892 1238.378
894.951 1285.083
687.385 1105.997
851.810 1083.865
787.795 1238.742
685.436 1284.381
875.989 1075.543
845.317 1099.839
809.901 1039.007
656.024 1165.752
733.201 1280.505
736.746 1271.170
711.015 1133.812
774.039 1185.531
896.495 1146.625
755.719 1221.241
813.975 1053.253
860.765 1124.340
774.598 1169.489
891.377 1062.781
768.894 1179.897
867.037 1035.634
757.278 1187.134
635.129 1021.019
736.989 1058.530
743.412 1030.161
886.478 1143.163
682.346 1057.901
882.476 1167.968
818.554 1201.611
689.690 1156.293
880.249 1180.420
881.175 1095.448
671.893 1223.746
789.458 1032.803
732.954 1012.349
694.908 1264.079
789.420 1071.125
880.660 1217.941
832.583 1116.660
755.781 1126.756
742.123 1203.251
723.628 1221.785
757.165 1060.291
745.051 1258.547
698.337 1008.760
828.530 1075.492
860.063 1111.098
670.931 1182.391
855.972 1099.616
645.892 1183.074
821.696 1277.932
702.354 1276.894
686.202 1047.558
808.603 1152.152
785.933 1053.181
898.879 1157.852
723.501 1242.171
642.525 1041.199
722.948 1030.230
877.765 1242.976
725.301 1246.707
666.870 1160.942
872.366 1086.986
761.186 1179.753
773.516 1180.272
656.761 1020.328
783.425 1040.811
873.554 1113.075
846.004 1055.425
700.500 1180.692
686.486 1232.305
694.803 1141.398
677.537 1061.641
675.601 1093.412
814.797 1244.908
730.145 1223.752
633.609 1228.432
727.835 1172.307
677.720 1138.801
684.690 1210.738
664.125 1143.727
663.559 1025.980
785.832 1143.325
689.010 1192.167
868.220 1139.180
640.361 1124.532
776.769 1032.820
723.255 1194.648
687.104 1236.506
681.794 1108.505
758.043 1027.315
786.440 1236.055
661.448 1200.723
663.247 1028.831
691.764 1256.615
862.488 1268.423
844.119 1222.974
693.656 1259.583
718.944 1038.387
641.986 1239.941
677.789 1158.505
762.681 1124.031
807.121 1173.581
855.263 1021.401
849.928 1190.724
898.595 1011.873
896.315 1232.626
833.343 1176.922
896.448 1073.688
751.424 1037.235
663.439 1204.730
744.376 1078.204
679.249 1069.729
881.782 1104.248
664.130 1081.819
867.072 1176.853
732.963 1122.288
893.127 1206.538
722.834 1082.915
702.674 1188.120
840.428 1277.103
874.921 1254.108
652.562 1123.299
779.900 1201.843
710.163 1276.575
726.388 1025.927
732.135 1092.285
803.560 1203.513
758.698 1144.435
622.318 1141.096
852.723 1261.013
707.334 1241.666
819.686 1137.644
845.259 1225.016
739.733 1067.007
650.629 1170.042
869.591 1216.131
896.406 1214.711
818.828 1085.699
879.344 1246.849
846.697 1140.311
850.319 1255.867
691.366 1010.164
896.306 1188.741
868.227 1071.014
691.131 1110.442
670.065 1059.099
725.089 1214.978
890.004 1022.401
809.320 1033.947
682.786 1239.012
850.284 1169.927
681.734 1076.545
687.795 1281.049
816.040 1274.464
857.422 1117.304
658.888 1186.170
749.135 1219.016
709.896 1061.850
855.626 1200.737
641.802 1077.649
668.246 1146.571
630.083 1129.091
743.417 1125.398
738.060 1217.615
778.758 1221.858
832.976 1063.129
713.733 1231.699
632.524 1029.977
703.118 1150.391
671.375 1179.999
855.530 1029.050
846.137 1233.085
700.260 1167.892
744.634 1057.614
898.854 1258.436
791.656 1196.170
828.161 1085.687
642.949 1133.422
727.363 1092.427
673.044 1207.145
777.801 1236.017
688.378 1226.897
628.017 1215.574
868.419 1223.550
801.979 1126.398
726.873 1163.310
629.301 1111.647
801.664 1074.806
783.339 1045.581
737.813 1256.471
750.598 1128.066
625.846 1084.329
887.267 1257.451
680.006 1177.530
838.359 1076.359
627.059 1035.277
768.983 1174.521
868.084 1240.324
755.649 1212.174
677.246 1103.351
682.802 1272.050
726.835 1077.802
874.318 1159.726
830.824 1083.036
837.262 1075.769
647.848 1081.054
883.672 1012.724
626.568 1026.321
704.188 1154.899
771.339 1143.061
774.633 1130.791
781.945 1169.284
859.344 1082.260
631.316 1103.040
746.308 1201.552
805.731 1189.020
654.637 1065.272
742.169 1223.694
770.415 1204.261
668.235 1056.262
657.443 1211.399
863.871 1069.971
798.536 1228.431
870.099 1132.740
730.374 1119.975
867.227 1159.771
896.989 1094.830
720.669 1285.738
665.391 1101.233
870.588 1088.378
722.670 1181.504
785.739 1139.943
716.212 1223.778
800.664 1173.402
638.511 1027.760
703.060 1198.488
719.213 1230.309
634.304 1028.488
843.504 1030.949
859.459 1033.831
882.699 1272.704
764.752 1095.574
814.210 1207.439
707.605 1269.532
705.036 1014.997
685.697 1277.629
791.471 1219.143
786.211 1050.098
663.548 1045.397
641.004 1125.687
820.823 1250.919
754.721 1025.599
888.862 1055.627
777.745 1218.322
647.975 1067.222
688.320 1244.671
659.960 1057.383
712.401 1065.905
801.620 1137.066
859.614 1236.170
667.640 1128.206
745.563 1217.978
768.874 1221.257
774.853 1284.436
765.539 1209.770
646.196 1272.313
812.810 1014.611
687.140 1068.908
780.494 1057.489
637.634 1173.910
790.930 1151.953
665.514 1014.284
858.749 1070.586
683.347 1203.135
754.339 1043.652
711.649 1248.704
737.808 1014.656
628.214 1019.677
685.472 1254.317
893.682 1259.735
766.654 1246.973
832.469 1196.787
866.125 1233.669
844.698 1024.279
873.519 1161.459
667.470 1024.751
663.373 1034.567
665.132 1116.872
864.004 1245.189
771.174 1048.122
888.133 1061.730
842.362 1106.267
674.569 1123.508
789.764 1160.855
761.162 1050.552
769.402 1039.032
791.572 1131.339
724.674 1284.770
850.045 1137.517
781.642 1048.580
885.977 1270.668
643.088 1050.360
884.549 1225.187
717.775 1010.959
860.246 1072.879
639.327 1116.917
656.113 1102.190
844.078 1210.898
750.611 1098.050
865.883 1035.075
631.611 1196.628
805.815 1140.675
842.356 1185.958
838.942 1258.223
859.795 1209.476
655.035 1080.393
728.941 1116.789
660.017 1066.772
870.282 1281.654
696.241 1084.009
767.101 1096.021
807.732 1211.592
729.810 1100.193
660.337 1251.499
840.971 1065.672
681.027 1187.032
871.128 1169.187
843.045 1278.408
671.955 1234.992
789.955 1261.616
859.871 1025.287
714.307 1079.150
834.044 1196.420
828.373 1184.802
868.976 1063.034
844.882 1015.175
831.457 1084.793
696.548 1247.944
827.740 1208.750
726.104 1067.766
701.362 1183.585
629.420 1283.231
628.078 1117.900
644.890 1125.284
827.270 1190.081
873.182 1021.111
679.540 1090.204
886.133 1093.198
746.245 1199.378
864.771 1085.614
624.152 1039.723
811.937 1044.678
784.952 1054.628
811.135 1059.020
895.894 1166.734
675.544 1187.075
792.648 1096.107
705.862 1275.264
624.587 1084.445
880.251 1253.317
814.719 1183.916
678.622 1079.376
877.870 1031.760
826.289 1022.002
832.653 1144.163
711.035 1206.971
779.962 1126.868
634.496 1022.746
661.291 1133.936
866.537 1281.173
891.445 1266.720
707.272 1173.431
648.834 1077.708
706.610 1088.410
682.365 1226.769
788.549 1015.724
746.771 1276.047
623.226 1184.570
854.333 1258.380
868.544 1068.280
629.115 1089.008
642.586 1192.571
764.011 1065.552
633.772 1083.597
734.734 1260.458
695.435 1114.235
719.263 1066.856
638.896 1191.957
691.402 1040.623
762.130 1084.620
810.807 1043.776
771.878 1103.420
642.899 1208.407
881.991 1012.177
708.602 1222.396
828.249 1078.892
644.410 1241.439
777.398 1147.923
687.849 1225.557
798.033 1246.000
707.496 1021.952
717.243 1210.834
856.012 1018.143
802.925 1270.994
705.335 1192.123
669.427 1048.067
688.819 1046.371
717.381 1259.925
877.177 1092.085
760.764 1093.794
801.841 1186.295
627.781 1280.126
706.798 1024.916
789.990 1077.723
857.529 1205.389
778.733 1095.048
647.144 1263.564
778.960 1199.830
854.006 1066.557
670.827 1067.272
841.550 1036.656
766.858 1082.403
637.372 1110.578
795.650 1110.018
768.946 1073.592
634.515 1051.301
825.946 1032.606
801.589 1163.795
781.398 1030.341
787.404 1271.574
852.622 1013.993
639.709 1056.455
746.293 1262.736
783.294 1176.991
645.537 1121.888
714.621 1069.348
704.984 1123.991
737.352 1199.041
812.470 1230.844
839.676 1091.933
673.215 1058.125
690.160 1188.451
700.882 1063.187
665.712 1184.871
654.300 1155.270
695.027 1269.026
696.143 1039.894
729.066 1251.541
785.902 1151.070
796.971 1100.336
875.253 1150.717
853.161 1169.158
878.120 1102.156
830.647 1193.165
838.011 1139.821
659.951 1266.211
832.660 1033.389
694.346 1247.159
872.311 1023.525
807.387 1039.094
852.338 1064.860
645.147 1025.154
637.763 1123.018
771.373 1060.519
826.756 1198.315
723.622 1205.294
847.002 1171.072
786.050 1146.877
809.573 1274.336
807.618 1244.254
629.847 1011.527
857.468 1173.724
686.061 1137.966
714.160 1131.693
877.232 1059.359
880.666 1106.671
861.319 1248.046
828.759 1051.436
781.056 1063.959
723.808 1043.295
702.198 1110.914
802.152 1231.867
898.761 1282.137
693.576 1067.925
641.334 1173.059
672.957 1103.594
732.345 1243.095
824.849 1128.948
793.947 1215.520
766.842 1057.519
801.997 1238.171
747.894 1060.983
824.329 1255.334
748.780 1216.619
747.543 1021.559
874.749 1043.344
649.082 1014.471
700.258 1080.500
728.130 1094.152
629.283 1033.774
769.069 1186.117
829.302 1149.680
646.066 1245.255
750.078 1065.721
721.494 1225.308
803.627 1091.579
795.151 1262.467
849.201 1107.149
780.480 1188.399
784.136 1174.895
763.796 1250.513
673.511 1171.310
767.053 1209.326
883.154 1261.361
655.869 1236.323
722.777 1233.810
653.467 1015.446
703.418 1263.487
885.000 1179.767
822.842 1052.736
709.486 1111.532
842.967 1071.225
699.451 1234.487
673.649 1177.813
652.960 1223.055
643.032 1059.537
878.618 1120.992
690.516 1024.063
766.058 1205.621
834.836 1271.901
811.738 1079.163
792.508 1213.288
833.371 1209.703
709.034 1106.922
759.849 1253.917
745.507 1133.925
738.233 1027.338
708.899 1081.805
869.992 1068.900
778.327 1214.110
872.172 1072.096
667.347 1142.156
806.649 1175.613
892.626 1281.670
673.860 1243.036
629.870 1149.054
633.238 1059.693
836.778 1137.521
677.924 1214.978
799.148 1035.644
838.130 1077.237
639.834 1130.336
731.257 1106.386
787.005 1230.064
809.656 1186.340
725.211 1126.006
841.858 1113.872
815.309 1140.138
741.069 1077.794
883.872 1118.741
792.070 1212.349
890.777 1183.106
712.740 1259.453
692.405 1102.160
707.350 1036.844
822.662 1121.745
878.059 1157.388
677.436 1097.261
766.326 1126.546
852.774 1042.611
745.764 1153.030
671.166 1152.405
871.281 1197.044
701.523 1134.331
855.242 1152.645
707.987 1137.566
854.482 1215.282
788.732 1116.946
722.442 1112.640
717.081 1257.207
714.591 1224.998
770.129 1171.924
822.002 1144.471
673.052 1230.231
858.723 1115.652
645.367 1213.278
685.043 1124.504
775.208 1226.377
718.607 1148.796
806.291 1187.288
863.670 1194.987
759.994 1080.542
861.613 1027.880
661.863 1081.265
783.400 1115.448
806.697 1040.491
884.978 1035.025
657.564 1048.584
685.438 1223.161
887.537 1278.694
821.092 1208.317
738.783 1262.819
879.282 1094.901
637.949 1198.029
731.760 1033.235
697.100 1090.054
643.337 1124.533
783.434 1131.311
800.697 1107.353
896.381 1167.884
877.121 1278.778
683.108 1267.044
846.991 1026.968
759.786 1075.878
663.427 1249.441
880.448 1244.115
648.992 1217.970
630.332 1059.320
894.566 1089.624
709.116 1234.629
839.969 1261.732
771.844 1028.925
769.969 1196.476
762.846 1127.272
632.416 1195.060
686.419 1159.433
654.006 1141.267
719.516 1026.299
831.343 1113.085
763.097 1177.880
827.249 1156.298
766.633 1130.350
807.164 1097.015
698.760 1120.316
1153.613 839.569
1191.116 711.844
1092.877 765.377
1064.490 865.412
1303.833 728.559
1300.111 722.508
1120.854 877.244
1297.770 854.349
1103.637 694.777
1147.329 629.965
1175.029 675.652
1224.562 657.513
1289.616 844.549
1092.860 835.626
1164.020 801.470
1181.361 621.692
1338.205 660.348
1296.611 744.046
1161.950 824.103
1138.519 776.166
1309.928 672.424
1067.343 643.282
1231.482 865.855
1088.189 708.120
1320.876 785.534
1285.618 647.342
1266.443 709.308
1267.516 804.197
1257.371 877.887
1130.599 676.415
1248.739 736.800
1288.847 794.953
1145.005 661.515
1207.118 672.466
1159.585 802.897
1163.098 690.672
1238.178 886.411
1211.210 774.399
1319.980 613.800
1204.168 731.384
1160.472 692.656
1122.083 778.864
1282.137 875.944
1133.278 767.107
1171.568 725.905
1228.925 661.902
1186.206 627.785
1272.343 757.743
1161.326 716.464
1317.373 851.616
1139.794 793.958
1110.545 734.062
1283.999 716.131
1225.346 645.113
1181.564 680.729
1222.964 885.629
1141.008 766.941
1287.675 773.751
1078.489 693.687
1143.688 620.322
1192.030 781.343
1294.878 674.493
1105.981 736.524
1127.661 650.056
1275.065 788.936
1330.522 845.562
1085.576 817.992
1276.924 752.754
1155.820 814.946
1309.671 798.692
1101.020 647.150
1285.848 816.545
1162.304 615.469
1272.843 765.203
1285.835 764.913
1297.667 726.299
1158.046 833.766
1304.842 633.606
1318.343 780.216
1291.190 768.086
1241.649 849.901
1263.217 673.718
1237.317 783.947
1295.122 856.942
1196.993 867.760
1197.669 695.351
1122.581 789.730
1207.185 652.566
1177.177 878.746
1274.621 811.355
1212.131 790.044
1103.085 867.814
1253.382 766.759
1257.763 890.191
1089.321 858.961
1302.153 812.430
1259.509 671.147
1230.705 636.530
1186.117 615.264
1069.532 747.856
1142.300 783.702
1134.937 757.171
1238.640 795.650
1163.670 804.228
1308.223 860.621
1129.213 766.368
1079.986 854.804
1284.011 666.212
1146.820 644.875
1293.987 651.583
1191.232 717.338
1143.035 764.637
1270.092 809.609
1106.631 873.549
1179.242 872.718
1305.338 649.172
1075.143 776.770
1257.874 794.153
1152.324 748.548
1186.510 627.750
1076.587 708.949
1152.007 737.494
1130.355 783.494
1315.999 855.371
1290.360 673.947
1174.219 836.185
1097.751 837.254
1081.418 637.043
1247.381 794.425
1320.373 664.759
1152.946 618.275
1179.570 854.274
1138.987 617.444
1082.855 756.121
1275.454 702.013
1190.145 619.576
1228.344 615.840
1100.936 850.005
1186.223 742.017
1118.681 635.627
1296.192 865.386
1121.037 712.796
1146.948 667.807
1288.525 647.198
1326.360 822.180
1255.442 706.092
1285.252 817.795
1286.259 760.910
1231.645 725.605
1141.142 647.829
1240.064 643.788
1107.161 888.269
1306.398 845.451
1117.692 707.638
1207.745 649.943
1312.984 621.203
1197.538 889.270
1285.802 637.704
1130.488 868.474
1314.836 741.910
1104.221 689.415
1137.965 797.403
1085.784 868.072
1254.121 673.287
1276.654 843.794
1174.299 856.894
1141.884 737.167
1210.895 819.817
1287.663 800.084
1141.910 661.440
1296.680 782.299
1099.898 777.489
1086.115 749.042
1329.426 867.288
1068.486 619.655
1138.674 779.605
1310.789 849.502
1279.114 836.992
1114.850 887.013
1170.371 848.481
1166.623 636.259
1281.737 660.107
1174.707 840.887
1154.498 850.781
1212.623 763.895
1273.221 700.473
1271.953 762.454
1154.806 739.099
1293.231 694.157
1290.101 710.055
1193.946 800.540
1302.305 695.898
1141.889 861.193
1079.950 639.938
1334.486 643.466
1102.631 748.453
1180.630 627.523
1190.139 841.730
1309.217 714.108
1113.046 876.253
1303.842 871.867
1309.653 732.467
1213.788 631.633
1310.506 802.873
1128.862 639.441
1318.343 693.017
1116.433 653.329
1100.083 630.292
1186.338 650.328
1139.302 824.442
1075.501 783.674
1288.266 668.869
1122.148 748.852
1320.030 617.783
1112.658 660.332
1312.803 789.773
1283.604 810.287
1173.928 812.227
1291.709 758.243
1178.153 675.536
1175.217 798.321
1108.042 753.360
1127.396 888.712
1092.409 869.274
1211.904 750.118
1239.582 687.410
1268.197 867.605
1063.389 828.366
1195.675 694.595
1168.682 884.127
1080.282 800.607
1260.684 734.301
1251.186 784.467
1095.305 715.273
1165.215 738.235
1229.479 802.306
1248.095 821.633
1076.233 632.796
1262.085 855.929
1155.685 779.708
1063.447 791.720
1098.307 794.912
1339.083 683.924
1205.247 817.879
1102.111 851.936
1277.954 672.565
1145.546 786.005
1335.036 621.144
1085.849 651.971
1252.745 721.166
1105.841 623.072
1328.825 668.426
1329.389 675.811
1249.799 889.548
1289.099 620.654
1334.589 735.141
1327.067 795.697
1199.829 865.681
1213.920 859.972
1302.157 707.663
1067.353 821.143
1177.699 873.027
1221.960 667.802
1186.930 875.250
1212.496 887.767
1279.372 845.244
1081.937 645.638
1191.112 866.201
1065.313 847.706
1214.832 769.142
1205.933 664.284
1074.588 815.811
1162.319 872.585
1078.613 756.215
1213.455 788.010
1073.274 647.863
1258.974 800.082
1165.277 851.405
1283.285 859.867
1294.308 770.203
1241.378 686.382
1285.621 631.845
1073.889 735.170
1239.201 618.646
1194.371 681.110
1110.492 779.878
1108.135 839.422
1123.987 724.150
1124.905 877.249
1266.232 872.083
1145.874 628.645
1131.873 686.596
1311.525 736.781
1196.527 774.958
1205.871 768.228
1136.431 702.868
1143.521 665.770
1283.077 813.059
1168.692 688.735
1321.057 859.069
1320.024 652.854
1192.246 700.089
1256.702 753.724
1113.309 624.160
1150.529 707.815
1204.007 839.098
1082.495 737.094
1094.242 763.185
1282.477 775.267
1138.119 718.159
1245.273 643.779
1338.123 860.304
1220.103 695.607
1250.491 754.839
1266.217 826.234
1179.246 725.254
1332.045 629.946
1128.987 846.487
1226.738 624.167
1217.062 623.490
1313.354 626.960
1076.077 672.017
1091.698 745.438
1175.875 674.474
1098.950 811.384
1302.101 702.511
1091.775 778.893
1206.768 853.491
1263.819 622.720
1188.317 738.654
1079.629 664.293
1256.188 780.643
1270.545 823.704
1197.231 653.428
1167.036 668.659
1161.860 712.694
1250.955 670.241
1186.805 626.501
1284.360 636.547
1201.935 877.263
1220.040 631.993
1320.848 800.904
1073.569 621.391
1127.000 845.773
1136.252 713.388
1217.520 838.237
1210.275 789.773
1309.875 800.132
1325.373 696.742
1126.075 669.513
1096.953 840.087
1189.291 858.925
1088.355 766.654
1226.941 856.411
1285.914 886.726
1252.514 836.269
1219.225 759.149
1329.240 728.809
1242.872 634.583
1268.269 879.389
1065.765 829.177
1278.979 681.971
1213.460 634.025
1168.964 803.397
1072.351 819.693
1316.475 722.597
1205.532 803.385
1118.209 664.579
1264.518 737.573
1304.832 683.748
1074.043 632.216
1301.642 689.200
1087.270 696.372
1221.482 739.373
1068.619 820.995
1276.451 652.540
1157.933 813.284
1334.821 618.935
1177.265 705.444
1158.034 799.837
1111.644 779.503
1102.456 669.403
1247.921 868.219
1195.981 766.747
1094.951 881.107
1067.723 714.747
1089.603 807.790
1091.053 646.884
1227.279 864.100
1337.125 782.593
1100.471 851.986
1064.623 688.928
1329.676 863.854
1287.552 844.044
1163.596 654.941
1138.510 707.291
1150.137 837.715
1187.824 615.439
1140.758 613.675
1113.965 668.974
1076.079 785.899
1092.987 713.179
1108.023 677.862
1283.955 775.402
1195.985 648.676
1199.796 881.283
1208.693 837.715
1164.174 761.876
1270.971 861.551
1203.863 815.303
1063.973 856.332
1223.529 631.195
1271.957 782.113
1203.739 624.443
1239.902 868.226
1279.910 644.555
1110.454 825.463
1190.618 891.249
1154.501 767.888
1287.631 809.136
1247.873 621.492
1259.562 878.629
1182.823 616.404
1114.624 832.367
1199.219 681.465
1120.095 858.133
1110.195 853.918
1333.169 680.340
1170.793 626.132
1240.013 799.712
1211.078 761.355
1293.070 812.110
1227.475 781.544
1145.117 821.641
1283.373 882.141
1074.699 699.127
1116.010 660.429
1168.686 761.098
1219.363 738.939
1071.966 890.501
1250.865 633.187
1118.053 646.903
1220.778 717.776
1238.134 815.585
1117.787 841.382
1240.669 837.490
1125.350 617.322
1252.759 735.465
1084.146 643.638
1264.303 704.576
1276.087 716.785
1298.161 869.192
1206.990 872.996
1267.918 639.823
1167.358 623.702
1137.029 853.077
1205.845 683.186
1108.035 862.539
1072.146 762.105
1285.625 839.130
1283.020 839.747
1324.631 743.611
1279.805 876.808
1100.881 630.542
1240.511 861.093
1096.092 637.239
1264.327 717.287
1233.840 822.204
1144.498 685.111
1310.857 778.052
1129.152 614.640
1135.838 762.910
1322.633 717.220
1267.552 725.773
1289.545 666.805
1307.918 715.014
1273.752 692.245
1132.871 651.187
1125.411 876.261
1074.743 761.060
1074.810 677.372
1301.855 753.314
1167.042 715.933
1131.738 705.615
1284.502 878.970
1221.515 792.631
1107.367 769.219
1147.004 822.479
1312.497 832.329
1312.107 623.598
1303.947 802.990
1205.951 696.430
1172.311 801.516
1275.902 821.929
1305.281 657.955
1123.160 886.214
1239.805 660.624
1114.834 848.411
1263.067 797.672
1326.909 748.743
1283.529 693.161
1221.443 845.499
1172.979 816.876
1301.498 773.066
1276.650 780.790
1157.694 751.664
1128.295 638.214
1324.437 891.121
1124.000 647.856
1130.789 740.433
1264.831 717.055
1114.803 679.743
1290.371 755.217
1255.185 847.978
1265.936 824.480
1140.232 752.051
1301.364 839.297
1114.027 874.291
1128.217 662.083
1294.574 819.598
1063.045 677.204
1093.160 831.887
1275.208 739.981
1133.149 750.446
1221.578 687.338
1210.192 877.533
1305.745 680.408
1073.170 728.282
1131.098 704.744
1118.960 704.566
1263.888 621.124
1111.467 634.687
1156.716 826.288
1064.827 723.019
1318.971 704.157
1099.190 753.293
1082.625 755.988
1217.409 849.072
1262.639 739.394
1102.561 778.007
1324.580 674.057
1229.667 841.522
1131.381 648.126
1073.531 866.532
1120.819 707.313
1144.742 653.968
1244.530 820.187
1120.138 880.372
1149.440 794.667
1309.892 875.629
1333.483 857.992
1165.958 887.864
1310.128 887.645
1084.027 766.542
1190.828 743.123
1294.527 685.749
1321.172 690.351
1277.589 623.649
1299.210 662.401
1207.050 757.615
1323.238 792.829
1269.491 652.200
1302.042 620.825
1311.816 636.055
1186.655 792.648
1082.496 692.518
1122.762 878.589
1083.732 843.615
1303.810 876.721
1225.094 738.358
1164.995 746.679
1199.297 821.431
1108.582 740.564
1223.826 765.823
1066.285 857.172
1332.842 645.807
1242.730 638.716
1091.355 736.894
1164.515 826.677
1119.679 778.618
1243.250 751.421
1170.158 631.956
1180.646 824.205
1105.473 710.532
1062.502 616.737
1197.482 800.896
1155.735 748.430
1096.037 825.429
1062.555 832.235
1077.841 657.409
1107.455 658.742
1224.257 840.633
1294.185 735.112
1208.075 865.545
1288.396 831.775
1173.493 787.061
1276.552 667.752
1323.687 776.014
1108.273 866.493
1238.157 719.667
1298.582 782.036
1082.859 713.176
1192.581 886.165
1210.645 889.729
1119.017 878.003
1306.775 716.297
1322.037 772.007
1301.255 619.281
1279.514 775.874
1246.670 691.110
1152.806 855.046
1291.215 682.777
1164.186 738.162
1220.378 796.923
1069.843 841.189
1223.964 717.463
1089.169 623.497
1136.425 724.676
1082.029 775.583
1094.386 792.498
1305.299 653.131
1147.419 764.115
1137.325 735.769
1295.873 663.043
1256.616 747.425
1062.759 685.452
1237.764 861.308
1167.073 756.220
1099.891 721.447
1210.926 774.569
1076.694 874.075
1081.183 662.079
1239.240 672.214
1334.520 761.011
1284.538 641.007
1151.284 621.280
1216.819 663.162
1072.240 640.967
1297.900 749.786
1087.505 858.893
1338.787 769.960
1179.016 838.269
1094.080 647.691
1269.683 745.023
1269.283 624.092
1209.088 684.581
1189.240 819.023
1197.516 673.637
1220.543 676.116
1314.547 804.191
1230.907 685.361
1312.433 683.866
1171.026 843.318
1150.109 803.159
1274.282 883.958
1302.171 799.054
1127.541 786.983
1305.891 890.037
1298.358 726.510
1254.336 729.118
1279.100 663.952
1160.317 768.841
1183.963 685.414
1197.790 764.442
1184.580 663.993
1101.762 658.894
1260.175 639.833
1248.801 837.449
1336.005 626.518
1261.187 804.653
1128.261 666.484
1308.968 774.567
1291.315 792.575
1292.215 662.556
1063.311 863.600
1166.082 748.236
1268.857 692.410
1082.283 779.393
1164.901 795.886
1175.044 760.131
1120.514 712.900
1282.213 794.621
1061.723 776.822
1313.748 696.201
1198.324 686.544
1236.648 681.542
1106.895 816.623
1216.927 679.006
1216.887 703.754
1322.930 726.564
1180.217 665.637
1075.283 871.720
1108.954 869.912
1286.977 642.594
1196.092 742.608
1215.038 648.943
1170.301 703.370
1333.756 801.766
1172.330 843.394
1253.506 622.418
1078.823 639.795
1071.989 887.952
1093.960 829.859
1301.786 642.688
1227.979 838.765
1146.665 689.584
1167.837 638.255
1328.771 727.908
1066.573 760.615
1303.868 807.755
1184.800 861.175
1256.430 713.682
1204.134 684.667
1068.459 802.362
1099.421 841.827
1298.295 694.104
1108.567 862.343
1085.406 731.580
1238.103 699.814
1114.380 623.823
1119.509 849.964
1220.037 725.780
1336.648 761.093
1189.632 784.500
1214.638 758.642
1283.324 886.729
1326.541 634.931
1176.246 878.621
1221.497 814.001
1263.907 880.046
1265.737 727.485
1318.172 644.820
1270.635 665.253
1122.520 847.206
1202.123 726.288
1316.211 622.319
1222.383 815.910
1317.670 665.633
1203.281 642.860
1191.486 667.702
1331.098 859.891
1315.707 810.815
1109.292 715.343
1287.486 628.862
1100.702 844.917
1290.807 879.576
1194.545 790.650
1247.435 719.256
1306.288 791.496
1226.341 831.288
1140.532 740.034
1191.427 726.675
1338.573 792.247
1098.192 776.061
1315.122 844.149
1219.703 691.815
1294.635 876.632
1315.864 785.216
1120.352 824.334
1158.571 820.927
1146.397 794.274
1199.795 763.069
1284.617 722.332
1213.123 806.552
1145.095 827.218
1088.674 858.619
1105.344 638.956
1320.696 755.153
1323.301 780.977
1283.412 864.552
1326.737 744.143
1078.720 865.454
1296.731 884.707
1214.948 867.361
1232.878 848.313
1092.256 621.572
1328.888 728.239
1274.572 727.496
1067.403 837.637
1332.275 836.537
1145.691 841.300
1289.182 700.586
1165.000 631.914
1336.048 671.323
1061.933 725.337
1333.332 855.904
1132.883 724.489
1182.798 883.749
1202.247 746.966
1294.739 739.862
1162.548 814.437
1319.373 885.476
1156.259 619.841
1242.698 872.359
1268.271 737.384
1249.725 695.725
1236.842 806.320
1109.255 849.207
1113.949 616.700
1134.668 855.633
1313.085 890.794
1225.401 786.970
1191.485 813.665
1113.045 655.669
1297.718 740.310
1186.432 692.981
1196.839 734.279
1089.280 678.034
1083.893 783.645
1129.006 877.537
1265.571 745.726
1315.620 650.483
1195.482 663.208
1107.244 723.341
1214.474 624.521
1136.631 617.741
1211.513 850.632
1215.594 877.464
1162.345 757.454
1185.159 742.685
1115.572 756.741
1331.763 819.939
1154.152 685.444
1235.186 713.453
1123.985 836.369
1306.475 619.170
1159.582 754.797
1151.413 818.946
1125.189 732.575
1242.212 719.069
1314.406 658.317
1229.604 737.741
1251.769 779.167
1068.082 858.125
1190.593 809.870
1306.914 795.715
1205.694 674.806
1229.171 834.343
1262.134 618.474
1296.276 796.764
1108.977 888.902
1234.109 619.807
1111.444 857.227
1104.981 653.338
1316.763 837.264
1082.129 737.781
1131.477 769.772
1225.018 616.537
1275.468 886.320
1288.947 865.146
1308.329 663.416
1074.126 824.397
1194.979 819.516
1121.218 720.556
1318.839 824.457
1222.838 808.033
1185.843 863.993
1175.817 729.154
1316.911 873.109
1282.424 725.542
1159.666 890.784
1152.851 859.252
1286.407 684.848
1172.119 623.685
1076.080 622.252
1155.293 723.061
1069.754 817.107
1070.413 862.865
1326.179 613.597
1259.313 745.217
1257.398 626.363
1309.712 773.027
1197.329 618.782
1083.114 806.242
1134.175 745.983
1090.594 695.263
1268.304 764.775
1321.392 809.598
1207.507 705.582
1254.973 841.468
1179.995 642.396
1306.113 659.649
1181.059 786.674
1204.089 692.778
1235.681 772.276
1241.788 679.407
1087.565 810.928
1101.950 811.866
1110.592 812.378
1125.493 662.460
1237.737 624.001
1261.672 621.076
1286.201 685.852
1192.632 687.767
1157.093 675.841
1128.808 887.265
1082.129 690.137
1178.981 833.514
1210.547 743.213
1321.550 623.692
1139.148 646.612
1100.631 676.255
1206.050 859.861
1086.807 833.769
1143.647 671.951
1110.855 768.712
1212.164 800.257
1296.928 803.368
1115.077 766.682
1202.155 842.783
1126.278 720.119
1246.946 795.242
1150.133 671.532
1080.200 672.219
1139.581 682.740
1257.663 660.344
1259.015 791.038
1269.513 634.507
1177.750 886.480
1110.995 879.280
1274.304 648.776
1112.820 834.346
1087.009 733.703
1216.502 822.898
1151.638 790.402
1242.397 728.278
1063.219 832.753
1248.381 663.867
1147.488 712.980
1209.748 678.360
1157.500 887.152
1230.683 634.260
1225.059 692.297
1160.678 871.337
1176.776 615.835
1315.174 635.829
1082.208 854.197
1146.163 665.517
1249.884 791.860
1193.094 753.753
1071.620 844.283
1181.243 753.086
1215.262 664.650
1166.638 749.903
1264.845 777.806
1096.186 656.483
1088.589 647.967
1164.371 687.975
1243.133 786.798
1061.513 674.653
1176.600 715.052
1080.187 627.262
1323.742 767.458
1216.100 874.805
1103.386 626.788
1178.316 799.142
1125.194 769.049
1309.027 747.891
1248.322 786.746
1166.742 887.479
1165.932 749.781
1332.558 767.287
1144.190 662.217
1182.201 876.141
1203.766 640.508
1150.994 693.710
1312.201 829.583
1104.108 637.784
1077.426 786.328
1232.430 687.504
1294.479 618.530
1130.590 720.468
1112.421 873.487
1066.213 813.378
1270.704 623.607
1329.069 794.591
1067.151 733.593
1240.682 740.052
1273.524 758.501
1279.464 691.186
1327.420 640.682
1101.675 868.776
1302.918 827.587
1255.149 811.872
1285.508 751.096
1092.295 671.532
1131.785 699.147
