100 5
25.000 25.000
48.582 30.901
50.000 26.792
41.311 23.584
44.086 33.359
44.486 23.870
49.787 22.348
47.513 30.949
45.222 25.822
43.218 24.372
41.252 32.376
43.803 33.632
49.016 29.938
47.974 24.586
43.030 32.519
42.714 32.483
38.751 24.682
45.721 31.623
43.253 22.810
48.729 33.005
50.000 28.903
46.549 30.123
40.795 32.853
43.251 26.233
46.378 32.429
41.876 23.357
42.573 32.696
44.990 23.545
45.040 27.562
24.360 47.268
24.822 47.175
25.918 42.686
29.079 48.431
29.058 43.048
31.634 47.735
22.114 43.019
24.846 50.000
24.134 48.857
29.114 49.439
22.553 50.000
28.599 43.262
25.995 46.427
22.891 41.872
21.487 43.492
30.528 41.361
21.877 39.276
20.955 46.276
20.640 43.736
30.362 45.819
29.064 41.365
19.955 42.590
4.461 34.270
0.098 32.001
10.450 30.470
5.202 32.386
5.830 29.223
1.905 24.441
7.683 24.218
10.100 35.627
7.703 29.626
1.073 31.065
0.000 24.349
10.362 30.467
2.510 34.146
6.282 35.276
9.753 35.382
10.918 34.335
7.596 33.747
8.872 27.264
6.968 23.861
9.112 25.916
1.781 34.298
4.323 31.633
6.712 23.712
0.930 35.441
9.563 30.709
3.238 26.852
0.312 32.370
0.742 27.645
33.620 4.236
32.569 6.870
30.672 0.624
25.001 0.746
25.069 10.465
25.846 5.007
24.064 2.569
24.846 5.569
32.173 4.343
28.338 1.065
23.992 6.045
24.135 9.790
24.556 5.509
33.084 7.484
26.358 5.454
32.378 0.000
33.893 3.980
32.781 7.839
33.611 6.786
29.511 5.883
28.709 0.496
