50 2
10.000 15.000
11.379 17.331
12.895 13.265
12.469 16.927
11.280 10.201
12.805 16.138
10.407 15.735
17.976 9.502
11.090 18.304
18.584 18.630
18.897 18.581
14.876 12.266
11.069 11.569
19.428 11.782
15.234 13.455
16.888 12.842
19.321 12.290
15.627 11.806
16.497 10.193
14.924 9.141
19.033 8.711
13.537 10.103
17.030 12.194
22.604 16.753
19.770 13.244
15.986 16.327
16.068 11.170
18.697 9.241
15.468 12.114
13.815 14.224
15.111 14.277
19.752 12.092
20.880 15.336
18.141 14.850
18.559 11.548
17.242 14.705
17.086 10.571
20.500 10.849
20.439 13.917
17.086 12.822
16.578 15.038
12.792 13.617
13.325 17.761
20.367 19.441
19.171 18.136
21.217 16.807
17.009 11.136
17.332 15.066
14.443 16.405
22.331 18.868
