200 2
50.000 50.000
66.137 46.696
68.451 42.713
67.704 43.860
64.415 48.457
71.266 43.704
70.049 47.998
66.591 45.174
71.673 47.063
71.523 49.876
70.139 47.040
74.205 46.896
75.352 44.958
69.937 39.611
72.586 46.496
72.089 40.132
70.959 43.362
68.918 40.103
71.156 48.911
72.230 46.631
67.609 43.500
70.211 44.546
63.554 42.099
66.202 46.874
66.661 46.898
67.541 44.828
71.645 50.569
70.710 44.233
71.833 48.936
63.944 49.253
71.884 46.411
72.375 39.680
73.983 44.329
63.959 40.067
69.055 48.673
65.299 48.769
64.562 47.960
64.039 47.225
64.188 47.559
74.122 48.270
67.822 46.979
72.629 47.951
63.556 48.521
68.180 40.909
68.009 39.209
69.003 50.121
67.901 44.531
68.567 39.832
73.074 48.184
68.519 46.865
70.705 48.962
71.614 42.136
72.457 40.076
71.738 46.494
72.908 51.022
69.534 39.437
66.456 45.142
66.460 49.998
72.353 40.527
65.578 42.631
71.955 46.826
67.113 45.908
74.673 46.655
63.439 42.704
70.047 46.407
63.766 47.061
30.930 67.624
37.840 66.410
39.243 67.349
42.744 70.824
37.627 61.735
41.389 69.063
35.934 68.847
35.196 63.363
31.706 62.670
31.524 61.067
33.689 63.948
34.045 66.744
38.904 70.388
38.160 67.918
39.575 62.692
33.541 66.209
35.939 70.303
34.618 65.851
33.631 68.112
41.775 60.298
38.554 68.091
34.487 64.173
33.303 69.311
36.585 63.010
35.112 59.193
37.558 65.672
31.689 70.102
31.743 64.019
36.017 65.778
41.556 63.534
40.266 62.172
36.057 70.176
35.421 67.044
33.606 59.856
32.427 67.620
42.416 63.305
31.492 64.646
41.716 67.799
42.514 69.279
41.782 59.389
33.283 62.148
32.437 66.299
32.578 62.179
31.919 62.715
38.906 62.525
38.681 68.669
39.048 59.200
40.645 69.102
34.826 68.507
31.512 64.403
34.533 63.740
34.184 69.489
36.310 63.451
38.669 60.548
35.208 65.292
35.956 60.080
32.088 65.842
41.274 69.015
32.655 59.817
37.019 69.570
34.169 59.819
31.330 66.297
35.623 68.082
39.943 65.717
35.784 65.103
37.810 64.883
40.166 32.190
38.998 30.484
40.397 27.345
44.955 35.743
40.781 30.516
40.166 37.008
44.645 32.569
36.024 38.442
42.018 35.740
39.701 38.802
36.660 33.694
36.390 29.981
34.679 37.899
35.088 37.310
37.860 37.046
42.906 33.134
40.053 32.071
36.617 33.165
39.290 28.970
37.794 37.298
35.773 32.351
45.031 38.075
35.620 28.932
43.637 36.863
39.057 32.247
39.049 27.973
45.421 38.187
45.190 38.447
39.484 27.464
43.147 32.516
41.713 31.161
38.958 36.057
34.303 26.863
37.057 32.121
42.092 27.103
39.452 35.489
35.826 30.428
45.540 30.028
35.371 35.589
42.528 27.007
40.092 37.305
44.742 33.385
43.416 32.606
44.919 32.290
39.300 33.708
41.663 28.619
38.141 37.115
45.229 34.448
42.200 29.416
45.193 31.112
42.898 28.929
37.549 32.044
35.580 29.952
37.777 33.703
39.278 29.073
39.341 31.171
45.546 33.554
42.906 34.925
43.331 38.465
35.336 35.292
40.543 27.671
35.947 30.538
37.800 33.203
34.553 31.032
43.931 30.916
34.167 27.300
35.909 33.100
44.681 38.538
