200 5
10.000 90.000
64.212 63.308
66.903 65.448
65.607 59.347
66.502 67.951
63.039 67.180
63.917 65.634
62.648 67.234
57.609 64.357
64.176 60.330
61.266 63.336
58.932 63.781
59.846 64.107
64.559 60.391
67.026 64.090
61.027 66.051
66.946 64.003
60.113 61.964
58.475 68.367
66.423 59.685
65.702 60.326
62.787 59.668
58.275 59.859
60.871 59.740
60.542 66.386
59.518 63.973
62.456 60.460
57.667 67.184
61.058 62.369
60.104 59.552
66.723 59.708
63.108 61.377
61.009 59.839
62.651 67.627
61.184 63.820
65.660 62.857
64.013 68.801
58.538 66.567
59.812 67.858
58.429 64.648
66.283 63.888
60.573 65.339
57.358 68.188
64.813 66.017
64.689 60.827
64.331 65.920
61.302 69.308
63.261 60.857
58.011 64.080
60.617 64.982
66.784 62.851
58.409 61.302
58.564 79.109
56.724 70.257
65.446 77.077
63.274 71.896
62.150 76.011
60.296 71.109
63.574 75.788
63.569 79.146
63.498 73.876
57.684 74.952
60.843 78.249
63.014 78.086
60.032 70.253
65.305 73.128
58.136 77.890
64.003 79.623
57.939 74.390
65.334 70.248
58.970 72.814
62.003 70.156
63.018 69.886
64.713 71.608
57.810 77.896
57.505 69.951
65.576 78.743
56.487 69.809
60.375 76.293
66.228 77.610
58.026 79.098
65.168 76.114
57.401 76.809
64.071 71.214
63.967 78.938
63.125 70.685
63.461 74.735
60.238 71.545
63.033 70.334
63.459 72.914
65.446 79.794
60.561 72.878
56.729 79.794
59.346 78.627
59.678 73.064
62.223 71.539
42.130 62.402
49.776 64.945
44.168 67.129
49.184 68.539
45.240 68.226
43.416 67.011
47.147 63.111
50.328 64.810
43.489 61.182
45.835 62.842
43.783 63.934
50.537 67.446
44.650 67.146
44.066 60.152
48.864 64.915
43.582 59.623
43.154 60.088
45.248 67.962
48.124 66.276
49.089 61.236
43.445 62.163
43.059 67.625
44.329 68.102
48.866 60.866
47.597 68.117
42.376 63.380
48.113 60.495
41.324 62.286
43.189 65.949
43.117 59.170
43.394 62.659
44.764 58.920
41.434 60.953
48.948 65.340
48.370 65.433
45.811 65.296
50.412 61.624
49.735 65.047
45.630 67.247
47.872 59.097
47.516 64.312
50.594 59.902
48.135 59.806
50.338 61.792
46.798 59.896
50.325 65.156
44.865 60.965
48.921 65.586
44.606 61.416
42.195 66.927
67.744 83.243
59.943 83.619
65.928 75.612
67.212 83.035
63.041 75.844
68.194 79.929
64.938 74.832
62.650 73.933
68.887 74.822
63.900 77.933
60.890 79.632
64.269 75.497
64.847 83.394
59.717 76.679
65.091 80.542
62.186 80.573
66.480 77.181
63.179 76.353
61.617 78.174
68.747 82.860
68.964 81.916
63.547 75.427
61.750 81.260
62.201 75.425
62.842 83.062
68.121 78.761
68.643 77.196
68.238 74.200
67.850 75.731
59.405 77.035
61.586 83.638
67.565 77.305
60.592 79.200
66.933 82.606
67.101 75.499
64.506 74.564
61.171 76.586
68.249 82.592
68.923 79.828
66.688 82.870
61.046 80.254
62.453 81.681
63.930 78.749
67.104 81.094
64.374 78.687
67.902 76.986
63.291 74.722
61.856 77.785
68.506 78.092
60.504 74.698
68.536 78.343
67.775 82.345
67.896 78.915
59.984 82.318
