50 5
15.000 15.000
15.080 18.933
15.268 11.638
13.966 19.053
16.189 16.098
14.727 15.123
16.649 10.764
16.369 17.654
20.024 19.144
15.008 10.465
13.615 14.005
22.162 19.781
16.676 12.938
16.908 12.845
19.051 11.281
13.762 17.366
15.842 16.705
19.997 13.683
24.914 7.659
17.860 4.028
24.192 6.272
18.747 6.836
16.426 4.413
18.776 12.224
19.665 10.427
23.281 12.933
19.960 8.345
19.037 13.145
19.142 6.640
15.841 13.768
21.739 4.563
17.347 11.998
9.108 23.751
10.214 23.750
13.551 22.739
11.269 21.005
10.395 22.757
10.875 15.099
8.251 15.424
9.227 23.906
5.465 23.858
11.242 14.746
12.419 17.496
8.492 21.745
11.344 22.115
6.672 17.847
4.556 16.505
7.197 17.939
12.430 15.211
10.790 22.730
