50 5
17.500 7.500
21.645 15.451
22.715 15.364
25.000 11.257
22.374 16.238
25.000 14.616
25.000 12.517
23.419 24.117
25.000 25.000
25.000 22.022
25.000 24.412
23.452 25.000
21.969 21.061
24.247 23.474
0.000 25.000
5.636 25.000
1.394 25.000
0.000 24.002
3.532 25.000
0.000 22.623
0.000 24.678
0.234 14.852
0.000 15.417
2.603 14.161
0.000 9.831
1.365 13.508
3.315 8.834
2.799 9.182
0.000 10.109
0.000 14.290
0.000 11.161
1.653 0.000
0.000 0.000
0.528 0.860
0.000 3.424
0.000 1.798
25.000 2.359
25.000 0.000
24.216 2.599
25.000 2.177
21.607 3.523
7.242 18.577
7.834 17.958
24.736 13.422
23.106 21.498
18.162 6.899
18.712 24.179
14.294 24.881
22.178 1.834
24.011 4.114
