500 3
137.500 112.500
185.459 109.729
192.677 120.548
195.113 117.097
198.982 115.548
187.530 112.200
184.760 115.198
195.174 119.659
199.472 119.248
189.662 110.623
191.124 113.947
188.865 114.542
189.515 114.482
184.125 110.541
196.403 111.242
195.227 109.476
190.072 124.962
188.837 111.450
196.501 126.159
189.211 121.110
196.784 113.820
197.566 124.676
184.567 119.931
191.723 111.451
184.151 125.625
200.027 112.562
194.132 124.725
185.856 124.606
198.029 112.789
186.323 122.170
185.238 125.681
189.455 113.470
192.568 123.262
188.740 118.945
184.601 125.153
187.067 124.688
200.193 113.962
198.821 112.448
197.228 116.072
187.564 119.013
199.429 117.835
185.589 113.776
184.562 122.961
189.388 109.602
196.303 119.686
195.156 110.739
198.734 121.348
185.550 113.157
191.338 114.812
186.307 114.966
196.336 114.628
200.039 111.453
192.130 118.481
196.956 109.422
187.009 115.838
199.448 126.478
189.316 114.000
186.267 114.429
189.481 114.796
197.055 117.036
191.202 113.448
186.313 111.362
192.917 108.899
191.770 121.594
191.284 120.153
186.649 113.474
186.845 115.169
191.551 109.371
192.652 121.508
200.900 126.228
189.555 125.287
200.299 125.925
191.389 117.490
185.719 109.492
190.875 115.133
197.260 126.653
192.447 109.255
195.380 110.790
120.868 191.881
124.264 192.875
110.947 184.274
119.408 180.839
121.868 192.165
117.741 181.398
111.107 187.868
110.347 181.455
123.667 185.488
124.637 192.923
113.833 189.439
113.091 183.901
115.094 184.411
111.429 180.481
125.926 193.274
121.377 188.386
121.254 187.289
111.192 190.664
116.608 193.089
120.515 191.899
116.054 194.270
119.419 187.331
122.255 188.408
114.074 195.952
116.957 187.290
120.645 195.350
117.012 192.452
123.817 182.066
116.430 192.890
124.072 190.683
109.433 183.459
112.338 182.219
114.721 196.089
119.980 190.187
124.286 188.832
124.667 191.034
112.105 188.932
109.090 183.687
112.511 194.929
115.573 195.970
111.486 183.392
109.116 181.335
108.754 182.495
116.906 179.671
123.623 179.435
126.381 189.226
112.146 180.083
113.845 180.240
110.835 182.255
112.889 187.060
116.204 195.448
122.452 195.845
123.062 178.885
114.100 184.222
123.958 196.037
122.504 183.506
111.929 183.040
111.393 192.869
125.606 196.374
116.868 192.165
116.349 187.421
125.595 195.463
111.370 182.098
117.432 179.668
122.987 180.094
111.192 183.093
122.151 185.337
110.400 192.181
116.297 184.899
118.049 194.614
125.646 182.447
111.758 192.016
114.319 181.695
125.293 193.632
114.915 185.719
110.980 180.498
124.325 183.903
121.342 185.284
115.590 190.041
125.006 190.675
115.670 195.221
117.590 194.968
118.511 185.003
111.245 190.698
121.800 192.071
120.772 189.348
114.805 193.821
118.135 186.969
113.771 179.319
114.980 181.893
121.967 187.786
109.774 193.365
111.824 186.977
126.023 182.527
112.424 181.178
122.621 190.787
113.378 195.431
118.722 195.695
117.558 195.657
124.068 178.876
119.735 194.426
125.913 188.380
117.904 186.765
110.389 183.365
117.301 188.004
116.909 189.680
121.702 182.318
121.883 191.873
125.498 190.635
114.115 181.162
121.321 190.748
113.383 187.014
119.055 188.120
116.217 185.241
117.342 184.896
119.512 184.789
125.470 185.721
121.281 193.569
114.823 178.922
122.216 190.333
122.250 185.571
125.738 184.195
112.373 186.831
119.165 193.803
112.833 188.865
121.976 180.807
120.268 184.208
114.145 194.565
118.673 190.479
122.172 192.071
112.497 194.178
114.139 193.790
120.022 181.801
120.429 195.123
124.872 192.194
119.341 184.077
125.399 184.268
115.144 185.422
124.010 193.080
69.887 122.292
84.417 124.593
74.865 127.842
85.135 130.254
73.693 120.314
77.969 127.215
72.096 118.621
81.095 124.714
84.720 125.664
85.215 126.959
69.148 119.599
76.340 127.169
83.743 130.082
82.060 121.553
75.947 129.107
82.560 127.891
75.758 119.072
70.072 126.655
85.186 127.060
72.550 122.812
73.507 128.371
80.861 113.081
83.588 128.233
73.890 117.601
77.864 121.318
76.003 129.827
76.939 128.054
74.172 118.534
78.146 128.115
78.960 115.209
81.685 121.341
73.859 127.114
79.333 130.651
73.486 123.131
70.585 121.345
75.421 113.828
74.523 130.524
80.861 118.952
82.761 123.516
75.886 130.409
83.826 119.054
81.407 123.487
82.915 118.964
81.163 117.338
70.766 117.253
69.856 120.709
72.331 120.351
82.660 130.054
76.902 125.569
78.319 119.272
71.691 126.526
80.786 119.522
72.330 122.483
75.713 120.936
77.175 124.472
68.751 115.716
74.086 115.017
75.597 115.743
116.871 56.629
130.169 64.883
121.456 51.817
119.715 65.733
126.512 49.396
116.437 49.482
120.915 64.110
115.308 60.493
117.683 55.881
125.454 66.447
125.613 63.550
126.898 51.004
127.055 61.926
129.499 61.151
128.616 56.372
121.477 57.978
129.972 65.749
115.785 53.263
119.524 53.177
122.109 52.026
113.084 66.448
112.695 62.318
118.774 58.663
125.732 60.972
121.395 57.813
113.988 57.091
127.508 50.144
123.836 55.336
123.054 54.432
128.264 64.556
126.706 49.563
126.742 52.109
115.463 49.056
121.137 65.928
116.193 64.662
122.004 60.309
113.151 63.626
113.889 66.358
129.312 53.699
130.255 50.558
124.435 60.211
116.226 57.806
126.398 54.626
126.346 62.005
128.892 50.423
119.194 52.209
122.783 50.952
114.936 55.825
126.853 52.719
125.318 55.410
124.670 52.559
115.072 61.193
125.729 53.020
124.205 56.313
115.462 57.719
121.686 64.569
128.782 55.164
113.763 53.415
127.033 62.911
125.778 64.191
116.501 49.498
117.567 65.201
122.607 58.948
118.796 58.058
118.109 62.974
121.294 65.273
124.949 59.432
128.458 53.562
123.938 64.352
115.695 63.419
130.319 51.838
123.980 50.481
126.539 60.500
114.298 56.616
121.532 52.038
118.565 60.831
124.101 65.733
129.172 51.694
125.384 56.671
114.469 64.443
121.500 49.178
124.164 58.101
116.191 63.553
125.376 65.504
129.108 57.631
118.113 64.302
127.466 50.258
116.765 51.842
129.177 62.224
127.547 62.624
125.322 63.080
126.003 59.570
114.675 50.469
128.975 62.824
121.842 64.132
115.410 55.894
120.921 57.214
113.603 53.718
124.694 59.743
125.538 61.727
127.892 57.935
114.057 66.302
112.826 57.058
126.431 59.925
124.737 57.236
121.219 57.360
123.204 64.696
129.023 61.861
116.606 65.012
123.571 66.183
113.417 56.865
125.909 62.587
124.672 50.774
119.879 64.258
122.305 63.279
129.060 62.313
127.884 50.673
125.905 56.400
127.637 62.672
113.611 61.886
127.910 60.500
129.676 57.077
130.191 51.167
125.270 60.128
129.075 54.613
126.269 169.341
137.302 128.681
120.556 68.093
136.459 109.691
136.061 130.129
110.317 119.182
128.499 153.007
148.332 114.279
125.624 69.429
120.909 115.545
134.990 135.053
119.670 166.600
126.957 161.254
121.001 176.426
164.514 115.732
83.647 121.598
184.472 119.580
126.376 144.993
131.229 115.199
152.982 112.767
125.498 111.947
132.292 130.138
128.256 96.487
163.830 116.425
185.401 119.173
125.550 73.893
167.765 118.048
182.810 116.582
152.881 114.307
134.047 92.353
175.821 115.762
131.510 146.168
180.392 118.379
134.673 132.418
155.723 114.638
163.572 115.132
122.707 175.147
117.401 178.508
122.766 177.417
161.627 115.224
120.727 179.510
121.480 173.725
132.758 133.742
102.870 117.015
133.628 104.782
118.477 178.960
181.446 120.243
121.088 159.128
125.681 67.213
171.778 115.655
139.360 109.349
126.744 117.963
123.052 70.802
125.563 155.324
99.824 120.821
121.246 117.290
123.829 60.677
189.616 113.713
122.143 117.676
132.865 119.640
103.312 207.481
143.854 36.323
114.033 8.969
49.233 62.164
24.233 56.079
7.688 114.023
173.133 42.027
91.954 200.234
28.233 233.308
232.141 177.603
228.932 51.670
157.244 2.567
202.256 22.272
93.353 46.640
129.165 247.085
87.916 20.054
212.813 159.108
208.268 167.483
50.321 219.566
142.850 183.854
26.279 201.467
60.423 244.934
76.497 65.733
227.986 243.608
110.219 28.876
234.803 98.878
18.303 224.501
6.700 221.193
241.364 117.348
86.696 179.427
15.865 158.526
207.730 158.737
116.163 229.197
50.553 132.641
121.077 232.903
55.923 64.842
0.508 18.586
84.790 225.859
50.228 52.278
199.326 55.772
