1000 7
275.000 225.000
356.560 248.227
362.368 262.962
350.707 277.573
367.254 255.137
358.943 261.610
358.532 255.029
369.145 271.532
364.508 273.599
369.748 257.805
364.875 271.511
346.909 248.934
374.265 254.649
367.449 257.539
352.250 269.199
366.938 250.607
375.556 251.036
371.753 248.395
371.076 249.508
371.142 267.152
381.831 266.395
349.997 269.712
354.294 257.960
375.131 258.875
375.530 255.029
360.055 265.849
355.759 250.020
349.231 256.298
371.868 255.562
363.168 278.035
347.405 252.570
364.065 261.547
380.657 278.334
361.097 278.308
369.197 271.734
347.529 255.322
365.607 267.481
363.852 265.060
374.901 277.274
381.281 270.336
356.195 273.247
371.718 281.446
354.142 251.065
380.750 255.883
349.276 267.750
373.836 256.112
354.332 263.645
378.850 270.316
347.264 254.392
362.628 278.032
348.391 250.817
380.486 264.481
366.957 271.644
377.575 257.767
351.268 274.362
361.015 258.478
349.366 256.514
375.006 281.004
360.882 253.162
351.339 268.715
370.470 282.989
381.784 263.345
381.635 256.607
352.587 260.331
372.450 265.550
366.912 266.737
355.722 254.364
366.523 280.659
375.637 269.759
366.241 252.629
347.132 265.556
363.288 266.251
350.196 264.615
356.477 249.945
365.071 252.317
347.035 277.757
357.055 275.226
371.858 275.651
361.612 264.716
367.456 250.673
354.579 272.035
368.583 252.391
363.820 265.348
370.023 250.228
359.859 269.666
353.974 252.916
370.832 281.773
358.355 269.780
349.583 271.770
372.486 250.966
366.337 255.149
349.849 255.973
364.520 252.059
358.014 270.485
371.902 250.281
359.810 275.264
372.332 273.725
368.113 265.834
357.017 276.325
373.885 267.122
366.989 262.674
351.223 283.559
360.563 250.480
351.194 281.795
351.374 253.862
375.915 275.880
374.586 281.758
377.500 277.619
368.191 252.002
372.457 272.941
359.808 269.266
353.808 266.610
355.860 275.976
367.334 262.641
375.689 259.404
377.081 271.627
380.720 276.336
379.367 277.622
360.016 248.331
354.174 251.405
363.109 281.961
369.951 257.836
358.533 259.689
379.998 249.864
352.350 277.104
364.797 273.636
380.035 279.224
373.358 254.370
361.648 272.182
365.314 268.797
348.274 255.827
373.060 253.124
364.253 251.133
367.846 274.238
358.048 270.838
379.161 255.116
359.525 252.740
354.504 251.339
351.842 276.946
368.399 259.213
369.749 261.308
348.047 268.746
369.230 279.723
376.185 256.758
370.720 254.828
373.204 253.987
381.879 262.422
377.403 265.984
365.008 265.227
359.482 273.568
362.860 277.312
313.638 338.481
307.388 334.785
306.640 350.026
326.376 327.668
316.069 326.079
305.621 351.868
314.848 332.213
296.690 320.764
300.214 341.247
322.705 328.447
313.815 320.771
293.475 344.708
305.529 342.593
297.588 343.716
311.106 328.402
322.994 348.556
308.510 321.317
294.993 351.898
324.002 341.575
307.368 351.109
292.753 320.874
297.412 320.587
301.226 321.402
310.997 326.268
322.875 337.214
297.731 327.435
304.097 330.749
307.354 338.933
296.555 348.330
302.240 333.481
322.218 342.784
316.053 339.845
326.144 338.752
296.013 338.651
307.769 346.672
320.308 335.858
302.395 327.838
326.439 350.465
303.149 325.685
311.052 327.563
308.774 343.425
321.915 352.316
295.501 352.042
303.911 337.027
317.242 325.177
303.341 331.145
305.186 350.510
317.389 345.127
295.601 349.393
314.810 329.883
307.059 325.465
327.106 341.216
326.943 347.174
301.529 321.403
325.398 325.750
301.813 339.510
318.470 327.554
298.028 348.839
318.869 321.211
316.125 331.672
317.442 353.514
314.383 338.153
292.294 345.170
303.865 350.893
325.700 324.112
304.841 327.611
323.898 322.084
312.603 347.098
296.935 330.121
325.476 330.228
296.503 329.402
310.001 321.523
319.497 331.820
299.544 349.323
314.624 331.261
317.193 347.222
301.534 334.021
295.202 331.365
300.456 351.134
294.804 324.039
299.717 333.178
301.596 326.393
309.728 336.995
300.310 331.438
302.474 347.035
327.045 347.814
298.914 335.329
307.661 332.963
313.820 342.167
298.641 327.296
319.877 325.591
303.139 334.686
314.891 327.106
300.410 331.063
320.162 332.652
319.615 331.568
314.729 353.000
326.303 340.037
304.867 322.899
310.678 332.358
326.593 353.663
234.306 361.481
221.519 363.335
214.414 338.928
204.525 329.779
210.870 339.806
226.006 330.622
222.058 330.220
215.540 356.389
212.085 337.260
224.550 360.669
228.512 331.116
206.861 342.693
208.732 360.516
237.280 349.847
230.138 356.490
212.197 348.881
228.469 349.066
211.765 331.655
203.969 349.750
212.756 352.709
214.453 330.673
219.411 339.030
232.281 363.555
206.226 356.874
216.217 353.947
208.264 358.145
234.436 358.529
222.884 332.295
229.222 335.497
222.130 341.395
236.535 338.924
227.769 345.312
214.008 348.028
210.616 353.103
219.396 340.244
230.780 335.137
225.676 352.367
236.721 336.934
234.736 361.527
215.424 357.020
213.479 358.259
228.905 363.130
218.662 356.491
205.495 360.130
209.152 333.251
227.095 352.440
222.589 329.642
214.600 356.858
225.100 360.404
208.011 335.080
216.851 350.979
233.021 362.940
206.539 339.110
216.133 337.405
204.603 332.118
224.188 361.936
209.904 328.485
238.297 343.686
222.932 361.997
234.855 334.909
223.010 355.070
217.945 350.699
237.833 354.065
216.517 341.060
216.279 355.294
237.211 363.574
210.236 353.963
221.536 334.723
209.766 331.843
206.493 363.035
217.528 340.248
206.988 349.290
206.453 348.499
204.922 350.372
235.924 328.400
224.518 351.924
225.564 329.215
132.744 320.511
142.357 298.013
122.136 291.460
123.369 310.119
149.756 313.322
139.763 294.586
137.379 308.627
118.664 302.523
149.571 294.382
125.825 303.546
135.936 299.396
131.742 299.716
145.351 302.415
114.811 292.724
122.882 292.227
119.176 303.548
116.649 289.919
149.990 318.521
128.483 321.647
148.516 291.935
119.944 287.622
144.929 292.547
133.392 307.750
139.811 299.095
130.894 316.570
126.387 303.381
139.112 304.328
122.582 295.783
135.205 299.640
120.659 292.377
137.871 311.138
141.976 307.884
146.012 301.194
144.624 321.661
136.223 319.131
146.718 320.864
123.269 297.228
141.965 294.502
147.989 291.904
128.330 289.447
123.129 297.955
140.161 311.496
123.451 303.683
147.135 300.859
130.912 321.272
141.593 306.380
133.843 289.493
130.725 295.941
119.527 316.192
129.486 321.574
124.631 291.977
120.626 318.359
123.206 288.913
127.950 303.741
147.759 287.407
149.583 299.287
114.492 319.167
142.633 316.536
121.704 300.064
145.156 293.506
145.344 296.739
117.647 309.000
123.428 321.099
130.913 317.111
145.461 304.428
146.065 299.582
119.230 297.438
146.955 289.864
134.030 302.134
126.869 321.194
120.189 295.430
114.478 319.818
122.526 309.199
134.110 305.259
149.483 297.072
118.970 287.478
136.676 302.578
130.239 211.174
145.662 213.852
128.689 215.109
144.391 211.360
148.214 211.076
119.471 188.366
140.486 184.939
149.655 218.044
126.950 210.341
135.775 206.969
117.684 209.073
119.802 211.972
145.787 209.307
116.721 203.398
145.200 186.712
148.304 190.831
149.227 183.728
127.647 214.856
117.951 215.385
134.990 217.360
126.287 190.231
146.543 203.147
120.423 219.028
129.361 197.193
124.199 196.361
131.341 188.804
130.783 184.313
135.815 192.264
117.662 205.641
131.276 185.206
145.342 201.169
139.472 209.372
148.004 217.029
136.746 215.695
135.483 199.906
144.909 200.471
147.029 218.058
128.484 188.231
133.413 214.461
129.432 208.228
125.001 212.545
124.654 217.842
143.390 192.643
120.401 205.656
134.938 192.058
126.417 207.666
140.927 198.113
121.286 194.593
141.692 188.696
147.593 204.898
125.653 208.930
116.902 202.101
123.832 194.544
119.728 217.733
118.444 208.720
130.859 184.762
144.901 188.893
119.125 216.773
141.191 215.694
130.092 215.189
121.686 192.430
140.945 200.034
138.033 201.437
138.547 214.664
131.918 189.227
151.924 217.471
150.957 207.270
118.977 199.320
136.179 195.541
141.329 190.591
147.077 186.740
146.096 204.501
118.789 217.730
136.293 184.314
131.123 215.608
151.096 209.141
134.426 185.232
121.650 186.240
137.345 210.674
120.441 215.791
134.259 184.356
129.071 190.155
127.362 218.752
149.718 196.587
142.135 211.178
129.588 201.669
135.381 215.579
122.627 195.457
123.175 191.429
130.090 198.333
143.053 216.443
130.414 184.415
131.455 212.983
123.214 193.650
146.709 204.649
117.618 216.117
123.462 201.772
142.892 192.682
135.710 201.230
151.148 214.762
146.736 184.209
121.272 186.069
141.441 214.078
145.587 190.696
144.247 193.134
140.599 190.448
140.103 212.670
145.663 205.459
125.267 207.651
119.886 202.952
147.135 191.671
123.567 213.278
128.754 190.683
127.798 208.985
144.268 204.312
117.266 202.061
150.236 218.958
122.062 187.904
120.735 207.632
126.426 212.742
148.155 214.476
145.673 194.953
129.839 185.342
125.161 211.280
135.002 210.231
129.431 212.767
136.496 210.197
151.504 200.201
131.783 217.011
151.628 203.964
146.608 190.356
132.432 197.209
121.736 202.187
135.027 204.863
130.902 186.776
133.784 212.730
138.110 204.944
148.934 199.208
124.862 189.187
148.161 211.408
143.218 217.431
144.599 198.349
133.933 204.204
117.221 203.048
139.697 209.212
139.576 197.128
150.841 212.463
145.308 212.683
119.097 196.415
145.683 200.500
129.681 218.921
125.014 204.541
141.526 188.479
150.686 211.121
128.973 198.671
149.358 215.953
130.630 217.558
129.661 199.209
149.257 191.611
116.968 201.721
119.357 197.528
146.567 192.979
126.982 195.417
125.434 202.873
129.627 212.701
151.561 198.908
119.170 209.835
124.340 185.430
150.745 216.684
121.138 211.691
133.765 203.749
117.363 217.875
141.152 188.979
209.245 140.894
232.968 139.780
231.525 130.989
234.891 140.698
224.911 148.597
240.261 155.275
215.577 132.374
214.124 144.506
235.284 132.810
237.245 143.945
223.786 150.162
231.745 151.617
212.127 131.461
225.880 149.969
232.007 157.430
241.071 131.171
241.919 134.876
222.835 141.933
219.299 133.750
243.974 148.351
230.490 155.420
228.921 137.595
224.347 141.351
243.202 157.263
217.401 154.783
210.441 145.746
212.564 158.978
208.518 147.620
211.247 131.459
215.071 137.772
233.337 145.542
243.331 132.320
223.517 150.670
212.951 148.716
231.083 156.616
224.633 146.042
235.714 143.123
224.404 134.677
227.638 145.812
210.875 132.792
222.517 142.621
240.466 144.773
228.451 136.976
216.772 156.021
239.426 133.121
210.351 127.894
244.154 155.779
239.946 136.688
220.909 143.066
239.188 141.102
239.069 152.804
219.825 135.704
229.140 128.573
224.326 152.205
234.023 133.691
243.972 138.691
225.404 134.619
214.760 137.149
222.595 160.952
229.598 156.447
211.785 148.586
242.795 154.661
238.630 137.452
210.912 157.885
221.864 136.054
231.952 152.664
231.229 130.830
240.378 131.740
242.011 150.762
217.386 144.059
214.315 139.400
218.199 156.882
237.000 156.540
221.017 134.218
237.563 160.987
229.180 138.668
231.276 157.934
236.209 154.284
238.699 161.345
219.478 161.160
226.106 133.523
236.444 128.891
236.025 143.765
224.297 150.480
211.226 126.686
226.865 125.981
223.299 149.871
215.960 151.697
241.780 160.171
211.545 127.608
243.030 159.168
234.542 151.245
218.846 127.887
240.203 140.337
215.345 139.445
222.147 140.303
231.951 147.737
241.544 141.395
209.930 128.615
226.462 139.343
232.673 135.834
233.243 134.979
234.161 141.400
221.930 139.325
228.546 133.955
234.231 139.690
243.091 144.063
216.000 160.994
239.144 149.078
243.411 128.405
239.963 159.979
231.415 127.715
217.622 141.549
208.960 130.322
234.073 142.101
236.746 140.450
234.601 159.986
231.400 159.372
226.117 144.720
212.515 157.738
213.418 144.976
218.213 157.766
215.300 150.567
221.924 131.066
243.619 147.787
231.311 132.614
211.818 143.832
242.253 128.149
233.814 132.762
227.662 133.939
333.214 183.593
323.488 167.281
310.583 176.218
321.794 156.078
332.993 183.677
330.692 155.107
320.073 174.399
336.816 180.063
315.140 155.759
341.328 159.609
339.315 178.455
326.919 166.250
334.880 188.062
324.048 169.433
314.571 184.008
311.363 169.269
324.867 156.469
331.173 183.769
307.816 173.160
312.032 185.346
337.734 171.430
331.860 176.662
340.100 160.342
321.811 160.042
335.646 167.152
327.958 158.804
321.007 157.240
309.156 177.748
307.845 171.050
318.782 179.363
325.705 160.423
322.336 161.579
312.303 181.178
330.852 190.003
336.467 162.512
335.659 189.500
321.340 157.274
315.021 156.237
316.061 164.929
324.732 171.770
336.708 177.734
307.317 187.769
313.168 181.509
323.005 179.265
324.884 185.330
313.820 177.992
324.019 189.238
327.549 162.826
309.687 162.745
335.242 166.398
329.781 162.494
324.898 176.988
317.032 163.940
323.830 165.566
335.081 164.145
318.175 182.686
315.932 165.956
336.689 178.383
317.450 172.098
308.363 189.651
325.332 161.071
313.852 188.960
311.371 172.990
329.403 174.024
329.046 164.657
316.177 159.759
309.296 162.856
313.778 174.826
314.408 155.827
334.096 163.191
308.955 184.384
325.710 181.629
313.411 173.297
334.143 179.002
336.127 155.402
305.823 164.414
340.969 168.715
334.793 169.374
306.903 163.434
322.012 162.196
317.384 163.763
316.375 188.822
339.108 166.400
335.753 165.248
315.619 160.024
320.266 189.358
308.841 186.859
318.032 178.756
334.093 164.802
314.872 161.120
337.842 188.394
238.331 307.086
284.057 247.773
291.228 240.224
268.216 229.314
289.443 204.169
239.943 297.515
266.303 217.138
300.288 238.532
271.362 255.767
249.379 185.385
278.264 222.215
301.378 319.667
283.250 270.944
350.183 257.787
253.335 199.843
335.891 257.756
257.416 223.939
290.568 275.989
300.201 187.000
313.097 244.379
228.260 245.512
296.357 201.004
243.381 237.883
338.084 258.632
296.628 211.737
238.575 245.702
354.700 259.712
172.336 279.295
292.639 211.047
141.231 208.836
290.982 200.409
233.460 166.805
184.787 272.381
227.277 150.049
303.986 232.375
295.459 229.746
231.241 221.642
299.454 311.956
268.782 218.042
146.713 296.921
295.243 275.450
233.376 322.517
168.965 210.101
293.700 239.581
247.397 287.899
230.843 218.393
262.545 251.548
288.768 247.587
288.434 268.871
268.100 230.536
334.165 252.811
190.721 211.899
149.817 293.747
258.587 257.944
189.697 215.377
174.199 207.071
214.629 213.748
264.573 248.876
251.957 267.482
318.709 242.137
295.764 195.573
259.146 211.146
288.667 275.537
150.842 203.822
305.023 235.610
279.747 235.019
218.576 342.446
275.361 219.239
314.967 186.161
248.114 187.962
221.940 333.207
280.017 250.118
253.219 224.241
237.435 297.850
305.256 188.745
291.215 207.431
276.768 228.452
229.780 211.637
291.224 215.747
229.944 149.907
230.517 334.992
257.377 223.972
307.919 181.446
199.723 206.433
329.394 245.599
159.936 292.474
291.369 239.292
326.109 180.407
241.727 219.362
196.221 212.593
190.657 205.768
300.059 203.917
285.430 264.418
196.197 273.781
360.627 266.428
237.727 211.647
292.225 277.737
229.316 328.104
316.972 177.591
313.623 182.488
298.537 298.732
224.128 224.030
253.320 215.089
311.577 186.296
310.259 235.249
340.403 262.435
300.281 195.694
236.473 331.641
233.386 150.973
282.104 258.719
272.148 214.163
251.291 191.309
296.665 210.164
140.118 196.930
207.257 208.997
230.257 158.424
190.038 211.799
279.426 248.612
249.340 181.885
241.853 249.940
491.343 382.769
324.131 407.079
115.248 359.094
460.191 395.233
128.007 277.364
389.237 407.529
251.756 10.269
2.891 294.727
140.847 9.270
432.093 363.420
357.654 486.032
217.346 6.961
6.959 123.397
430.562 251.975
129.223 14.305
382.594 38.536
126.515 400.868
349.504 42.202
460.688 84.103
253.692 20.498
63.137 11.882
259.770 373.817
86.218 315.322
181.762 99.137
460.507 272.099
434.447 397.219
84.028 497.604
388.444 417.656
262.990 467.839
452.307 364.151
83.535 2.714
280.876 42.319
103.190 25.245
350.904 426.912
57.942 11.672
97.357 491.836
400.040 49.849
72.212 385.743
147.112 114.461
151.330 107.155
63.696 279.381
92.909 468.871
0.926 54.848
451.189 342.076
158.451 93.563
207.776 365.686
21.716 174.157
459.092 63.229
479.216 234.498
22.249 142.717
497.069 429.641
215.246 439.808
10.372 231.547
298.395 404.762
75.002 338.044
72.896 190.195
13.198 57.021
41.229 409.908
128.280 13.543
424.486 269.909
101.971 388.690
464.147 456.631
133.701 407.056
150.074 402.770
131.739 442.306
25.384 468.829
101.156 471.213
413.261 57.856
399.706 434.812
136.985 88.499
351.239 419.358
269.126 457.027
124.285 336.702
168.347 322.383
488.429 417.826
25.187 18.601
118.604 360.217
487.218 274.931
170.454 119.020
69.187 252.177
