200 5
55.000 45.000
74.165 50.687
72.353 50.252
72.805 53.670
76.138 48.533
76.711 54.120
71.427 51.711
77.728 52.106
79.131 51.064
78.523 50.199
72.706 50.788
77.534 48.205
71.431 54.324
76.871 48.383
74.853 47.358
72.201 52.835
71.530 47.939
79.116 49.545
72.043 52.095
76.385 50.041
76.558 47.466
75.883 54.925
74.660 48.659
76.208 52.984
72.339 50.083
77.541 52.677
72.835 47.933
76.943 54.838
73.289 49.946
75.457 53.072
61.766 76.922
62.002 77.030
61.678 76.766
60.411 73.545
60.637 72.958
63.783 71.805
57.828 71.122
61.871 76.829
64.566 77.511
59.379 75.978
62.663 71.589
61.617 74.267
61.051 71.675
59.956 73.594
59.249 74.641
61.577 73.021
62.883 75.368
60.927 71.703
62.054 71.361
64.054 72.670
64.892 77.804
61.026 78.677
61.612 76.328
62.405 76.677
59.309 77.624
59.039 75.858
65.092 78.466
64.945 74.876
64.492 72.747
58.507 78.123
62.720 75.929
59.693 73.041
57.906 73.670
60.405 72.590
62.008 77.993
60.043 72.500
37.687 64.065
37.785 65.754
42.712 64.177
44.146 65.220
38.253 70.810
38.798 69.647
37.916 66.578
44.433 70.821
39.200 64.249
43.814 63.386
41.510 66.129
40.100 65.140
37.103 67.560
40.930 70.041
40.479 64.480
39.087 64.966
43.251 69.203
37.195 65.684
37.714 68.284
38.423 69.317
42.859 66.112
37.106 70.556
27.686 49.745
24.435 49.767
27.982 50.639
26.446 49.787
21.839 49.885
24.833 53.699
22.624 52.888
27.509 49.548
23.456 49.681
24.356 47.987
27.751 50.728
23.418 51.303
24.546 48.221
22.418 51.179
23.061 46.660
22.362 53.136
25.908 47.434
20.832 46.742
25.842 50.123
38.645 23.217
36.280 27.275
39.589 28.063
43.180 27.917
39.502 28.229
39.501 25.237
38.148 29.184
42.808 23.692
41.269 27.956
36.354 28.788
36.866 27.783
36.119 27.947
39.602 24.911
42.894 22.588
39.164 23.535
36.357 28.886
39.415 24.292
40.835 24.233
41.697 22.277
40.886 28.857
43.007 26.904
41.164 26.202
37.728 27.115
37.524 22.192
36.576 24.049
39.583 22.632
62.251 30.790
58.374 31.683
65.523 34.974
59.429 27.853
63.364 27.299
58.494 27.847
62.312 28.302
59.396 30.642
61.906 33.779
63.415 30.080
58.440 34.402
60.198 27.808
63.377 35.132
62.417 27.937
63.653 28.193
60.520 28.608
63.704 34.705
58.290 35.107
60.772 33.892
63.010 34.926
60.642 32.312
60.174 28.549
58.343 29.191
61.644 32.587
59.303 29.404
62.300 32.250
66.036 30.736
45.935 33.118
58.996 64.883
42.990 31.392
44.206 32.483
34.111 47.116
55.937 39.516
54.682 41.974
73.961 50.446
58.697 63.487
62.389 46.198
59.216 46.778
64.593 46.641
59.294 66.608
60.436 47.881
66.176 48.882
44.452 30.299
72.195 49.176
48.862 36.465
57.974 45.227
58.375 57.283
62.548 46.566
57.856 40.910
56.104 40.724
61.225 36.047
61.846 73.924
11.996 71.711
80.166 92.118
2.280 79.530
4.432 67.503
7.260 42.635
80.021 88.738
57.782 12.186
92.489 73.812
19.890 86.845
84.100 74.535
47.826 91.692
56.454 14.144
68.799 88.133
70.924 96.540
75.014 0.661
