500 2
137.500 112.500
172.372 130.648
185.341 138.466
181.629 138.417
175.341 138.320
181.825 135.385
186.062 134.018
184.361 127.068
177.500 140.202
175.909 129.350
180.874 141.851
185.491 126.849
186.911 131.546
175.168 136.363
184.308 140.750
173.431 129.019
176.830 136.372
172.022 138.244
172.103 132.508
179.524 130.124
179.268 139.355
187.488 132.139
172.498 134.451
186.962 125.305
175.413 130.522
173.025 130.595
185.895 138.576
178.859 134.848
183.393 128.140
175.866 127.440
178.256 130.590
174.832 141.665
185.039 141.297
186.029 132.070
188.795 139.779
174.964 129.222
173.759 129.605
180.619 137.584
187.626 135.036
172.739 134.726
177.050 142.069
179.551 131.186
185.097 139.052
188.464 137.923
187.106 134.053
173.937 137.176
173.296 127.516
188.076 130.683
182.591 139.602
173.179 139.290
175.688 133.799
187.378 127.986
174.829 131.190
177.084 131.532
178.939 142.049
182.361 129.007
183.877 137.170
172.393 125.681
189.074 132.381
184.497 135.682
188.133 130.405
182.262 133.700
187.726 141.633
176.038 132.631
171.765 138.364
176.279 128.731
179.878 129.337
174.999 140.343
177.871 126.438
174.560 128.087
172.351 126.607
177.021 132.019
176.177 126.130
186.136 131.691
178.608 138.491
184.236 132.842
177.874 130.300
173.892 137.822
185.006 132.055
177.851 135.590
180.851 134.467
174.974 131.078
180.816 136.768
175.237 132.446
178.522 140.242
186.181 142.016
185.984 135.251
181.000 132.044
186.950 140.234
178.999 132.039
177.387 139.982
184.767 134.672
173.598 132.711
178.901 133.911
173.702 133.269
181.831 131.993
186.366 138.605
179.592 138.522
172.990 124.937
180.534 139.129
177.982 141.948
174.004 139.545
182.270 126.166
184.720 134.737
175.427 125.073
174.563 130.518
128.020 181.345
131.739 190.079
125.822 187.153
134.187 191.818
125.981 185.849
124.081 192.266
130.543 186.274
136.672 180.644
122.033 183.460
121.569 178.883
125.352 189.750
131.670 180.195
134.781 179.430
131.727 187.829
123.721 187.346
121.094 189.000
129.804 185.821
130.961 191.432
135.056 182.812
128.328 188.991
133.413 190.590
126.497 187.972
127.216 176.002
126.003 184.245
119.569 174.726
127.424 180.109
126.455 185.068
119.370 175.353
135.784 175.736
130.216 175.010
120.017 176.458
131.611 179.836
131.430 177.591
123.122 189.720
121.677 190.061
133.855 175.739
129.821 183.034
136.242 175.265
135.879 180.024
132.802 175.330
122.139 190.811
125.990 178.655
129.387 180.484
123.877 181.394
123.582 183.516
126.726 188.532
129.153 177.911
135.589 182.547
136.473 184.765
121.969 182.563
130.665 189.105
122.107 192.544
132.230 180.259
119.843 188.174
128.314 184.471
122.760 175.380
131.853 191.213
128.156 187.402
122.134 184.077
118.992 179.743
133.944 182.710
134.302 191.947
130.176 184.110
131.106 183.308
130.019 181.069
135.071 182.429
134.771 178.458
125.768 186.396
123.838 187.360
121.071 183.320
131.087 185.561
132.416 180.088
134.341 183.417
122.061 179.609
130.543 182.417
131.490 186.770
120.114 191.825
126.632 181.305
122.161 187.487
128.853 178.923
127.284 186.187
136.089 182.359
126.378 175.869
133.123 184.358
119.883 180.608
121.842 190.840
128.444 176.530
119.825 186.477
126.754 174.874
127.625 185.518
135.638 185.672
134.548 191.684
121.768 191.237
130.385 178.259
132.436 188.495
119.332 175.518
136.660 185.333
124.141 187.554
132.975 191.514
123.209 182.451
123.545 191.433
127.844 178.896
127.589 183.288
65.709 114.940
71.830 117.223
74.674 115.050
77.438 126.673
69.124 109.800
66.236 119.252
72.749 112.858
64.237 109.571
61.719 115.206
67.347 120.890
63.534 115.505
64.766 110.136
73.908 110.252
61.247 126.423
64.006 120.082
76.405 110.830
75.499 122.460
76.400 109.501
79.006 122.236
68.895 126.392
68.002 113.683
74.824 117.016
74.960 124.988
78.601 121.489
67.056 113.265
65.759 117.297
62.449 119.516
75.852 114.241
72.000 115.623
63.241 124.669
75.877 111.954
65.745 111.422
62.608 118.287
75.443 111.111
70.146 123.763
75.631 126.506
62.783 115.525
72.994 125.830
74.571 115.799
65.830 114.183
65.801 109.743
76.824 123.188
66.963 117.182
74.241 126.599
63.431 110.195
71.006 115.494
68.566 125.571
77.452 114.744
71.959 123.943
72.809 123.461
64.985 124.658
66.954 115.641
67.571 119.935
62.671 122.970
65.119 109.761
72.736 118.091
73.393 111.428
74.803 114.246
69.093 123.883
75.817 112.604
67.399 119.034
78.683 119.944
66.242 111.458
73.322 117.506
67.572 112.537
69.905 109.424
65.006 119.902
73.174 112.705
65.521 109.660
69.939 111.259
71.564 115.977
67.036 114.549
128.174 79.532
120.174 64.191
123.274 63.554
129.262 72.452
118.096 68.139
113.826 67.492
128.682 73.022
117.367 65.943
121.968 66.561
121.944 69.109
115.572 77.450
115.958 67.403
128.308 75.119
128.169 65.513
122.248 79.563
125.808 70.740
126.043 66.197
121.496 79.368
113.322 66.882
122.132 73.763
116.877 61.943
128.081 63.390
130.096 73.872
112.417 68.356
122.848 78.068
113.488 73.614
116.934 68.064
122.898 78.005
124.649 63.677
120.787 64.358
113.775 76.505
113.803 76.849
119.456 69.409
129.632 79.675
117.077 78.559
120.736 73.249
116.003 73.673
126.769 72.257
124.057 77.654
125.410 74.804
115.529 76.334
120.387 65.666
121.274 65.912
125.839 64.358
119.395 67.913
114.627 74.786
117.106 65.647
123.605 79.030
115.394 74.212
116.851 75.363
118.563 63.181
114.221 76.770
119.769 76.911
128.677 66.869
129.766 76.457
124.911 68.082
122.393 78.731
118.391 76.543
118.599 67.700
126.608 65.037
120.889 76.915
115.692 72.039
116.932 72.585
112.810 77.009
115.342 63.447
119.682 72.861
127.742 76.787
128.498 65.451
116.348 74.935
122.570 66.859
112.766 77.788
112.578 74.740
127.719 64.546
124.609 69.479
125.845 70.651
113.281 64.115
120.350 66.441
118.300 64.044
120.488 67.103
114.599 68.542
128.939 77.141
113.263 79.174
121.338 72.969
116.655 70.965
124.247 64.258
116.008 68.666
125.684 67.167
119.665 68.851
123.713 63.702
127.662 71.554
121.612 67.686
116.006 73.019
113.067 64.796
113.279 69.506
114.953 77.897
129.767 74.626
120.000 73.683
117.611 63.038
122.603 63.619
128.511 69.032
116.974 63.830
120.347 67.601
129.837 66.567
113.093 75.303
113.560 74.465
123.504 62.506
125.602 76.664
117.789 66.831
113.555 63.006
116.286 70.721
117.990 67.546
119.884 71.783
114.008 66.111
117.815 78.092
112.379 77.740
120.319 67.062
123.292 71.510
128.400 72.781
113.085 63.915
134.884 101.668
109.637 117.671
131.496 113.646
122.019 112.232
144.243 112.531
92.006 113.503
124.542 71.751
107.651 113.758
133.224 153.985
128.456 99.074
163.652 129.710
127.343 79.562
143.037 112.890
72.637 119.509
167.845 129.474
70.173 115.604
125.215 76.042
131.039 95.868
103.857 113.390
131.594 152.079
169.072 127.026
161.985 126.386
144.776 115.753
160.671 119.245
128.871 155.612
126.775 85.867
133.564 121.464
145.737 114.501
131.145 154.051
166.934 125.111
169.348 126.389
95.405 119.040
142.579 110.843
133.756 106.725
97.555 113.530
128.721 99.453
146.674 119.407
125.207 74.755
134.615 120.912
135.543 108.876
174.070 132.040
126.017 175.483
140.110 114.180
125.216 116.020
140.280 120.395
133.279 94.713
122.826 113.353
127.614 168.534
87.061 118.924
175.572 129.541
130.783 141.153
133.341 159.114
126.611 113.302
137.116 122.932
105.286 115.332
141.067 112.615
134.616 101.432
166.383 129.199
138.109 113.320
119.958 72.418
87.985 229.443
237.549 207.955
223.218 231.416
21.414 45.500
120.120 183.160
64.711 208.539
48.957 142.450
191.394 34.928
115.714 25.447
72.121 49.536
200.442 26.649
208.952 183.385
196.867 206.367
244.093 244.712
215.536 221.602
178.807 176.844
45.314 101.624
166.800 43.369
245.916 191.060
205.782 29.482
13.376 236.068
228.084 231.721
3.382 47.410
90.281 32.326
55.896 125.987
32.840 116.820
218.512 26.360
23.302 208.101
233.466 31.137
221.726 60.718
73.715 193.515
178.843 31.669
245.156 181.222
71.728 194.797
78.760 237.835
126.160 28.670
149.164 216.121
39.778 164.857
183.706 228.481
16.969 57.260
