100 2
30.000 20.000
48.639 19.117
50.000 21.324
50.000 22.850
49.081 18.098
50.000 18.587
49.656 22.720
50.000 24.914
47.449 19.240
46.604 22.311
46.940 21.064
46.786 19.609
50.000 21.995
50.000 24.930
49.215 23.535
48.037 24.262
46.193 23.805
46.497 20.964
47.809 23.289
46.231 23.507
47.004 20.607
50.000 20.946
46.451 18.099
48.228 20.593
50.000 21.830
25.053 46.849
20.862 43.028
27.532 47.841
26.003 47.868
27.419 44.176
25.898 42.546
26.716 44.019
25.066 48.634
26.377 41.967
27.738 47.027
21.877 46.770
21.143 42.996
28.365 42.440
24.701 46.082
24.340 47.032
25.038 44.360
26.869 43.300
4.138 27.747
0.000 24.278
2.813 27.396
3.967 25.247
0.448 24.939
0.000 29.936
2.040 30.616
4.790 24.137
0.000 26.462
0.000 24.048
0.000 25.086
0.000 30.915
2.635 27.225
0.000 25.178
0.000 24.285
0.000 24.842
0.000 25.360
3.742 23.833
3.089 30.546
0.393 31.217
0.000 25.949
0.525 24.305
20.711 0.860
25.030 3.949
24.163 1.647
26.689 2.006
25.980 4.178
21.442 2.571
23.953 0.000
24.709 3.614
25.832 3.259
25.030 2.338
24.121 0.868
19.288 0.000
21.305 0.000
20.618 3.623
25.976 0.887
20.329 1.050
23.633 2.667
8.113 25.960
27.782 14.824
26.657 36.287
27.324 14.485
24.348 2.756
36.460 20.981
24.863 6.006
31.296 20.427
27.169 31.154
25.350 21.218
16.358 24.076
36.715 36.193
4.856 23.664
44.394 29.816
48.792 32.186
37.877 7.931
43.936 29.990
36.658 34.350
25.644 2.749
