1000 3
275.000 225.000
384.531 256.355
377.397 283.720
359.156 280.287
360.850 269.512
374.119 260.308
355.371 271.144
366.647 273.237
378.673 259.313
366.271 277.355
381.469 259.104
357.223 281.926
381.919 260.589
362.484 272.383
359.116 253.624
368.738 270.443
354.700 282.687
381.569 284.577
383.300 277.348
368.952 271.314
377.859 281.467
388.488 256.595
371.625 270.892
381.782 258.653
373.172 283.840
358.071 268.253
366.501 261.190
386.043 273.087
381.672 273.134
355.988 271.496
389.802 267.105
363.728 267.865
369.920 265.819
374.118 258.456
361.139 274.411
357.836 253.772
355.968 270.275
389.104 260.619
375.981 281.052
371.741 264.783
374.354 250.581
363.750 261.636
358.827 271.456
370.475 254.466
380.683 269.515
360.951 251.103
360.843 265.336
361.432 271.360
388.135 268.583
369.259 283.563
356.366 278.414
378.460 249.674
369.554 258.455
365.036 264.940
381.149 279.660
384.817 268.265
385.558 255.935
362.483 285.153
361.102 261.825
387.161 275.562
386.658 276.414
355.965 282.657
369.961 257.193
373.310 276.819
361.668 274.279
358.756 284.776
356.551 281.113
378.805 264.505
379.849 262.547
383.714 269.558
389.409 255.795
367.229 260.262
377.753 255.516
367.466 283.686
360.027 250.603
359.307 255.073
372.868 271.578
387.434 257.585
365.926 262.819
381.614 271.695
378.959 276.140
388.310 262.442
356.041 253.689
387.503 279.364
356.153 257.650
385.807 275.483
361.316 280.019
369.030 265.806
359.427 270.584
377.454 283.438
370.024 284.087
386.496 250.464
359.757 269.568
357.595 284.196
367.747 281.893
359.419 282.879
382.333 277.527
366.847 283.399
378.500 274.718
358.906 277.393
363.077 264.056
384.992 258.772
370.894 259.266
366.493 267.399
387.139 278.681
366.057 280.722
382.144 276.714
376.934 260.984
376.657 260.623
376.078 263.623
383.035 281.589
382.861 280.808
363.060 279.826
385.094 279.849
370.591 270.879
356.328 278.713
362.417 264.673
359.271 277.886
361.406 283.414
360.106 260.587
354.801 257.765
376.389 263.293
376.946 263.343
378.519 270.460
372.085 249.855
380.249 259.292
356.994 250.671
371.004 263.261
369.774 256.099
359.416 271.072
379.817 253.719
373.711 249.897
383.381 262.766
370.913 251.688
365.759 280.233
357.147 277.183
365.569 284.437
357.258 276.228
359.775 279.444
370.018 255.524
379.228 249.625
359.852 270.647
381.287 273.203
388.267 271.067
371.120 281.756
360.927 275.607
385.055 265.746
389.704 271.690
383.087 272.867
376.595 284.391
382.997 258.809
379.739 274.664
359.465 254.314
384.922 268.337
361.206 279.117
367.142 275.674
371.226 269.506
374.486 269.671
388.145 255.491
356.476 267.377
357.176 282.365
373.006 263.483
355.410 253.711
368.448 280.032
379.190 254.328
375.679 274.366
360.550 264.238
372.985 251.819
379.354 257.780
382.528 262.845
355.048 278.965
369.395 267.559
364.659 261.917
378.424 265.962
360.977 253.960
369.965 277.849
372.785 274.866
370.262 256.811
388.198 277.462
380.944 278.483
357.003 262.054
378.912 261.602
386.001 263.342
369.230 256.662
386.051 274.879
388.196 259.835
357.830 269.591
384.136 276.284
359.095 252.422
383.303 276.246
382.925 266.405
359.835 260.617
364.546 267.304
374.745 270.943
379.845 276.380
363.091 262.292
355.566 255.240
355.657 270.616
384.660 280.185
357.171 258.335
372.755 276.117
372.424 264.879
362.105 284.219
362.052 269.194
382.906 254.416
250.412 347.193
258.887 345.831
268.470 358.723
264.231 363.653
240.556 336.929
245.638 354.043
265.913 370.665
241.333 345.685
266.501 345.174
257.410 348.611
256.067 356.835
245.834 340.422
258.258 369.860
251.561 370.704
261.398 365.394
237.380 345.574
248.563 354.983
253.462 349.803
268.239 350.940
256.439 357.482
239.752 370.634
260.995 367.992
243.185 355.600
246.290 371.532
259.025 360.566
234.758 369.924
235.754 357.936
262.181 363.726
262.520 340.326
261.387 349.555
247.064 343.928
235.194 348.403
254.674 350.769
244.449 341.800
242.792 338.455
262.268 370.792
245.879 349.577
267.271 349.923
265.493 346.240
253.457 351.877
263.338 352.107
261.944 338.552
257.960 365.300
264.230 360.027
238.898 339.797
259.172 371.090
257.085 361.279
265.312 365.885
241.527 368.070
249.710 348.879
259.144 365.112
234.744 361.738
250.574 352.666
253.044 337.745
240.287 367.235
242.049 364.966
252.518 357.880
251.123 339.631
256.625 356.230
265.948 365.021
261.019 347.918
249.269 356.363
256.300 359.875
234.933 342.944
243.546 339.842
251.678 369.325
269.109 349.580
253.467 347.831
261.812 342.968
241.953 365.669
268.777 361.387
265.140 353.350
247.905 346.020
250.416 346.569
257.968 352.803
257.164 339.059
266.691 351.273
236.329 345.007
244.431 345.711
259.215 370.478
235.827 362.861
243.779 358.852
237.108 366.611
255.348 371.018
238.575 365.970
262.484 349.554
237.634 341.746
254.966 342.718
234.741 370.587
266.757 340.283
254.885 358.205
238.811 340.757
264.969 344.568
254.431 341.444
253.453 347.984
255.254 343.066
236.422 347.793
239.768 336.981
259.028 350.535
258.632 345.163
254.607 369.791
263.578 345.953
244.080 364.916
244.257 342.814
268.241 351.199
246.609 350.041
259.518 353.055
262.429 348.052
249.668 363.383
237.624 342.843
240.002 370.806
240.735 353.394
257.186 363.798
249.653 359.272
241.538 351.679
240.851 340.853
245.745 361.438
251.463 337.408
239.657 366.131
240.105 359.417
254.223 370.190
259.347 357.410
261.790 348.949
251.645 337.687
256.928 349.065
246.448 352.068
262.010 355.258
248.091 369.861
244.144 345.771
254.348 368.237
235.952 356.797
260.696 371.790
239.740 350.439
248.581 351.029
268.467 343.949
248.851 362.012
244.552 362.331
268.805 367.133
252.407 348.029
236.179 350.863
262.792 358.045
261.806 354.431
250.325 359.591
238.836 338.080
251.465 345.813
239.341 357.541
249.398 365.834
256.967 357.639
236.761 371.755
263.871 359.230
236.031 342.501
246.376 365.603
248.082 348.498
256.284 356.436
240.731 366.646
237.532 355.977
254.849 354.363
244.769 358.163
263.320 371.255
257.478 363.484
253.599 350.560
261.138 370.693
257.254 371.555
259.957 364.250
249.339 358.157
241.932 360.174
238.815 344.885
263.195 365.491
252.218 339.665
241.172 364.594
254.788 350.367
237.899 336.604
261.129 342.966
242.814 339.474
236.669 340.317
261.196 351.096
252.725 370.514
255.769 366.017
263.126 367.718
243.906 342.428
259.198 340.445
237.963 350.556
248.221 363.095
254.201 360.626
247.685 339.240
251.127 355.434
248.752 362.555
244.145 339.750
252.678 341.215
265.780 366.097
262.802 338.685
248.530 358.667
236.479 343.347
243.850 363.423
260.266 352.014
262.940 339.958
268.560 353.075
249.000 364.467
245.181 349.280
236.590 369.472
268.704 346.618
252.555 359.460
267.708 364.963
263.151 343.699
255.294 339.165
238.604 348.777
249.699 356.501
257.981 360.532
260.306 352.980
259.792 368.196
235.853 364.005
241.529 337.338
265.535 350.732
241.552 344.440
250.418 344.407
268.473 352.793
236.995 338.176
249.979 355.664
236.523 351.678
236.970 364.078
242.967 346.673
245.264 337.200
242.547 353.740
269.967 367.977
262.135 336.959
251.405 354.250
267.679 360.514
239.223 349.044
252.345 363.372
238.524 352.550
269.532 344.138
251.050 363.644
235.848 365.323
252.025 341.314
238.147 346.104
237.393 356.889
238.929 368.431
247.986 356.906
254.270 342.407
240.887 369.019
242.859 366.947
259.928 351.507
261.092 365.328
260.028 354.845
263.406 356.187
249.351 365.198
245.226 359.903
255.206 340.459
251.307 365.539
265.440 349.787
269.237 357.600
234.924 336.917
263.933 355.960
241.660 350.306
257.049 363.805
267.229 337.599
241.105 371.577
240.328 339.051
251.487 343.434
119.880 259.140
140.780 262.487
123.204 250.620
123.720 258.040
136.377 252.587
116.963 247.490
118.128 252.936
143.077 253.923
127.397 273.494
118.260 268.582
134.058 255.356
129.368 257.733
112.711 268.882
129.598 263.335
110.909 253.557
138.968 268.353
109.845 272.491
109.755 267.966
127.061 268.256
126.372 270.217
135.786 267.948
121.490 247.315
127.901 262.941
138.993 260.804
142.874 274.382
133.074 247.149
127.421 259.808
138.958 245.940
124.755 258.161
133.948 258.533
138.131 266.135
115.311 266.500
139.070 248.949
133.080 270.585
138.753 264.014
115.668 260.656
110.975 252.351
130.494 268.842
141.349 246.995
109.780 261.352
118.042 250.164
113.361 278.932
120.746 261.959
130.428 256.123
126.284 268.765
121.419 270.700
138.503 276.802
115.527 260.609
112.160 267.264
114.482 268.623
124.070 279.341
139.301 260.594
143.064 280.391
116.538 258.131
138.515 264.428
125.675 280.696
123.397 262.975
121.223 262.426
124.126 271.662
119.710 250.154
110.761 255.042
123.075 266.225
141.183 258.077
130.694 279.359
129.003 252.605
125.818 255.670
123.456 266.223
134.697 269.629
132.492 260.416
132.606 247.721
125.767 265.764
135.848 270.827
127.876 253.731
122.886 264.510
116.803 250.815
122.074 273.096
139.097 258.152
108.721 250.888
136.804 251.943
137.370 259.848
142.779 256.480
129.558 252.850
116.463 249.066
119.669 277.671
140.747 262.229
116.617 257.939
121.694 278.638
130.865 261.977
130.380 258.054
134.066 269.292
113.536 275.236
135.346 252.231
109.696 274.575
128.449 266.456
127.402 273.211
124.518 261.153
113.437 250.343
124.943 267.346
111.226 270.045
114.241 252.123
107.899 247.549
123.453 277.052
125.212 253.776
108.597 273.900
108.268 252.792
142.681 267.143
124.126 276.792
134.973 260.733
128.143 260.228
134.671 277.100
129.383 273.018
116.144 272.723
125.866 246.255
108.211 251.653
109.932 260.160
120.255 245.831
119.412 272.391
120.667 274.253
135.330 268.713
125.365 256.802
134.907 275.175
119.029 274.514
129.884 273.069
125.766 257.149
135.304 267.774
124.558 252.232
125.580 263.251
138.638 273.296
108.173 254.796
121.878 259.130
143.358 278.410
120.134 279.875
110.818 250.584
121.431 246.338
121.925 270.012
139.980 272.466
128.829 253.643
141.293 266.494
135.602 259.572
141.918 254.289
107.926 276.414
130.570 255.774
123.742 274.564
122.486 266.864
133.912 279.564
121.903 248.102
121.773 273.803
141.268 279.825
124.386 277.986
123.033 265.624
116.633 275.292
127.544 264.426
115.174 268.385
119.946 249.007
138.690 270.320
127.067 254.034
115.732 257.298
142.606 251.406
124.720 250.298
133.587 257.285
130.605 255.802
119.985 254.873
111.075 272.244
123.039 256.229
110.197 249.298
119.018 277.383
112.664 261.630
123.805 267.686
126.950 253.500
121.696 257.985
141.342 269.496
114.500 253.836
137.571 269.308
125.614 249.497
138.853 250.024
114.201 265.601
124.594 271.919
129.771 268.315
133.873 260.736
114.478 252.964
134.169 252.889
109.011 275.220
131.296 255.725
128.953 246.909
116.498 277.009
125.238 246.037
121.977 261.278
141.826 278.248
122.055 249.479
134.440 246.684
116.624 280.250
132.794 248.402
120.243 254.048
134.636 250.069
115.093 259.863
113.660 247.038
142.729 257.435
141.629 276.286
139.347 265.964
112.481 270.638
111.281 250.028
114.372 251.240
130.664 274.875
138.906 247.518
126.931 276.481
125.701 268.268
243.525 147.558
256.969 163.467
249.112 136.132
242.584 147.390
247.379 146.292
262.469 166.540
261.817 145.603
263.837 168.103
256.126 133.278
249.124 164.327
255.353 151.726
270.712 154.086
245.764 147.928
249.827 167.793
271.593 166.164
251.927 142.286
261.927 144.326
257.625 160.540
277.466 149.820
248.622 143.741
245.471 153.699
247.234 134.820
271.521 153.324
252.201 145.153
244.170 140.310
242.941 136.802
256.690 162.705
258.710 146.122
276.374 164.648
248.083 162.807
273.279 147.307
263.055 155.037
245.188 138.139
274.995 149.244
248.261 139.223
255.953 135.675
256.032 159.691
266.020 158.507
261.484 148.469
264.627 137.857
253.976 165.620
246.254 154.591
274.628 152.262
268.850 143.108
247.316 153.219
273.361 163.135
244.678 163.118
275.679 139.347
242.279 146.372
243.769 165.743
263.591 146.129
250.614 149.796
253.453 155.577
252.912 144.166
269.011 153.985
244.394 146.822
243.338 141.646
242.526 158.395
270.950 135.577
272.732 149.684
276.456 145.245
272.498 145.046
268.558 148.611
260.529 136.725
276.847 135.814
247.701 153.663
256.660 149.736
264.498 150.480
245.462 136.088
262.440 166.077
264.684 151.253
262.291 148.590
249.544 163.782
246.630 164.016
252.481 155.108
242.985 167.487
259.818 161.834
276.931 150.444
251.736 154.507
255.640 136.605
256.002 136.454
274.699 162.701
267.798 157.746
264.152 143.004
256.021 146.682
253.415 132.697
259.053 156.342
260.186 147.346
274.331 161.637
274.750 138.540
275.707 167.622
264.560 165.928
263.235 147.745
251.024 153.185
270.984 147.028
272.557 155.945
261.266 166.734
258.926 166.847
271.791 151.266
274.456 155.207
252.841 133.057
274.016 150.033
267.269 166.529
261.236 151.679
248.955 136.413
244.453 150.244
249.566 165.576
261.909 163.067
272.405 132.860
276.002 146.451
264.049 152.862
268.229 164.346
247.603 150.662
250.729 133.601
261.432 166.465
251.512 134.589
277.820 137.777
245.007 138.283
262.937 134.406
252.158 164.057
261.836 137.967
270.010 134.334
256.771 167.708
277.102 161.599
264.360 160.632
255.498 155.704
245.534 142.749
271.135 136.426
262.396 165.282
255.446 139.542
264.705 301.074
274.607 201.684
252.102 231.102
258.378 303.541
176.318 245.524
264.744 202.335
317.535 240.696
291.025 237.837
138.233 255.207
317.055 245.530
184.869 253.652
277.086 218.566
176.139 254.598
343.410 248.079
325.369 246.854
295.916 238.455
300.308 240.736
250.805 353.199
283.984 227.159
258.498 291.323
221.752 246.340
213.322 240.335
294.677 237.164
298.366 230.714
275.136 267.469
254.547 350.631
216.020 244.953
265.123 206.744
265.170 171.311
271.499 229.953
270.234 240.616
272.187 264.175
163.178 249.193
254.878 300.960
268.796 171.552
265.992 309.891
239.239 229.887
271.692 196.485
350.481 253.883
213.512 243.803
278.780 209.245
268.420 233.530
272.863 186.957
259.260 286.586
265.496 160.797
239.472 240.363
269.964 235.203
237.687 228.634
139.922 258.291
265.135 153.195
272.087 253.848
315.749 247.395
349.317 263.043
308.911 237.581
271.486 180.942
262.548 181.063
299.985 236.365
189.870 244.296
351.850 253.715
331.159 255.161
271.323 257.001
314.099 234.538
281.629 231.545
265.916 202.775
339.012 258.393
274.898 252.760
303.611 236.995
159.721 259.780
147.980 258.429
182.117 245.593
260.431 298.611
164.783 250.941
263.282 195.305
235.460 236.796
340.584 248.240
278.588 227.638
269.309 222.682
257.236 300.394
318.170 247.520
167.948 255.821
274.749 269.147
340.792 249.062
300.555 230.335
255.784 342.914
261.622 224.476
172.756 246.925
231.833 242.993
283.855 226.725
273.101 208.129
238.890 236.516
356.461 259.598
260.464 341.541
262.141 283.396
276.238 213.195
281.358 217.157
155.631 262.037
206.029 238.605
214.148 236.039
159.941 257.617
272.009 203.514
257.377 336.739
279.820 241.868
310.398 236.020
156.260 263.663
269.357 171.592
266.859 276.627
197.525 245.602
271.092 239.038
273.206 185.753
177.574 253.965
261.091 173.057
276.745 234.372
290.359 231.421
259.522 172.717
269.453 198.060
264.790 263.603
264.642 189.705
270.474 283.258
276.050 197.345
263.178 205.084
175.073 109.318
386.095 49.016
81.087 487.138
423.345 252.149
79.358 324.231
100.895 252.028
371.763 108.672
76.553 398.841
264.827 434.409
82.637 452.416
177.648 35.813
283.379 366.032
189.490 346.833
493.157 202.194
291.925 21.199
46.703 435.788
81.821 325.728
16.266 39.762
38.034 83.024
410.089 375.548
432.981 24.034
486.777 347.681
308.428 450.134
48.520 110.095
96.068 419.138
128.669 485.760
124.579 294.784
423.718 479.398
456.087 127.308
90.310 217.198
126.344 304.320
3.387 220.568
56.294 86.054
497.740 168.952
11.265 450.156
466.124 429.807
492.248 45.797
398.251 5.645
466.194 82.065
334.714 7.503
234.341 60.379
36.544 241.496
126.301 179.987
429.937 424.442
106.677 149.257
391.851 320.754
373.742 373.503
452.931 10.351
472.227 13.455
82.278 442.364
419.317 470.653
147.909 128.441
399.576 117.003
409.786 267.304
64.079 95.806
101.028 496.991
400.911 399.391
131.934 301.098
488.788 158.314
131.400 464.269
439.241 121.613
422.255 438.823
456.873 229.210
13.152 59.378
55.822 139.559
249.709 463.386
410.991 88.587
39.109 339.554
161.462 108.363
338.693 12.774
256.348 54.589
442.026 19.662
440.590 241.508
463.169 13.918
107.465 28.337
332.989 449.167
122.543 328.336
168.851 9.809
207.534 472.850
92.681 250.151
