200 2
55.000 45.000
76.983 49.285
75.524 47.068
72.183 43.915
78.027 50.241
73.114 42.634
76.985 46.961
73.837 49.044
76.866 43.897
73.112 44.031
76.602 46.920
75.532 49.624
72.462 50.232
78.089 48.747
78.685 44.356
79.114 47.678
77.208 49.817
78.005 46.843
78.984 47.051
75.319 46.694
76.092 44.163
76.110 45.188
72.830 47.025
75.389 42.737
79.155 47.406
73.172 45.799
78.043 49.533
75.706 43.213
75.748 49.173
74.093 44.547
73.179 44.435
78.295 48.701
73.038 48.180
77.542 42.965
73.656 47.825
79.368 48.894
71.868 42.389
72.758 48.477
78.567 43.491
76.143 48.083
78.399 48.135
78.283 45.255
73.800 44.315
72.835 47.184
75.021 43.238
78.687 48.713
73.980 49.277
52.269 73.419
50.004 70.627
51.049 69.978
48.680 69.143
51.927 72.565
52.334 71.070
49.811 73.970
44.581 67.116
48.962 68.468
44.772 69.663
44.523 70.704
51.629 69.656
45.501 71.649
47.677 66.958
51.314 69.677
50.129 73.345
46.841 66.219
46.752 71.827
45.407 67.068
48.532 69.691
50.529 72.573
48.483 73.144
46.835 72.904
48.242 69.188
48.408 67.689
50.911 72.338
45.434 72.416
50.962 67.874
45.527 67.858
51.353 66.717
49.841 72.274
46.129 73.520
23.956 51.209
23.565 55.629
21.502 51.998
22.746 53.578
25.669 54.279
25.043 53.021
23.345 51.865
23.819 55.511
21.230 53.317
25.545 48.404
20.289 49.811
27.578 50.446
26.219 53.726
26.196 54.374
24.126 50.865
24.051 50.772
24.132 52.683
21.971 51.355
27.099 54.962
22.088 48.927
20.312 49.303
22.644 54.537
25.342 51.920
21.667 54.644
22.256 54.756
25.679 53.637
20.451 51.002
23.686 49.247
21.036 50.878
27.242 48.481
22.360 53.853
23.345 51.083
20.716 55.494
25.854 48.888
23.956 54.760
21.672 48.120
23.964 52.958
23.127 52.138
23.108 50.351
23.255 54.011
23.277 49.604
27.734 54.365
26.016 52.139
27.058 53.402
45.327 31.769
49.489 34.450
48.834 27.286
46.041 29.422
47.643 34.056
50.962 32.942
44.691 34.716
50.771 34.830
49.764 34.954
48.485 31.729
47.199 32.393
51.756 28.306
47.126 28.616
51.418 27.834
44.868 34.373
52.291 27.748
45.882 28.811
48.617 28.820
51.284 29.590
45.169 33.992
44.488 32.634
44.472 29.685
52.080 29.098
47.373 27.637
45.223 29.991
46.047 28.964
51.033 33.222
48.233 28.211
50.844 32.402
49.709 32.013
49.728 29.107
50.436 34.978
49.352 30.244
52.343 30.510
46.042 29.596
46.858 33.639
47.757 32.731
28.932 50.763
39.138 48.101
60.726 43.942
64.134 45.847
52.539 42.885
58.836 45.700
35.325 48.394
52.413 41.171
50.293 31.455
52.975 57.984
53.977 41.609
48.778 34.823
49.418 64.704
63.821 44.474
50.127 47.144
48.740 46.223
51.387 33.456
65.421 44.960
49.498 46.832
57.515 46.276
51.327 39.472
49.562 62.429
69.351 46.604
49.795 64.344
52.806 91.435
90.895 72.789
21.777 2.684
4.156 46.889
98.557 89.608
31.770 86.349
97.071 34.218
48.742 12.754
21.817 6.574
99.261 81.460
2.154 59.984
7.926 0.078
18.651 13.850
17.917 49.681
94.071 5.608
93.391 99.106
