5000 5
1375.000 1125.000
1788.538 1180.583
1667.153 1238.366
1704.999 1143.755
1689.378 1201.770
1774.120 1228.366
1716.148 1207.694
1670.716 1100.539
1751.651 1252.386
1725.791 1215.671
1772.251 1276.106
1818.833 1108.688
1714.941 1117.330
1673.356 1168.299
1830.272 1197.184
1694.484 1210.630
1801.671 1258.031
1708.049 1146.511
1723.788 1154.223
1722.372 1138.450
1830.640 1160.890
1829.779 1174.117
1794.447 1125.839
1775.344 1189.373
1811.185 1212.133
1695.941 1139.272
1797.848 1158.792
1781.922 1118.884
1763.689 1253.159
1721.492 1178.693
1709.970 1257.496
1823.218 1221.192
1783.937 1190.123
1792.695 1204.165
1783.109 1099.867
1715.836 1202.861
1736.567 1249.460
1798.541 1116.416
1745.859 1256.988
1769.648 1140.966
1835.535 1128.376
1674.118 1269.165
1809.169 1227.138
1823.600 1240.668
1672.215 1261.366
1674.477 1161.112
1754.085 1103.656
1789.424 1264.323
1681.669 1133.458
1674.372 1169.881
1764.846 1246.038
1691.290 1121.333
1809.903 1242.464
1773.087 1116.703
1723.154 1200.256
1756.966 1221.535
1692.578 1122.017
1824.762 1185.415
1773.523 1247.584
1776.509 1264.250
1824.603 1149.863
1790.947 1241.838
1677.768 1124.067
1767.564 1169.945
1697.245 1104.922
1783.300 1131.384
1773.039 1151.580
1760.346 1134.624
1725.033 1150.530
1711.961 1227.931
1759.217 1185.479
1694.144 1184.494
1754.480 1210.622
1795.744 1128.519
1714.688 1157.799
1730.277 1174.372
1759.523 1187.493
1692.678 1135.402
1796.827 1176.847
1704.433 1272.282
1680.997 1196.922
1684.170 1172.434
1805.491 1152.797
1788.903 1112.816
1780.769 1179.145
1736.241 1145.602
1837.355 1212.697
1818.682 1162.320
1813.334 1119.804
1708.185 1164.792
1746.928 1277.117
1730.330 1241.458
1821.321 1245.106
1678.552 1112.365
1790.860 1185.313
1663.918 1270.761
1820.186 1253.504
1785.972 1101.663
1699.172 1195.083
1707.587 1237.486
1782.328 1228.983
1792.919 1231.517
1752.287 1130.046
1807.549 1161.498
1748.347 1211.894
1768.059 1144.375
1729.680 1203.319
1830.373 1149.405
1717.175 1232.669
1771.553 1104.845
1818.404 1171.830
1705.673 1232.947
1703.283 1269.092
1738.489 1121.278
1749.115 1270.414
1825.472 1237.135
1661.682 1160.197
1813.215 1261.609
1738.969 1125.468
1683.395 1117.202
1681.141 1248.113
1711.441 1259.145
1787.313 1176.386
1793.141 1142.696
1795.550 1151.325
1831.506 1125.062
1674.974 1272.807
1668.963 1230.378
1803.222 1126.985
1757.371 1214.833
1751.754 1108.239
1745.561 1232.240
1734.650 1100.210
1730.213 1197.170
1823.593 1106.839
1672.021 1123.453
1817.859 1164.431
1695.169 1184.148
1734.780 1264.818
1760.759 1119.953
1833.918 1266.960
1812.532 1125.486
1786.252 1124.500
1808.763 1150.224
1679.381 1121.576
1799.929 1119.126
1785.282 1126.089
1763.266 1268.014
1761.787 1215.411
1750.730 1182.363
1703.786 1209.320
1772.293 1132.401
1672.389 1128.408
1792.466 1203.199
1686.809 1164.662
1730.037 1263.663
1800.774 1268.123
1741.498 1132.609
1705.332 1101.563
1675.659 1110.732
1669.024 1247.496
1694.774 1104.619
1670.283 1253.527
1720.284 1195.486
1825.503 1187.764
1774.807 1252.645
1710.441 1258.844
1735.230 1186.576
1790.264 1249.364
1803.939 1144.451
1831.541 1219.498
1795.319 1268.986
1707.914 1178.896
1715.598 1256.148
1709.442 1206.301
1764.974 1170.055
1679.542 1249.518
1785.624 1139.480
1776.859 1156.925
1746.367 1270.576
1803.076 1224.573
1806.782 1253.768
1678.249 1235.802
1759.073 1255.660
1832.563 1189.985
1835.942 1244.869
1688.680 1137.965
1745.514 1138.191
1751.768 1193.605
1709.107 1147.731
1821.992 1234.539
1741.215 1107.074
1713.702 1131.754
1705.372 1154.516
1824.784 1124.704
1765.557 1192.286
1727.791 1132.967
1693.402 1160.747
1734.657 1136.358
1676.165 1157.529
1724.362 1210.127
1793.301 1139.778
1830.601 1122.033
1691.891 1219.185
1678.342 1134.385
1727.957 1193.745
1798.593 1221.710
1793.227 1158.887
1709.971 1162.173
1751.342 1105.872
1710.252 1147.961
1661.920 1254.367
1708.531 1209.277
1696.745 1193.303
1695.065 1128.324
1714.474 1144.002
1779.446 1139.570
1675.422 1133.287
1739.379 1178.437
1669.790 1232.883
1720.994 1179.398
1731.471 1173.593
1702.386 1221.937
1790.834 1218.426
1775.984 1261.201
1701.068 1219.469
1800.361 1144.510
1774.789 1182.539
1691.511 1219.968
1669.576 1238.273
1725.371 1152.515
1701.033 1107.206
1696.600 1243.418
1699.737 1099.281
1673.285 1118.208
1667.984 1123.486
1760.957 1215.893
1826.686 1117.957
1788.414 1104.007
1736.954 1211.674
1707.999 1204.551
1698.341 1191.009
1823.667 1266.733
1701.439 1158.740
1810.626 1185.578
1815.185 1191.793
1701.840 1117.508
1783.640 1217.310
1728.657 1129.024
1684.557 1199.674
1801.383 1274.344
1800.203 1192.468
1686.345 1159.406
1696.043 1274.959
1694.308 1121.313
1833.141 1127.807
1730.670 1148.795
1798.594 1116.535
1660.911 1120.063
1672.688 1107.455
1824.338 1199.009
1719.501 1176.373
1821.017 1213.580
1659.205 1144.308
1799.261 1253.926
1796.842 1162.322
1810.022 1129.393
1687.719 1220.697
1661.547 1262.504
1820.455 1105.942
1714.360 1133.165
1736.966 1141.906
1680.227 1189.314
1664.733 1118.081
1723.778 1106.114
1777.695 1160.264
1798.258 1271.308
1787.623 1125.095
1729.252 1224.637
1823.377 1114.936
1737.837 1152.780
1665.949 1176.997
1748.794 1220.607
1761.952 1257.829
1713.006 1264.222
1813.980 1144.105
1766.294 1221.970
1821.861 1233.293
1718.287 1243.307
1796.115 1259.950
1812.853 1231.265
1680.212 1139.491
1793.515 1109.689
1723.675 1128.622
1729.782 1143.636
1774.993 1244.298
1750.269 1268.495
1805.624 1231.728
1812.649 1267.971
1740.127 1232.662
1792.885 1178.625
1825.714 1128.681
1684.764 1163.317
1774.204 1202.299
1679.461 1108.432
1757.731 1262.463
1723.822 1185.417
1777.756 1107.615
1664.558 1114.484
1766.687 1215.843
1814.410 1117.336
1806.242 1237.562
1809.781 1205.180
1696.139 1104.194
1678.902 1253.108
1760.165 1202.651
1780.347 1149.627
1735.202 1217.678
1726.169 1153.735
1737.496 1106.724
1818.849 1256.830
1716.326 1200.832
1767.579 1242.630
1820.605 1257.278
1660.075 1275.797
1771.441 1186.010
1716.327 1206.338
1673.076 1255.763
1806.813 1122.440
1733.231 1121.008
1676.878 1238.790
1716.232 1185.245
1678.801 1173.549
1816.056 1132.461
1779.907 1263.208
1773.610 1189.237
1774.737 1153.347
1830.420 1271.173
1668.763 1244.416
1780.821 1220.479
1686.957 1262.265
1762.677 1222.813
1765.305 1216.462
1754.283 1255.164
1685.875 1133.966
1675.360 1242.601
1811.206 1201.958
1735.547 1206.399
1662.623 1139.986
1691.255 1250.499
1672.773 1245.336
1784.467 1120.410
1795.229 1161.085
1813.983 1202.953
1759.167 1216.042
1819.099 1201.549
1803.736 1276.914
1796.407 1152.426
1722.112 1194.269
1755.953 1179.070
1811.555 1141.477
1661.216 1241.241
1748.532 1147.819
1711.049 1109.372
1696.560 1194.281
1712.928 1145.777
1836.501 1154.485
1755.770 1215.877
1836.531 1194.284
1736.987 1116.711
1761.498 1269.905
1670.585 1259.253
1708.603 1159.432
1780.810 1130.007
1820.141 1105.118
1701.278 1240.164
1726.218 1118.214
1818.316 1136.557
1739.272 1160.874
1686.009 1193.236
1832.243 1228.801
1758.957 1164.014
1734.717 1195.580
1735.108 1103.593
1665.163 1199.687
1731.967 1149.077
1835.916 1128.288
1674.969 1224.206
1754.050 1202.901
1827.448 1162.956
1816.099 1115.382
1806.689 1178.274
1664.431 1127.488
1664.495 1244.939
1707.042 1128.791
1726.506 1230.903
1777.725 1169.942
1724.411 1234.045
1738.710 1200.636
1739.865 1242.345
1754.232 1213.547
1830.094 1261.016
1664.335 1254.255
1789.074 1102.017
1780.939 1257.464
1837.738 1099.831
1775.780 1195.152
1824.211 1133.756
1717.786 1173.867
1792.221 1204.062
1751.971 1244.654
1769.239 1177.545
1749.534 1224.902
1744.762 1120.719
1712.350 1107.803
1711.501 1147.782
1747.781 1175.517
1738.567 1163.147
1720.823 1154.816
1681.764 1259.678
1704.952 1237.394
1762.225 1170.007
1739.083 1275.422
1775.962 1261.382
1826.944 1149.340
1802.585 1180.829
1785.384 1178.157
1666.373 1143.060
1817.516 1214.261
1669.575 1143.578
1762.243 1265.575
1684.244 1183.456
1668.727 1244.645
1803.042 1236.280
1702.122 1142.858
1694.473 1106.612
1737.227 1122.723
1690.552 1155.848
1835.152 1183.621
1770.989 1173.925
1785.707 1184.604
1772.743 1201.021
1815.390 1177.410
1702.705 1260.109
1711.228 1188.661
1810.982 1247.970
1706.077 1112.549
1705.533 1184.663
1733.561 1261.450
1661.849 1220.807
1713.261 1168.151
1695.627 1129.174
1702.673 1254.988
1808.529 1217.034
1837.160 1105.273
1719.308 1130.934
1670.131 1153.430
1773.416 1184.712
1743.710 1201.074
1725.306 1112.859
1716.977 1158.246
1692.219 1139.287
1727.414 1133.155
1769.307 1179.162
1703.574 1147.728
1719.648 1185.355
1695.024 1166.273
1832.008 1103.810
1739.587 1149.945
1782.734 1194.527
1770.010 1155.789
1734.735 1205.175
1672.426 1275.316
1790.830 1180.514
1800.790 1142.877
1768.025 1174.048
1749.865 1170.686
1758.214 1174.550
1667.623 1274.775
1697.394 1152.256
1836.118 1190.740
1796.630 1170.730
1801.511 1142.502
1694.962 1239.484
1794.716 1131.459
1745.029 1199.448
1765.584 1184.107
1667.202 1108.723
1776.062 1246.913
1836.860 1233.257
1671.190 1239.925
1719.891 1142.887
1745.149 1225.665
1785.289 1157.315
1727.062 1258.579
1803.946 1126.622
1789.695 1187.349
1690.632 1225.006
1700.270 1235.148
1832.491 1210.835
1802.776 1260.721
1771.808 1150.184
1780.408 1225.567
1829.961 1135.029
1793.391 1189.218
1746.446 1224.677
1725.826 1248.122
1720.525 1261.984
1789.770 1211.364
1824.134 1157.373
1739.691 1109.017
1717.774 1190.965
1716.078 1250.737
1673.580 1128.350
1732.640 1211.685
1664.517 1253.305
1746.850 1146.061
1803.518 1127.003
1727.856 1127.419
1663.658 1171.735
1697.271 1224.230
1692.492 1252.295
1667.641 1099.490
1711.073 1123.295
1755.556 1212.468
1668.210 1138.915
1781.257 1239.120
1783.506 1252.301
1709.743 1116.303
1735.804 1161.309
1691.707 1267.364
1823.775 1172.875
1799.867 1220.265
1679.463 1202.987
1794.076 1144.365
1736.158 1197.241
1706.090 1105.121
1815.910 1128.177
1827.413 1188.064
1686.578 1121.626
1765.256 1241.447
1696.129 1270.680
1667.951 1220.629
1826.106 1175.210
1704.726 1215.959
1680.082 1275.789
1734.947 1141.262
1792.752 1132.361
1826.358 1241.449
1836.688 1253.403
1821.112 1262.925
1727.135 1276.655
1717.137 1205.085
1828.017 1114.749
1746.693 1275.150
1716.716 1189.006
1691.486 1250.583
1800.536 1123.815
1674.202 1169.482
1798.818 1228.527
1800.953 1249.627
1834.140 1270.584
1818.074 1125.329
1806.176 1125.417
1836.913 1260.588
1699.770 1208.046
1725.227 1230.005
1723.319 1216.899
1778.261 1115.774
1705.663 1205.814
1683.971 1164.721
1734.701 1202.208
1660.828 1250.291
1744.467 1204.399
1780.814 1137.100
1820.010 1180.662
1770.996 1225.518
1669.962 1205.055
1780.757 1265.555
1730.743 1224.541
1782.294 1191.087
1772.831 1249.325
1661.352 1135.742
1687.859 1253.077
1726.666 1249.157
1761.010 1271.689
1662.083 1167.768
1713.575 1195.426
1674.252 1230.564
1694.654 1107.600
1701.255 1270.425
1750.004 1140.047
1789.477 1160.403
1664.437 1129.687
1688.919 1221.503
1754.875 1119.877
1726.186 1108.039
1685.086 1178.578
1665.744 1193.665
1700.928 1141.601
1710.226 1152.584
1717.453 1164.060
1834.208 1217.041
1757.451 1111.630
1794.145 1137.065
1695.355 1170.703
1685.713 1217.319
1761.194 1166.412
1812.321 1263.967
1780.398 1106.356
1808.840 1260.965
1668.922 1190.702
1757.550 1211.212
1760.966 1108.817
1715.313 1103.605
1774.974 1223.493
1782.507 1201.600
1795.590 1118.214
1672.132 1148.287
1714.981 1190.038
1757.726 1121.524
1679.953 1170.340
1703.850 1209.869
1697.733 1161.061
1740.458 1124.072
1800.698 1148.110
1836.118 1102.701
1699.696 1203.162
1685.558 1136.843
1681.606 1238.133
1771.672 1239.679
1785.703 1106.944
1825.581 1183.954
1801.351 1138.317
1777.930 1185.532
1775.693 1249.510
1668.360 1160.453
1690.186 1198.053
1768.493 1198.228
1730.817 1183.297
1776.371 1214.296
1670.574 1255.714
1660.434 1264.511
1743.625 1100.791
1675.042 1196.414
1819.475 1136.760
1810.520 1222.497
1786.299 1148.910
1677.003 1207.679
1781.771 1119.985
1698.922 1215.836
1814.280 1211.923
1773.781 1138.616
1800.717 1195.382
1731.701 1144.603
1756.270 1277.301
1756.964 1137.839
1664.920 1186.224
1787.225 1191.265
1708.834 1126.348
1735.085 1151.688
1759.233 1205.663
1761.020 1113.734
1706.166 1208.714
1692.363 1244.920
1701.515 1195.265
1691.693 1244.999
1773.427 1158.156
1795.771 1200.122
1672.189 1198.703
1835.330 1241.296
1663.197 1257.056
1745.947 1266.128
1692.588 1212.843
1786.733 1250.349
1711.904 1203.404
1663.812 1154.039
1730.685 1160.068
1720.982 1252.680
1667.843 1106.597
1804.783 1260.184
1698.744 1202.789
1779.068 1218.345
1751.775 1244.453
1707.672 1197.132
1571.584 1795.401
1513.587 1742.585
1529.298 1769.763
1429.131 1823.675
1441.721 1719.370
1503.598 1780.553
1532.920 1804.536
1562.204 1801.464
1565.720 1770.408
1500.930 1804.637
1535.680 1737.139
1533.956 1734.136
1430.498 1669.384
1417.161 1725.103
1425.610 1686.862
1489.234 1799.437
1441.103 1758.471
1551.774 1769.294
1414.548 1728.423
1556.916 1743.079
1489.042 1739.703
1421.160 1796.956
1410.562 1841.270
1508.142 1727.336
1449.480 1778.202
1428.316 1791.715
1473.710 1710.180
1446.365 1802.109
1477.550 1786.724
1446.451 1671.518
1570.031 1777.119
1502.209 1771.826
1440.777 1818.906
1404.421 1775.944
1534.073 1829.092
1454.513 1821.610
1494.631 1729.475
1420.130 1767.990
1419.492 1800.101
1455.159 1696.240
1494.317 1773.570
1401.234 1712.405
1480.531 1822.308
1563.419 1771.532
1405.402 1805.633
1432.832 1715.451
1540.178 1759.442
1512.934 1829.619
1537.360 1762.756
1431.779 1673.796
1537.446 1833.650
1410.392 1842.456
1441.070 1711.130
1422.235 1820.818
1538.624 1699.474
1522.648 1720.546
1536.325 1757.307
1433.290 1747.634
1569.435 1766.662
1542.924 1765.265
1480.033 1666.251
1539.946 1813.315
1475.499 1808.915
1406.152 1732.260
1465.231 1682.439
1505.352 1708.203
1403.488 1738.391
1410.447 1804.665
1500.683 1745.090
1512.431 1827.385
1471.546 1769.657
1552.413 1776.528
1470.185 1734.185
1438.659 1781.157
1416.509 1743.718
1400.912 1706.496
1506.572 1825.622
1567.524 1779.755
1510.280 1699.288
1474.113 1783.271
1524.771 1789.985
1432.436 1776.992
1398.882 1697.739
1545.222 1840.423
1532.384 1812.457
1482.650 1688.122
1409.560 1825.682
1522.346 1739.733
1478.141 1762.512
1459.809 1712.583
1555.668 1704.250
1528.143 1766.414
1430.725 1743.357
1466.909 1785.855
1466.400 1685.659
1432.762 1690.098
1513.834 1676.110
1445.694 1747.957
1474.263 1747.497
1426.727 1717.617
1439.682 1773.664
1414.772 1771.750
1503.549 1735.657
1465.361 1823.250
1397.394 1806.575
1482.242 1669.691
1529.630 1670.121
1551.327 1756.335
1521.194 1805.970
1444.979 1842.978
1413.713 1740.561
1561.509 1779.498
1521.699 1838.501
1458.121 1678.166
1486.372 1826.471
1419.676 1668.726
1414.074 1815.398
1434.518 1819.094
1440.102 1703.418
1430.903 1778.313
1494.523 1812.745
1493.836 1771.220
1548.935 1678.249
1481.380 1694.334
1440.826 1788.092
1406.710 1679.504
1432.532 1768.949
1452.194 1697.767
1426.479 1767.491
1441.896 1778.870
1401.734 1815.248
1487.673 1839.696
1461.432 1695.083
1437.106 1706.596
1421.451 1712.570
1411.462 1694.265
1491.517 1672.539
1414.619 1737.827
1553.262 1706.194
1549.958 1813.067
1568.769 1834.852
1475.394 1716.275
1418.660 1685.335
1518.679 1765.749
1520.213 1710.991
1450.556 1739.267
1505.657 1777.219
1413.511 1799.862
1528.248 1714.806
1487.973 1718.902
1543.250 1843.956
1494.394 1744.547
1524.432 1840.747
1452.230 1681.852
1456.037 1744.207
1410.682 1816.645
1411.420 1735.533
1551.293 1719.877
1540.683 1747.202
1512.822 1675.009
1423.399 1733.919
1548.951 1747.017
1405.915 1729.328
1434.115 1772.007
1547.725 1835.322
1556.311 1715.562
1522.115 1789.830
1452.347 1824.847
1550.802 1735.630
1502.463 1749.344
1531.663 1775.527
1454.440 1732.861
1514.892 1739.405
1551.229 1745.859
1535.475 1718.292
1485.145 1826.493
1551.487 1805.439
1426.330 1835.786
1529.556 1765.097
1452.304 1828.825
1547.693 1792.493
1413.131 1760.988
1565.282 1668.861
1527.343 1676.764
1401.477 1756.910
1396.014 1803.161
1518.260 1694.218
1479.104 1794.254
1476.851 1680.253
1421.318 1803.270
1428.936 1813.688
1570.207 1689.737
1546.268 1669.779
1532.125 1721.996
1482.674 1815.119
1393.492 1798.125
1468.869 1668.038
1463.095 1792.881
1530.583 1765.647
1568.157 1671.088
1531.071 1760.287
1473.607 1806.066
1407.360 1774.187
1451.942 1781.115
1569.920 1789.287
1417.104 1738.427
1484.635 1790.974
1448.115 1680.561
1434.159 1786.982
1481.331 1730.448
1408.051 1761.575
1482.722 1675.014
1542.755 1666.495
1570.174 1686.224
1493.709 1714.027
1495.432 1804.620
1567.364 1733.173
1564.981 1700.717
1565.379 1668.493
1568.008 1749.698
1445.577 1834.507
1532.501 1827.179
1479.449 1695.171
1417.482 1809.972
1521.727 1778.279
1539.862 1793.598
1460.764 1765.639
1398.187 1752.044
1489.114 1676.604
1462.382 1696.368
1476.327 1823.717
1466.844 1677.722
1408.481 1677.123
1569.653 1759.254
1424.658 1670.234
1519.273 1696.054
1546.097 1806.595
1525.621 1822.995
1503.168 1734.130
1457.573 1760.719
1521.418 1754.679
1521.643 1680.745
1448.538 1807.236
1515.700 1688.497
1489.313 1821.462
1485.609 1766.136
1460.786 1772.447
1510.971 1742.117
1487.516 1797.899
1447.400 1689.168
1535.587 1736.196
1560.215 1749.209
1400.679 1841.107
1529.682 1681.005
1412.109 1825.730
1498.903 1820.282
1466.183 1760.157
1566.143 1667.721
1515.640 1721.892
1534.903 1696.679
1463.203 1751.887
1394.649 1794.156
1446.660 1743.028
1514.056 1745.434
1549.057 1734.466
1507.600 1744.564
1415.021 1766.763
1498.929 1722.625
1462.364 1745.387
1490.993 1720.806
1466.411 1760.702
1488.577 1671.222
1477.900 1798.197
1539.999 1788.265
1450.791 1767.792
1489.926 1800.000
1458.410 1768.997
1490.530 1698.694
1472.963 1687.162
1495.943 1839.373
1437.612 1800.778
1558.638 1844.031
1445.645 1748.360
1444.596 1732.916
1420.213 1684.790
1479.351 1830.834
1460.603 1677.955
1422.525 1753.075
1520.871 1672.775
1441.505 1839.839
1556.762 1688.912
1489.625 1707.768
1540.912 1697.971
1517.460 1841.836
1396.885 1817.142
1461.640 1710.127
1481.788 1792.434
1434.859 1783.207
1435.384 1668.115
1453.603 1842.066
1461.653 1816.717
1540.445 1829.942
1541.653 1745.889
1486.439 1693.856
1399.687 1824.529
1569.471 1681.359
1475.196 1764.353
1457.965 1742.738
1462.035 1701.812
1417.756 1825.316
1435.113 1712.370
1531.657 1751.037
1457.946 1700.379
1507.259 1677.249
1510.799 1709.871
1563.434 1688.466
1433.551 1752.453
1554.541 1753.962
1479.581 1797.004
1545.997 1675.598
1551.491 1785.320
1476.063 1816.585
1525.245 1732.644
1508.576 1748.616
1448.206 1765.897
1527.625 1745.106
1500.988 1692.176
1554.091 1761.899
1568.877 1800.972
1491.912 1811.176
1398.579 1711.952
1435.449 1789.836
1506.782 1737.508
1421.658 1753.632
1508.580 1731.999
1470.453 1710.047
1484.247 1729.339
1555.086 1716.064
1426.688 1794.831
1398.756 1786.066
1398.881 1839.602
1396.370 1776.919
1555.103 1689.810
1549.495 1779.514
1502.077 1760.265
1532.130 1830.287
1456.788 1751.914
1561.377 1720.300
1489.739 1720.319
1480.185 1722.059
1406.264 1666.149
1495.346 1811.743
1521.613 1829.477
1551.940 1720.466
1540.960 1840.489
1513.183 1676.570
1452.788 1781.755
1505.494 1830.529
1460.512 1824.294
1434.478 1822.974
1494.128 1687.201
1435.357 1782.526
1504.173 1731.466
1474.189 1817.712
1506.835 1773.208
1515.577 1739.765
1565.883 1686.228
1403.837 1752.679
1494.693 1769.920
1539.339 1667.906
1396.201 1773.334
1453.793 1694.721
1551.011 1840.791
1494.345 1824.700
1530.016 1760.693
1420.798 1786.717
1440.835 1695.583
1420.795 1834.728
1488.542 1816.118
1398.210 1716.218
1492.943 1767.773
1565.944 1669.668
1457.888 1704.409
1516.121 1693.464
1484.421 1796.949
1482.977 1829.996
1519.071 1727.907
1484.832 1689.829
1499.759 1771.324
1511.106 1806.626
1558.328 1781.071
1453.457 1832.680
1477.216 1778.282
1550.327 1843.722
1533.811 1716.206
1496.284 1830.374
1484.599 1778.657
1489.536 1808.299
1447.586 1789.268
1464.450 1678.889
1539.260 1839.166
1503.568 1796.799
1511.199 1755.349
1403.073 1826.578
1413.052 1685.868
1418.973 1779.584
1405.745 1723.009
1468.390 1728.243
1556.287 1706.708
1453.485 1756.508
1394.092 1689.711
1441.571 1706.641
1428.433 1820.426
1429.755 1820.990
1466.390 1828.626
1535.869 1784.686
1433.534 1690.343
1489.534 1763.067
1512.993 1799.417
1450.997 1787.374
1549.352 1821.229
1448.092 1709.744
1418.493 1798.155
1558.533 1779.697
1412.833 1811.367
1414.043 1670.447
1480.197 1803.229
1423.113 1823.204
1526.500 1732.974
1422.856 1683.761
1439.383 1688.462
1516.834 1676.891
1396.931 1701.942
1409.602 1701.136
1517.846 1712.616
1405.395 1707.778
1403.918 1799.641
1474.356 1821.977
1423.997 1789.777
1503.704 1841.237
1488.195 1709.629
1469.690 1706.464
1524.529 1679.044
1442.272 1691.041
1530.032 1742.986
1395.491 1813.905
1437.526 1688.329
1450.693 1766.186
1487.805 1684.761
1495.410 1781.855
1420.454 1784.860
1437.329 1782.731
1501.952 1679.162
1505.635 1742.650
1428.078 1756.547
1454.617 1721.388
1461.064 1810.990
1507.905 1727.343
1417.635 1754.530
1458.107 1667.962
1466.143 1680.861
1407.831 1717.223
1514.990 1790.678
1566.430 1711.056
1566.972 1772.018
1530.524 1709.444
1521.958 1793.218
1455.516 1753.448
1527.082 1675.820
1431.820 1697.071
1510.622 1677.118
1547.068 1780.572
1543.664 1750.779
1473.742 1694.505
1570.420 1710.338
1419.953 1843.732
1401.150 1770.162
1491.318 1803.180
1404.779 1785.386
1512.390 1721.420
1539.679 1683.626
1539.972 1833.481
1533.253 1783.356
1487.055 1707.332
1499.566 1728.407
1428.493 1814.942
1434.649 1699.151
1501.266 1725.153
1536.305 1688.916
1468.673 1746.946
1408.947 1740.663
1506.858 1746.906
1525.000 1784.903
1554.250 1819.933
1413.852 1811.054
1398.741 1729.797
1509.389 1768.866
1547.585 1682.554
1419.582 1770.927
1518.459 1830.562
1438.085 1732.027
1571.743 1811.092
1465.188 1811.454
1494.767 1841.930
1533.506 1740.065
1555.300 1746.605
1433.922 1750.442
1419.673 1734.783
1541.225 1692.085
1554.612 1678.971
1399.343 1806.144
1447.174 1694.686
1417.487 1755.422
1407.500 1719.593
1508.049 1677.619
1527.861 1808.321
1408.362 1788.677
1447.678 1791.578
1569.616 1705.196
1549.015 1697.877
1550.607 1793.082
1460.566 1793.044
1500.941 1797.881
1420.551 1715.060
1541.896 1685.518
1528.671 1723.321
1407.868 1826.149
1452.999 1812.749
1549.635 1839.481
1442.046 1834.340
1395.535 1692.938
1496.550 1767.834
1400.531 1800.273
1470.429 1728.352
1521.531 1747.147
1429.654 1773.540
1451.038 1770.950
1400.309 1836.301
1430.350 1704.284
1457.325 1820.068
1529.579 1831.513
1494.692 1727.814
1558.983 1723.073
1402.417 1702.802
1455.883 1725.840
1555.763 1788.666
1403.396 1824.429
1473.675 1788.711
1449.137 1709.463
1517.825 1824.359
1468.593 1731.297
1421.852 1736.790
1459.536 1676.739
1553.178 1784.665
1466.526 1835.295
1478.353 1817.673
1480.375 1679.145
1510.134 1766.429
1483.814 1816.941
1505.906 1835.093
1465.666 1741.054
1431.954 1803.225
1536.841 1749.392
1548.326 1762.778
1409.570 1766.191
1473.427 1680.427
1406.303 1781.731
1489.385 1749.125
1411.660 1749.436
1530.711 1764.574
1396.937 1744.967
1480.289 1796.402
1520.897 1733.442
1538.730 1677.656
1494.009 1741.657
1440.305 1737.262
1553.961 1810.998
1449.132 1715.865
1405.502 1686.938
1494.824 1679.932
1506.743 1668.300
1491.076 1839.654
1556.971 1709.232
1548.117 1715.489
1500.115 1752.980
1447.380 1772.396
1499.707 1804.424
1495.083 1811.454
1551.648 1668.518
1437.649 1674.906
1452.301 1799.694
1418.089 1677.602
1442.300 1667.205
1441.245 1692.945
1570.451 1697.385
1540.663 1686.633
1549.353 1806.121
1569.984 1698.980
1463.173 1723.654
1535.002 1718.795
1518.576 1775.451
1563.220 1788.092
1478.567 1834.983
1533.649 1678.886
1492.579 1828.119
1507.132 1812.594
1479.119 1729.339
1506.574 1803.940
1475.508 1749.122
1413.334 1700.787
1428.289 1748.607
1517.141 1676.814
1432.270 1820.360
1446.281 1678.135
1467.581 1775.982
1538.518 1842.062
1554.567 1835.570
1543.728 1672.202
1547.449 1823.716
1571.305 1683.409
1571.527 1817.526
1559.165 1694.969
1488.969 1702.389
1504.074 1695.678
1433.569 1752.359
1479.745 1761.269
1515.212 1773.079
1489.659 1813.329
1567.088 1788.233
1439.327 1745.426
1475.202 1679.588
1461.891 1820.735
1415.794 1697.891
1531.226 1822.233
1507.147 1771.330
1465.564 1696.808
1400.579 1757.214
1510.361 1831.296
1557.014 1709.958
1475.460 1703.359
1531.992 1762.175
1462.627 1695.393
1393.965 1802.672
1541.854 1752.603
1410.773 1761.545
1411.397 1735.246
1498.345 1732.571
1479.317 1807.164
1473.997 1839.652
1495.482 1717.847
1546.049 1707.886
1485.984 1779.457
1431.875 1716.010
1568.268 1792.110
1463.820 1728.345
1403.204 1833.493
1400.893 1666.867
1525.329 1685.040
1542.640 1674.590
1433.747 1818.157
1443.103 1679.361
1394.029 1801.327
1509.218 1674.045
1452.857 1782.725
1497.292 1824.406
1497.425 1752.030
1557.970 1754.320
1534.308 1710.255
1410.225 1734.827
1404.293 1772.656
1515.816 1700.467
1527.455 1729.364
1496.386 1732.657
1442.364 1831.966
1407.644 1770.739
1548.223 1810.186
1458.763 1738.040
1544.631 1801.187
874.858 1729.630
814.008 1795.529
852.153 1772.380
935.418 1870.209
825.403 1740.606
936.127 1842.329
908.685 1829.909
964.352 1819.860
918.504 1763.289
923.122 1768.064
908.964 1765.184
949.021 1849.372
888.001 1750.278
928.952 1752.432
793.094 1814.460
795.609 1817.124
836.370 1877.931
917.499 1744.646
876.479 1879.027
876.777 1767.721
872.541 1861.845
898.168 1905.145
858.866 1770.706
931.060 1814.159
899.719 1874.913
815.436 1782.363
965.332 1900.625
939.803 1784.617
895.843 1735.668
880.461 1754.318
956.066 1859.587
959.263 1845.122
963.166 1835.952
846.836 1794.974
916.011 1901.877
948.885 1900.276
929.148 1833.545
889.752 1799.485
859.739 1813.024
799.180 1740.944
934.087 1863.234
873.329 1787.013
797.996 1844.350
893.717 1796.205
899.670 1876.792
943.971 1842.608
903.382 1906.112
802.743 1746.215
890.796 1762.760
805.825 1790.583
826.227 1814.634
826.657 1905.619
804.295 1755.439
934.632 1850.753
865.236 1781.098
801.459 1750.393
836.852 1849.725
837.026 1849.334
946.573 1905.334
967.595 1799.462
858.405 1763.711
912.260 1783.583
824.036 1812.228
848.440 1852.287
918.679 1759.621
958.324 1854.651
837.782 1839.380
925.334 1780.511
822.915 1833.662
896.533 1846.883
846.625 1795.833
964.750 1778.148
849.861 1872.517
794.421 1904.040
897.743 1758.964
805.687 1846.993
933.816 1906.371
845.931 1864.066
814.865 1850.029
853.431 1861.044
808.118 1780.008
958.016 1839.235
828.656 1902.556
903.181 1862.232
825.782 1872.373
870.761 1736.858
936.120 1859.240
908.128 1815.069
964.971 1893.039
941.505 1884.671
966.875 1875.562
872.683 1741.171
833.760 1892.382
889.829 1810.629
813.955 1859.483
799.223 1820.190
932.676 1843.769
941.086 1750.388
937.931 1826.887
843.502 1881.485
930.459 1807.374
813.116 1730.145
856.715 1735.519
859.153 1850.439
876.994 1906.332
903.876 1755.153
941.991 1901.363
886.022 1758.362
949.581 1788.997
923.604 1756.263
828.992 1775.832
921.222 1791.017
828.089 1854.628
836.027 1842.721
868.935 1874.594
964.855 1844.503
849.891 1747.583
794.071 1843.179
850.442 1736.815
798.475 1794.774
871.292 1746.367
815.764 1818.318
814.590 1853.047
855.042 1770.372
912.056 1862.499
886.802 1812.978
941.638 1774.548
802.766 1758.421
868.317 1845.182
827.602 1791.285
946.313 1786.148
839.232 1741.532
870.440 1876.192
824.884 1802.765
905.842 1743.112
812.362 1743.340
873.548 1771.966
793.214 1749.833
870.271 1881.028
839.160 1748.171
876.121 1731.935
811.096 1810.481
843.231 1750.209
895.955 1823.310
929.513 1898.327
855.455 1805.901
859.979 1792.487
935.300 1766.806
851.143 1871.073
803.000 1847.211
831.138 1864.223
930.807 1803.725
856.537 1876.568
897.434 1881.705
806.076 1777.958
866.413 1900.014
923.195 1876.977
874.577 1851.054
828.399 1903.822
897.329 1741.040
969.219 1804.330
810.608 1837.598
795.443 1741.909
805.337 1783.651
805.602 1761.462
935.321 1871.633
809.019 1770.810
919.169 1842.120
932.256 1768.992
949.116 1790.915
828.672 1755.802
878.331 1803.085
842.861 1906.716
969.860 1757.484
963.174 1787.284
955.371 1863.794
912.299 1835.497
943.849 1813.169
934.718 1816.468
960.381 1850.634
899.803 1887.611
824.466 1890.176
958.838 1829.728
968.672 1854.019
930.530 1752.898
956.269 1743.942
882.946 1860.738
875.347 1895.905
846.849 1771.059
915.319 1842.725
896.022 1785.290
854.029 1777.234
886.639 1867.160
820.088 1884.607
916.234 1800.942
826.369 1885.284
821.612 1895.956
840.568 1816.905
970.476 1765.625
809.691 1840.066
817.551 1806.072
949.348 1872.139
820.952 1808.502
839.341 1779.901
903.201 1832.366
955.299 1814.564
886.648 1906.843
879.898 1877.348
913.237 1804.567
873.741 1823.561
922.058 1886.951
795.137 1768.826
876.010 1750.287
952.874 1760.753
843.794 1737.924
825.398 1791.446
877.945 1768.591
917.373 1805.663
970.906 1862.088
822.424 1861.144
828.191 1733.139
842.495 1840.287
935.563 1817.330
818.612 1877.537
930.067 1903.785
833.034 1754.785
945.606 1863.044
901.393 1751.297
960.626 1879.232
876.552 1854.119
844.527 1895.620
837.389 1814.493
914.921 1835.409
895.048 1904.931
892.028 1823.723
963.244 1843.508
901.116 1793.635
905.930 1787.160
882.358 1893.974
958.088 1889.399
965.634 1849.022
957.840 1808.995
822.912 1883.211
896.666 1763.077
845.474 1789.638
903.424 1870.654
835.076 1801.948
911.090 1809.702
941.929 1805.995
821.983 1862.948
948.496 1821.534
960.923 1867.354
936.644 1802.635
796.488 1838.696
840.990 1859.072
879.775 1757.761
893.135 1739.559
960.736 1860.200
924.606 1842.447
930.413 1766.639
861.265 1819.829
868.671 1883.267
930.096 1774.945
808.542 1846.071
900.758 1795.271
943.788 1864.718
953.010 1785.693
849.398 1854.218
954.179 1825.602
936.952 1779.204
871.116 1834.773
807.272 1755.445
841.782 1738.417
877.893 1814.735
915.913 1894.570
835.595 1829.406
894.333 1887.026
923.953 1770.710
897.644 1876.484
830.397 1891.469
896.838 1850.525
914.466 1758.755
854.748 1896.779
963.953 1868.108
807.184 1781.300
925.997 1811.358
953.771 1853.867
869.602 1775.595
832.809 1880.242
876.738 1824.244
909.203 1803.532
796.339 1763.711
891.624 1846.789
914.649 1863.978
841.350 1743.285
962.550 1895.154
850.696 1873.310
872.419 1902.984
861.254 1778.317
894.589 1774.791
852.583 1805.582
890.023 1804.209
970.213 1757.160
943.580 1904.655
968.600 1796.521
932.668 1773.221
825.081 1849.890
950.682 1736.960
921.107 1854.483
929.447 1883.002
888.716 1894.710
960.227 1871.119
951.583 1831.896
878.202 1810.251
815.769 1774.746
967.769 1872.858
919.925 1841.984
961.525 1780.558
940.405 1880.323
848.634 1765.767
869.198 1801.426
866.244 1832.498
874.320 1831.403
896.197 1862.426
812.556 1808.006
835.386 1837.586
827.436 1776.125
843.937 1787.828
830.563 1839.295
823.609 1818.321
861.627 1730.464
837.997 1855.051
894.850 1739.676
942.227 1900.576
890.709 1834.288
905.904 1900.053
902.517 1875.114
881.828 1813.210
923.251 1836.326
859.695 1743.930
952.360 1832.272
886.778 1898.196
829.482 1854.016
814.958 1749.610
902.499 1838.313
933.731 1904.199
842.691 1822.228
964.888 1808.237
884.726 1793.398
961.257 1764.936
931.753 1844.274
834.623 1848.244
917.442 1753.044
923.773 1904.229
850.652 1750.623
959.140 1729.431
896.523 1824.326
948.108 1760.031
924.148 1885.956
803.976 1833.134
824.116 1807.597
805.505 1801.110
960.991 1811.457
966.458 1903.516
813.381 1776.758
824.659 1830.515
866.297 1864.365
837.915 1832.916
809.062 1829.164
913.585 1849.292
874.429 1759.090
874.981 1825.747
822.230 1875.657
891.724 1777.101
908.620 1761.733
915.384 1783.775
891.444 1900.531
811.616 1890.228
905.610 1865.853
816.792 1856.232
913.636 1858.537
814.085 1780.923
948.542 1858.787
902.746 1814.152
821.683 1814.939
883.914 1729.420
823.477 1896.777
967.183 1736.562
875.932 1811.774
935.957 1786.837
919.230 1734.723
852.258 1750.268
880.669 1817.610
876.303 1831.905
921.636 1897.169
819.690 1874.624
956.520 1779.081
946.294 1835.351
796.558 1892.856
798.141 1799.856
912.444 1788.424
816.519 1875.143
946.545 1906.766
942.282 1887.221
948.714 1882.466
933.941 1849.994
799.049 1741.067
930.532 1824.012
928.441 1775.124
964.960 1903.113
862.025 1874.519
914.330 1743.696
912.537 1772.172
961.564 1849.300
820.590 1907.221
856.951 1831.446
809.172 1839.936
891.454 1855.787
868.087 1874.456
827.923 1842.884
802.551 1875.161
880.569 1779.649
840.478 1807.968
831.731 1733.751
954.682 1749.847
942.993 1835.670
886.855 1797.052
903.928 1780.367
884.865 1804.889
829.038 1846.571
880.584 1882.496
941.454 1839.367
907.012 1810.370
893.242 1792.474
873.729 1897.648
916.333 1850.457
793.968 1815.033
894.431 1841.087
861.234 1775.805
962.442 1800.955
871.707 1852.511
840.412 1815.779
912.925 1781.576
913.964 1898.228
869.948 1807.589
816.728 1814.838
799.645 1781.007
851.842 1812.019
933.156 1813.450
794.912 1749.584
949.062 1804.338
809.615 1751.335
876.554 1845.646
947.933 1796.936
947.704 1790.595
887.016 1743.043
869.690 1902.479
805.613 1833.317
937.026 1788.680
884.440 1768.779
851.035 1796.726
836.134 1814.619
856.886 1773.606
940.319 1859.061
805.618 1811.746
888.552 1891.892
941.583 1756.179
904.551 1888.110
901.233 1849.483
646.520 1282.186
672.014 1119.834
646.880 1165.058
652.091 1217.024
675.194 1285.879
706.912 1126.039
695.699 1189.013
786.716 1192.818
654.304 1193.036
676.802 1132.515
794.324 1256.690
724.594 1166.212
693.923 1278.621
766.755 1284.694
681.768 1247.329
780.772 1224.451
765.049 1247.098
629.883 1222.186
784.506 1215.458
729.797 1169.050
768.687 1159.366
669.508 1126.082
779.119 1243.170
713.600 1236.324
798.999 1219.151
698.627 1121.657
692.624 1252.196
721.274 1217.226
773.827 1135.905
722.319 1251.172
745.844 1246.724
650.483 1252.334
675.962 1125.056
670.900 1148.025
643.952 1260.695
695.126 1228.925
794.568 1219.691
688.577 1260.485
776.908 1149.444
745.975 1120.028
712.612 1218.104
805.702 1185.398
674.506 1232.789
720.663 1256.444
686.937 1273.628
658.475 1214.246
801.617 1252.186
709.423 1186.355
683.782 1145.284
732.989 1157.411
755.992 1204.099
682.966 1265.312
708.737 1135.923
807.543 1208.426
725.996 1261.584
699.716 1242.771
792.092 1140.225
773.670 1220.054
789.742 1156.743
673.871 1194.906
697.431 1164.068
796.752 1154.943
753.891 1279.506
708.880 1186.118
649.155 1214.956
713.818 1197.406
802.489 1112.355
730.862 1117.573
782.838 1255.604
780.765 1164.452
736.740 1220.134
754.787 1118.848
801.500 1118.965
796.913 1183.630
643.845 1153.967
632.672 1140.438
736.632 1209.921
709.089 1119.616
756.611 1180.310
734.444 1224.369
788.333 1286.437
776.616 1237.659
793.387 1214.018
762.951 1154.213
657.200 1271.830
664.289 1215.053
792.112 1143.018
631.445 1280.399
704.799 1227.472
802.168 1271.787
634.040 1285.659
706.480 1205.832
682.019 1222.212
754.508 1193.254
634.542 1285.709
773.902 1226.002
646.488 1112.815
700.592 1112.172
639.060 1161.819
758.691 1196.221
661.104 1141.324
672.213 1256.377
764.937 1248.636
662.561 1265.936
672.453 1253.052
708.948 1269.798
733.996 1186.160
687.859 1207.856
658.677 1158.276
676.616 1153.880
667.364 1240.105
785.526 1167.735
736.836 1176.555
751.550 1171.982
668.312 1131.123
735.963 1253.475
764.745 1169.243
652.733 1191.892
671.643 1178.975
743.594 1249.611
696.964 1177.505
762.932 1194.651
765.347 1195.858
706.171 1289.228
697.546 1168.650
721.664 1254.690
672.657 1231.082
676.872 1277.736
706.397 1243.147
721.402 1273.655
664.121 1183.071
777.067 1220.739
781.018 1267.520
769.079 1182.427
675.408 1255.345
723.892 1144.798
656.898 1256.618
700.319 1186.996
669.353 1281.672
785.082 1219.638
696.459 1122.082
751.208 1136.852
709.825 1239.143
741.642 1140.624
722.792 1287.339
667.673 1137.427
699.953 1200.320
804.748 1154.597
735.672 1133.188
708.735 1197.584
741.579 1129.633
680.592 1212.430
649.635 1243.652
634.029 1270.148
781.320 1271.837
783.544 1136.136
723.619 1199.574
688.477 1112.730
791.638 1204.288
732.147 1175.637
790.962 1208.724
743.768 1257.664
690.135 1166.503
760.967 1278.799
635.703 1225.715
670.587 1167.820
793.945 1180.694
633.975 1282.366
648.379 1142.693
675.431 1120.845
778.469 1207.281
737.649 1283.417
720.306 1195.539
796.767 1222.635
677.816 1131.661
732.531 1234.300
679.759 1237.817
789.581 1271.697
793.709 1208.554
788.385 1212.487
795.514 1283.925
645.669 1273.551
790.356 1222.110
765.649 1119.442
661.988 1174.168
669.323 1156.216
654.996 1250.147
784.690 1255.171
806.097 1259.966
713.027 1224.353
749.378 1143.774
734.838 1224.178
784.107 1117.190
771.219 1180.616
771.130 1131.789
778.403 1255.704
687.433 1195.417
629.221 1126.731
700.906 1113.160
708.039 1156.969
691.858 1227.007
649.151 1214.274
764.509 1193.080
687.945 1281.788
717.904 1238.924
681.485 1231.542
638.183 1133.286
647.846 1116.408
648.249 1160.754
711.346 1141.193
676.914 1175.561
710.005 1159.806
660.786 1195.977
769.494 1172.376
685.662 1135.141
640.469 1236.270
720.703 1170.475
676.199 1225.393
705.121 1219.642
716.804 1131.082
629.535 1223.485
759.183 1208.778
684.525 1246.809
753.938 1287.875
646.862 1203.551
691.592 1141.672
738.807 1199.811
748.243 1231.391
774.362 1156.790
794.786 1236.468
716.391 1167.983
634.687 1226.862
707.296 1219.188
680.705 1257.709
708.577 1145.071
676.883 1174.260
697.915 1135.973
703.156 1152.059
690.609 1142.333
630.061 1125.759
752.028 1169.581
675.855 1113.852
760.204 1196.287
775.258 1134.552
792.505 1287.622
683.827 1207.148
764.412 1193.684
647.618 1189.101
736.301 1169.767
730.129 1190.006
775.764 1207.044
710.247 1136.515
683.259 1169.926
678.578 1149.750
782.280 1230.621
630.547 1239.333
757.989 1198.529
675.159 1121.715
793.357 1161.157
693.773 1281.137
784.054 1141.762
632.703 1150.437
770.420 1179.364
683.955 1159.486
671.696 1179.157
703.624 1216.062
800.384 1197.265
784.786 1135.426
711.960 1164.846
798.519 1148.063
679.873 1157.975
651.565 1282.071
747.237 1124.311
699.821 1197.217
690.398 1259.231
774.673 1161.456
782.647 1168.933
765.448 1160.859
793.511 1224.731
726.229 1117.712
799.940 1158.349
748.423 1282.740
672.273 1223.910
704.159 1122.080
725.034 1152.173
755.725 1142.335
794.276 1213.544
660.213 1185.129
717.996 1249.936
780.498 1174.296
718.745 1229.681
759.286 1237.135
667.289 1116.009
754.160 1153.340
807.565 1182.737
642.518 1142.122
803.401 1268.934
707.349 1134.097
642.460 1142.817
744.321 1224.780
660.255 1136.700
774.952 1225.785
720.994 1253.395
785.308 1164.418
781.734 1264.993
683.554 1256.749
710.450 1171.132
650.305 1123.321
669.010 1257.463
745.223 1272.208
732.761 1188.245
678.613 1175.242
790.730 1198.360
722.960 1142.772
678.809 1122.996
749.679 1237.186
726.803 1194.790
777.224 1140.702
749.160 1174.619
677.481 1185.286
688.517 1240.037
735.224 1116.014
779.612 1183.322
662.506 1122.038
736.841 1144.302
683.266 1133.435
753.187 1146.313
749.976 1255.827
633.954 1153.121
720.294 1282.271
641.927 1218.221
674.371 1195.122
788.824 1186.732
716.369 1126.368
732.669 1257.236
692.462 1240.546
645.213 1229.760
651.383 1146.963
681.185 1202.022
732.173 1162.504
646.336 1187.349
693.463 1156.934
643.183 1170.548
701.569 1247.535
778.511 1146.738
730.784 1183.740
799.190 1208.987
764.614 1259.454
657.448 1167.800
791.520 1119.052
728.849 1275.833
694.725 1163.880
731.216 1152.546
790.057 1275.538
651.828 1194.583
643.333 1125.105
745.140 1203.436
679.083 1146.667
660.703 1193.307
802.493 1196.488
681.467 1251.119
713.556 1148.712
762.059 1230.908
786.175 1185.334
786.100 1262.732
706.672 1146.558
662.863 1230.427
654.793 1278.550
674.763 1185.548
674.272 1117.115
633.373 1196.322
805.632 1166.317
722.779 1147.539
630.677 1211.706
682.559 1118.963
712.847 1189.997
763.722 1210.503
688.706 1283.311
791.892 1216.816
797.217 1277.927
640.581 1179.283
652.166 1185.696
765.356 1220.857
792.957 1245.660
762.439 1236.574
692.397 1146.231
794.655 1217.662
697.400 1119.302
642.535 1246.520
771.219 1143.798
769.503 1217.563
783.911 1210.084
741.083 1206.710
645.816 1151.971
633.862 1290.322
705.744 1190.157
752.436 1155.753
801.838 1240.105
676.815 1149.792
752.249 1273.681
766.931 1213.861
703.234 1122.391
747.350 1268.456
721.742 1206.369
770.402 1274.357
698.634 1278.309
783.491 1248.308
727.811 1219.201
684.740 1128.162
754.371 1155.811
784.135 1228.941
745.347 1182.159
632.653 1160.726
722.602 1166.271
721.362 1127.191
688.069 1114.967
786.594 1191.677
707.597 1249.331
681.985 1212.727
694.240 1152.401
751.535 1162.363
786.449 1123.906
664.968 1239.817
717.583 1255.356
674.885 1242.697
777.287 1276.316
753.418 1216.685
715.129 1256.280
729.770 1226.479
800.275 1213.090
786.335 1131.330
740.362 1118.003
738.476 1278.098
639.539 1268.454
769.724 1241.153
732.151 1123.567
785.941 1184.670
805.640 1154.024
653.762 1266.923
693.475 1117.195
774.265 1164.323
800.835 1187.130
656.733 1287.119
661.790 1161.697
785.933 1258.711
637.258 1290.438
693.044 1123.497
763.778 1278.511
643.199 1171.121
771.490 1275.491
646.536 1253.389
630.228 1129.482
786.403 1155.629
683.447 1167.665
742.120 1282.468
723.289 1242.668
719.894 1258.966
659.614 1120.962
805.716 1174.268
708.240 1156.873
671.060 1141.027
726.552 1182.139
799.453 1116.250
770.951 1270.752
649.665 1207.385
779.318 1201.037
633.169 1192.889
757.197 1263.937
686.782 1145.231
658.117 1119.366
806.876 1239.729
674.318 1243.654
758.071 1240.642
798.732 1248.135
756.405 1214.099
736.980 1194.894
681.371 1145.016
697.736 1258.517
683.128 1232.625
693.547 1245.599
658.677 1179.394
763.534 1253.640
719.012 1289.432
764.708 1217.276
746.264 1204.771
728.929 1239.309
755.178 1264.779
702.816 1262.670
699.287 1276.405
721.883 1231.790
658.598 1201.691
760.622 1190.360
803.189 1191.801
704.536 1212.485
646.682 1209.263
727.283 1170.004
682.950 1253.924
703.404 1195.988
693.236 1173.012
790.882 1183.992
637.968 1196.153
671.952 1127.637
740.342 1251.710
701.310 1203.927
680.326 1167.222
713.149 1239.836
759.852 1263.080
631.909 1139.816
799.480 1247.838
774.576 1257.826
680.529 1158.525
657.023 1165.804
753.867 1166.544
676.075 1277.543
656.354 1176.321
775.245 1181.616
763.008 1182.618
752.753 1198.671
727.122 1283.900
789.696 1135.918
666.292 1184.663
789.346 1166.800
691.661 1252.321
675.084 1225.890
670.213 1228.885
691.355 1286.182
778.755 1172.873
695.399 1112.853
765.594 1262.445
768.712 1184.158
790.655 1264.912
639.819 1182.362
736.949 1280.577
742.965 1115.102
757.674 1154.132
681.138 1134.589
633.781 1173.309
762.637 1187.514
765.076 1197.427
691.752 1155.452
642.502 1241.557
766.838 1162.794
747.103 1273.716
635.751 1220.449
744.448 1255.148
716.713 1115.542
774.599 1116.673
760.817 1180.892
675.662 1192.135
730.326 1164.657
800.823 1260.410
675.428 1248.647
791.517 1151.127
691.501 1254.737
706.569 1135.624
747.895 1237.348
780.258 1199.709
771.304 1172.793
768.599 1230.938
769.326 1213.463
655.574 1279.991
795.955 1197.180
724.851 1119.188
699.338 1122.603
762.216 1121.659
717.222 1278.277
737.516 1144.376
801.375 1200.563
723.743 1142.774
781.713 1182.825
711.112 1248.866
715.551 1286.337
631.801 1274.149
768.563 1161.431
712.214 1282.186
797.256 1184.405
791.730 1117.336
681.008 1119.260
782.321 1186.621
744.941 1222.375
655.997 1164.107
745.960 1231.672
759.702 1194.520
639.173 1196.406
785.284 1182.551
795.536 1238.263
634.464 1246.889
741.686 1179.424
775.921 1131.119
801.335 1159.376
675.777 1121.693
794.196 1237.332
681.823 1208.161
754.188 1184.055
734.686 1223.205
771.872 1289.875
741.748 1231.086
639.218 1153.998
673.809 1246.929
698.807 1197.620
645.330 1279.796
762.806 1153.104
672.485 1248.397
704.573 1127.245
705.383 1169.369
703.305 1180.891
802.970 1155.768
637.132 1253.115
676.710 1142.091
791.543 1265.940
764.049 1139.419
722.074 1278.433
725.989 1199.895
699.427 1251.330
744.432 1290.474
803.225 1211.063
663.818 1179.247
646.672 1144.553
738.985 1166.792
652.172 1131.791
736.613 1225.137
705.409 1124.574
706.239 1206.360
789.152 1119.515
651.084 1144.244
803.633 1159.581
791.560 1146.223
768.864 1117.543
643.215 1115.684
772.073 1219.111
645.186 1287.415
655.903 1230.570
715.405 1201.622
657.912 1118.971
805.438 1156.227
754.779 1168.357
676.843 1201.716
688.364 1173.109
691.736 1161.822
785.367 1193.103
701.463 1198.670
752.385 1175.654
727.609 1227.049
757.691 1209.270
635.426 1240.795
735.440 1252.155
753.572 1214.233
694.770 1164.771
750.167 1176.982
708.103 1186.498
775.527 1139.069
710.527 1168.434
742.062 1262.028
777.084 1257.214
781.248 1115.444
794.548 1211.777
728.196 1165.555
798.233 1187.448
727.100 1176.740
648.070 1285.499
652.198 1269.086
648.919 1207.515
805.368 1289.447
729.573 1248.112
754.041 1170.651
670.138 1147.180
770.423 1182.546
703.245 1262.433
661.282 1251.627
779.957 1161.293
716.831 1199.551
796.883 1250.292
995.166 829.216
851.541 820.311
999.946 704.131
975.680 819.567
827.901 668.246
954.912 773.258
889.234 694.595
825.604 710.374
896.639 785.948
863.527 790.019
940.133 668.350
882.823 816.511
826.146 723.662
898.992 715.284
982.792 795.467
839.815 793.873
848.136 688.180
923.630 813.746
953.570 711.955
851.464 665.391
911.809 770.334
994.204 789.062
876.533 677.200
896.585 706.905
884.287 720.204
930.310 776.752
860.521 765.250
971.341 759.951
967.558 815.005
943.822 777.903
832.934 694.017
914.113 700.616
941.755 738.129
868.220 833.573
928.095 698.423
959.820 728.606
994.748 786.442
854.976 818.817
1001.503 777.553
859.793 670.521
969.215 805.580
927.790 743.498
824.186 828.371
944.545 788.902
961.957 833.027
979.424 708.620
879.688 675.381
832.701 760.316
940.953 810.663
888.052 780.016
997.521 682.184
975.189 811.511
957.046 728.666
969.378 670.659
914.455 757.468
977.588 772.667
845.102 733.064
945.265 675.878
910.980 833.549
983.964 747.772
994.852 775.704
943.967 807.697
835.308 769.640
938.435 725.513
919.077 772.580
913.101 823.194
892.192 698.184
951.670 701.525
841.194 824.421
838.509 676.861
868.250 731.426
970.244 708.015
982.170 738.178
840.591 793.481
980.083 670.082
854.619 689.114
895.043 830.841
866.646 718.791
836.892 797.014
996.224 841.489
843.450 712.067
862.906 833.980
877.355 683.908
876.500 751.527
879.831 738.700
870.382 680.904
840.135 784.346
993.527 734.104
915.273 824.138
931.647 775.388
928.883 765.937
949.860 730.365
830.561 761.542
1000.610 738.917
838.415 711.663
841.042 768.205
933.416 790.656
997.290 738.919
991.340 731.759
870.820 667.257
901.082 719.377
839.809 793.017
985.692 768.544
981.580 748.281
945.913 684.276
829.374 804.792
930.314 817.966
908.918 688.952
954.357 712.264
823.137 688.461
976.934 728.120
830.953 680.505
874.846 806.383
842.928 746.027
826.758 746.068
845.816 681.184
881.544 824.044
951.051 821.495
971.376 798.338
979.774 762.920
909.627 762.568
849.190 713.922
993.545 702.765
959.624 823.836
874.144 776.737
972.792 832.151
974.135 798.841
830.499 672.937
942.626 673.393
835.821 742.688
934.244 837.419
905.988 786.140
940.591 704.780
955.547 707.942
987.353 800.182
945.976 714.233
902.328 794.351
961.650 735.443
970.094 802.489
968.991 813.182
945.278 685.094
864.523 721.514
924.155 804.379
988.255 827.109
899.258 689.578
875.467 784.208
882.381 698.934
894.745 724.120
849.870 719.526
853.227 724.528
936.773 807.907
842.259 684.451
909.214 741.679
872.172 775.696
924.864 823.021
988.575 765.932
922.296 691.410
962.122 703.960
847.419 834.816
913.335 670.666
852.985 839.258
867.303 833.707
957.306 713.280
954.186 718.802
907.701 791.320
852.606 744.209
909.311 793.046
864.681 815.597
963.193 823.378
843.999 789.715
960.147 780.329
916.569 810.150
865.527 829.913
851.224 788.221
966.597 718.241
989.796 673.448
955.894 745.862
899.272 727.041
990.682 793.311
857.204 811.013
937.615 777.409
980.479 798.072
864.050 703.684
892.861 735.871
864.611 834.079
961.860 753.126
839.284 668.383
874.364 684.932
912.359 827.367
850.348 732.279
904.528 746.087
831.729 762.487
895.757 703.065
941.389 706.838
916.732 707.466
959.777 732.013
834.868 822.838
865.580 771.918
979.208 703.088
834.777 670.494
981.734 674.854
831.040 711.576
861.779 767.009
857.909 705.041
858.305 782.684
955.844 783.526
972.419 783.163
834.375 769.733
930.370 686.837
938.207 684.079
981.761 831.630
857.883 821.274
864.597 759.576
994.689 814.199
970.735 722.672
991.116 798.702
946.148 728.985
943.578 824.360
823.355 731.935
861.471 697.897
855.610 803.895
946.000 781.004
910.345 780.826
914.003 745.889
901.025 697.817
830.776 665.321
961.180 694.437
876.578 727.446
854.055 707.244
992.588 676.949
915.525 712.696
896.833 696.407
964.466 726.911
863.205 780.063
857.171 730.873
902.736 740.469
942.435 800.408
882.173 675.708
921.920 682.881
993.999 821.494
972.045 812.552
918.539 706.382
982.011 815.715
941.264 765.062
858.142 728.437
847.921 840.754
828.543 705.406
924.671 822.269
998.710 730.882
901.946 767.554
828.261 785.314
993.150 702.265
980.039 710.383
829.857 791.491
918.097 687.889
946.270 740.578
823.546 686.407
931.092 798.108
857.501 812.961
904.214 757.837
894.697 700.452
942.901 672.813
972.868 677.682
887.862 768.110
977.402 748.833
939.755 719.956
975.588 720.357
987.799 671.160
919.231 819.005
935.034 739.438
858.038 810.325
830.988 803.046
893.337 833.237
888.812 676.096
990.605 769.905
868.629 767.035
945.515 735.838
1001.485 733.608
932.520 738.448
888.051 803.186
829.425 777.531
843.036 768.394
945.633 758.156
851.660 767.017
939.844 689.972
823.494 750.068
863.500 758.758
882.997 691.880
883.743 836.723
868.192 690.925
869.980 672.040
832.021 758.446
865.861 762.813
861.575 741.014
990.818 691.508
886.320 743.073
997.601 759.948
886.699 665.559
942.985 754.370
971.523 722.803
835.699 699.810
825.670 748.962
998.064 733.543
966.241 772.136
850.900 780.329
927.073 697.986
974.027 808.998
844.437 670.252
945.528 712.016
968.654 833.757
872.063 759.709
945.969 751.214
939.013 803.137
975.683 745.508
958.942 719.433
881.897 693.181
926.971 813.056
927.353 707.593
825.085 826.871
939.505 782.152
824.366 701.256
866.169 695.551
863.735 683.622
973.704 673.713
845.358 764.752
907.243 784.357
835.270 727.126
849.362 728.318
864.676 742.214
855.311 788.106
943.711 708.998
912.599 698.593
906.271 763.822
998.819 828.601
877.810 694.611
965.411 751.544
938.492 712.310
975.584 811.667
939.046 703.410
983.752 681.449
853.857 829.072
987.533 829.584
918.926 835.611
967.167 747.179
986.516 788.923
829.151 791.275
859.151 735.483
913.382 710.936
933.689 710.507
979.691 763.788
849.335 684.639
932.680 689.851
831.566 839.212
958.819 734.278
864.669 672.086
919.768 823.469
889.571 729.133
956.708 746.161
888.450 799.859
943.112 792.050
826.577 676.779
979.301 772.942
897.689 810.980
1001.281 699.102
987.672 667.990
901.273 703.164
935.265 759.912
881.921 742.330
882.647 797.514
862.391 664.776
979.121 701.166
955.435 739.213
996.322 771.807
873.412 693.022
978.465 731.929
849.884 674.274
889.185 705.048
883.480 837.989
858.131 739.288
904.245 677.384
857.604 820.996
871.381 692.866
986.371 693.999
876.035 795.232
972.809 712.632
968.514 733.946
992.348 784.495
877.302 725.508
862.089 730.459
889.580 799.754
842.188 782.422
895.491 811.698
831.530 743.303
896.937 671.362
827.302 805.417
935.706 772.012
921.660 835.631
930.739 783.065
884.130 796.138
859.096 710.007
954.157 806.135
858.816 767.787
996.107 825.802
921.884 715.060
958.867 733.351
941.553 825.814
1001.356 789.629
978.391 695.495
836.329 769.150
990.231 675.737
840.425 823.566
969.744 669.413
884.547 688.454
902.837 788.707
921.781 758.723
981.442 690.489
879.436 716.870
933.316 790.981
991.628 680.708
838.503 791.645
932.236 708.661
884.460 783.443
841.970 684.068
885.131 838.965
847.763 739.002
879.830 773.940
934.742 736.988
860.050 751.632
951.996 684.533
861.887 774.248
1001.358 670.873
909.767 776.366
846.322 830.810
876.069 764.773
847.371 837.875
924.688 773.275
931.757 840.882
863.557 706.252
945.873 802.822
960.046 686.509
904.066 669.317
867.552 796.715
971.510 743.382
928.699 787.372
887.725 734.778
866.376 749.537
968.467 812.943
880.651 768.456
914.964 763.971
925.673 841.400
839.242 701.944
865.958 729.067
910.445 719.082
842.481 794.525
871.346 720.975
867.687 792.186
858.125 822.238
962.426 775.732
939.585 711.887
871.348 802.019
863.769 837.370
1000.296 768.435
958.878 778.984
982.560 747.075
921.653 769.906
929.671 778.786
989.758 781.788
939.979 819.878
830.775 666.951
901.216 763.873
967.163 749.240
866.157 830.783
848.231 795.072
924.612 819.977
866.648 822.830
836.153 836.921
839.863 813.543
861.517 712.821
913.732 677.967
924.752 790.913
931.994 792.142
919.684 743.832
825.808 778.103
869.551 828.264
921.350 678.086
918.155 770.444
858.778 684.141
970.270 731.986
931.773 765.634
840.238 667.784
835.829 788.202
915.540 679.596
865.490 810.812
924.251 829.953
959.579 823.792
911.026 779.885
978.090 839.255
887.107 711.960
830.745 763.084
835.267 800.671
824.606 726.815
903.733 707.327
906.698 803.087
865.277 690.258
870.035 794.998
998.872 666.509
935.310 840.335
907.768 780.557
990.582 739.556
1001.427 691.972
928.111 674.019
827.555 763.204
941.762 841.869
848.539 835.622
914.861 760.821
956.599 761.791
842.359 677.519
886.877 722.660
829.132 838.205
985.149 756.897
905.877 807.458
985.037 800.889
825.981 695.041
867.235 761.101
956.076 727.802
976.292 737.839
831.839 715.479
933.011 814.652
853.331 762.832
963.197 764.378
883.829 769.087
925.270 701.736
973.872 791.774
959.613 787.333
986.858 774.593
924.134 707.832
972.487 817.425
864.074 801.468
914.135 804.753
924.460 752.241
969.075 681.400
838.058 668.500
966.904 722.235
910.797 789.254
992.930 821.339
877.512 732.817
831.284 695.935
939.766 671.763
931.286 796.134
990.761 770.577
930.833 778.853
836.266 798.230
836.251 673.362
862.379 825.506
957.654 824.945
841.525 811.839
1000.614 823.179
979.705 817.301
825.030 836.439
990.625 725.667
884.277 761.590
976.653 800.929
833.995 781.681
954.802 733.063
880.933 738.203
984.247 694.212
938.747 728.350
866.533 680.005
918.317 778.416
848.571 665.688
835.203 810.870
927.199 771.742
860.104 732.916
990.751 726.567
975.351 788.415
860.505 746.560
944.607 772.038
883.194 823.914
846.092 828.700
904.685 675.798
832.891 797.525
855.902 839.282
973.544 804.273
975.790 837.517
900.042 694.652
926.390 734.535
883.864 811.595
884.020 702.907
983.027 777.158
836.416 677.431
972.496 681.085
885.071 839.331
860.537 788.272
824.068 734.864
878.974 783.932
894.350 734.484
849.537 810.920
842.425 768.719
928.564 841.182
947.658 794.705
890.767 700.012
907.936 834.867
834.799 840.449
855.442 697.919
949.025 771.638
906.505 828.149
970.059 724.882
984.022 802.540
899.657 814.233
945.660 813.358
904.456 794.016
895.530 827.375
844.729 671.196
899.394 727.925
914.302 755.966
930.727 704.603
869.657 790.957
892.317 675.032
850.279 829.631
1001.088 770.026
919.810 778.693
940.988 733.639
927.840 814.374
934.180 738.302
825.483 798.141
885.956 667.302
898.920 784.172
932.364 665.538
863.675 775.890
932.147 676.134
849.317 683.959
949.938 742.211
901.143 707.760
834.666 779.754
925.445 815.119
837.028 721.669
826.417 823.103
876.215 667.482
861.218 713.079
987.820 825.239
993.592 719.084
892.731 675.826
897.864 778.296
979.154 751.314
824.672 780.686
939.954 797.330
935.325 829.744
858.516 732.852
946.765 759.405
936.383 777.021
984.761 711.393
912.293 686.099
834.263 805.215
882.442 742.366
857.949 762.970
838.196 830.913
969.098 715.674
898.227 729.696
833.407 834.315
951.509 725.803
905.547 757.896
833.650 815.029
911.834 747.078
972.837 747.973
828.976 677.763
951.730 800.037
938.725 793.250
941.808 814.491
986.062 702.231
868.014 668.794
901.349 741.347
923.271 724.653
997.483 732.128
973.989 678.338
941.697 749.312
919.976 686.125
895.162 681.963
983.637 774.792
962.068 685.097
892.354 755.936
988.175 820.684
891.999 799.075
987.280 836.799
910.581 753.133
913.459 742.067
896.227 778.058
984.234 674.637
900.460 791.997
883.480 714.078
989.868 756.578
888.341 826.211
827.907 820.852
991.721 697.646
855.798 767.973
904.869 833.798
880.842 831.347
850.808 759.783
937.678 720.313
957.038 797.537
871.388 757.112
960.448 826.718
994.763 783.186
975.111 675.088
938.405 667.490
895.388 752.876
925.762 791.034
920.859 724.789
879.323 807.412
975.991 788.362
865.704 838.464
959.115 709.442
905.625 808.642
829.114 685.254
994.847 704.510
914.479 740.888
996.040 734.152
874.099 674.188
842.827 723.459
887.949 676.961
970.397 709.175
928.691 812.637
828.760 741.121
962.773 770.177
998.295 726.722
918.057 741.391
842.951 720.024
970.946 818.772
830.153 773.345
877.668 816.625
927.188 762.213
918.620 784.485
873.277 731.789
874.468 819.465
873.839 703.803
927.566 710.748
913.920 682.788
914.111 838.385
925.942 810.751
906.553 730.357
925.995 696.023
902.908 668.911
926.095 790.246
907.212 782.826
855.529 830.766
910.163 816.265
854.988 686.806
825.536 683.581
937.273 831.332
993.103 819.720
983.173 726.983
869.749 665.813
924.664 764.904
973.683 670.498
927.047 817.151
848.684 683.704
910.419 767.423
969.390 711.516
859.918 784.593
977.573 735.876
857.237 832.260
985.728 684.524
914.436 690.136
979.406 664.422
870.616 665.453
975.420 688.808
982.604 715.570
994.204 793.842
986.183 836.401
901.317 693.833
882.616 734.128
995.497 725.537
964.699 718.498
961.625 715.714
968.699 796.455
873.022 778.399
983.530 762.802
943.152 840.972
897.180 829.167
889.239 734.719
949.807 681.298
845.016 675.150
957.084 744.294
949.838 773.402
964.917 806.391
929.387 733.191
995.025 673.697
931.923 772.052
839.759 715.407
832.857 698.914
906.352 824.985
844.510 679.019
881.213 727.651
880.894 827.985
885.644 771.277
1596.705 704.368
1560.245 738.160
1481.810 743.410
1545.668 693.912
1571.286 717.063
1482.681 733.953
1551.397 779.711
1614.808 711.540
1516.293 714.932
1472.965 728.047
1545.229 781.994
1494.025 742.766
1470.223 743.812
1473.069 694.003
1619.773 678.441
1468.240 822.083
1638.508 757.784
1499.448 803.810
1506.258 797.846
1475.046 656.822
1472.924 759.741
1629.953 742.418
1565.528 823.347
1580.555 820.167
1480.345 727.705
1493.913 718.988
1619.421 749.269
1621.064 692.220
1587.864 802.478
1535.017 697.119
1557.929 775.801
1576.610 795.292
1622.913 794.989
1631.454 819.331
1618.208 683.893
1641.838 697.884
1584.338 760.404
1572.439 664.156
1520.991 725.113
1569.568 709.122
1508.081 767.316
1587.087 800.960
1476.681 751.002
1491.768 764.898
1488.311 690.436
1566.863 660.130
1621.149 746.883
1608.752 808.020
1613.830 741.567
1565.346 738.095
1606.907 685.842
1542.905 686.777
1593.337 803.494
1485.745 826.320
1643.404 766.185
1546.149 671.101
1564.577 690.833
1504.054 741.301
1497.281 779.222
1606.780 755.290
1487.507 827.741
1623.249 791.175
1544.542 759.133
1499.015 733.037
1550.376 677.589
1544.126 680.756
1517.627 783.660
1570.764 767.907
1572.132 752.669
1576.952 777.614
1618.397 691.533
1478.383 701.599
1564.637 789.966
1568.786 804.534
1591.726 785.737
1623.803 782.118
1502.383 816.442
1560.292 704.456
1624.304 757.726
1515.074 669.277
1518.351 777.599
1641.596 660.103
1604.892 678.454
1575.693 789.353
1551.741 736.543
1517.438 698.292
1504.363 731.341
1608.856 716.755
1630.168 772.798
1506.173 704.226
1498.830 766.696
1595.811 828.787
1588.448 734.688
1528.987 727.931
1550.492 674.464
1602.241 690.871
1513.415 683.466
1604.785 784.657
1523.672 803.529
1550.006 745.187
1622.830 807.193
1589.136 754.376
1578.703 786.703
1471.634 697.157
1468.932 710.517
1593.736 801.373
1595.054 747.005
1598.111 658.099
1490.748 764.139
1637.688 800.247
1606.317 733.875
1546.820 807.536
1607.268 681.251
1612.741 707.209
1477.886 668.185
1579.014 688.742
1468.881 664.920
1517.693 797.079
1553.212 760.844
1593.616 719.208
1639.157 805.120
1645.583 781.652
1498.748 789.860
1539.167 669.230
1584.770 821.122
1613.174 740.013
1547.917 661.613
1597.677 661.005
1624.498 780.177
1506.369 768.670
1490.793 694.583
1643.975 726.467
1641.546 661.218
1496.206 792.889
1497.935 777.446
1509.415 824.728
1568.648 670.081
1551.530 742.681
1590.590 766.736
1586.837 713.685
1561.724 658.088
1580.656 771.481
1523.056 785.520
1616.818 665.410
1473.559 828.112
1577.271 695.117
1473.348 731.883
1585.643 722.888
1600.884 738.099
1554.707 831.328
1500.911 752.668
1515.346 735.911
1512.963 667.240
1520.753 722.957
1561.227 797.804
1470.708 821.440
1535.363 755.639
1622.032 668.118
1508.688 786.315
1534.808 778.747
1598.047 742.000
1549.872 811.113
1508.707 737.942
1522.525 723.514
1591.685 784.497
1624.269 772.118
1473.156 809.544
1582.125 823.802
1605.198 779.671
1561.557 720.687
1519.682 703.896
1490.778 749.626
1562.654 717.427
1482.977 673.323
1585.873 762.338
1577.824 784.029
1492.441 791.399
1494.168 730.920
1541.629 663.299
1610.995 821.498
1636.087 720.749
1622.618 698.128
1469.772 692.548
1531.254 829.852
1626.848 709.827
1613.152 677.087
1487.919 817.860
1637.264 682.886
1531.908 828.744
1602.940 699.465
1527.207 722.518
1573.592 690.513
1500.581 655.696
1638.202 706.944
1575.752 721.160
1526.834 790.905
1550.536 676.075
1534.029 660.761
1538.201 668.372
1609.227 663.816
1546.172 678.459
1638.887 705.892
1487.367 772.941
1552.563 734.277
1505.842 774.922
1588.555 660.542
1645.497 798.061
1535.313 696.867
1535.651 828.743
1511.299 793.759
1572.620 779.241
1645.341 665.823
1474.257 829.537
1646.311 660.305
1639.923 772.870
1501.052 736.437
1567.084 736.858
1479.598 745.021
1616.570 670.005
1518.252 703.700
1587.847 821.831
1627.741 721.365
1634.278 748.532
1623.645 824.231
1585.226 725.319
1513.851 805.389
1489.559 783.775
1574.551 792.202
1540.126 748.666
1495.187 826.347
1619.756 741.301
1612.906 776.419
1471.610 700.577
1629.159 822.781
1497.615 752.511
1492.580 772.282
1570.464 764.207
1609.787 761.361
1541.667 757.360
1579.863 790.119
1512.540 764.036
1628.056 752.657
1570.726 701.702
1626.380 815.871
1617.884 699.415
1503.305 786.769
1470.199 794.093
1492.508 744.993
1632.857 753.028
1622.075 675.771
1472.466 702.576
1593.827 738.365
1533.074 672.517
1623.717 751.368
1599.253 692.127
1595.745 711.190
1624.084 674.390
1545.464 813.119
1635.259 800.698
1482.364 826.130
1522.077 776.677
1548.987 749.835
1475.011 750.235
1474.825 800.417
1568.240 821.633
1539.856 795.821
1549.554 775.893
1592.226 658.188
1637.100 719.888
1588.083 695.993
1526.032 734.049
1513.837 810.255
1509.503 786.539
1469.504 791.183
1593.355 823.750
1609.319 660.264
1534.710 688.879
1548.878 731.244
1531.204 762.344
1501.474 728.347
1472.542 712.066
1596.365 676.458
1552.399 730.542
1584.384 824.331
1618.526 809.610
1613.953 821.136
1525.296 700.269
1491.076 810.830
1488.070 752.819
1615.240 779.989
1525.865 728.550
1608.091 661.746
1603.525 694.102
1494.601 686.699
1510.301 771.342
1609.180 709.436
1594.852 712.407
1641.144 803.963
1552.006 689.374
1582.744 755.497
1610.565 762.743
1528.277 786.252
1547.433 692.488
1580.778 813.166
1541.243 754.009
1625.270 800.456
1608.435 757.944
1628.653 793.773
1553.545 737.288
1505.557 702.453
1644.777 676.120
1495.585 816.736
1612.789 765.538
1621.022 781.573
1582.167 750.919
1631.767 781.624
1565.807 660.555
1633.041 664.471
1592.836 805.325
1487.951 830.991
1496.192 663.203
1518.563 812.833
1597.442 670.323
1483.386 778.528
1526.904 675.987
1612.280 766.686
1533.354 659.797
1496.793 819.298
1494.131 777.786
1500.019 830.924
1634.597 754.796
1559.146 831.223
1550.082 812.797
1489.293 747.379
1607.402 697.950
1491.747 672.983
1475.752 758.351
1605.821 788.391
1614.929 733.571
1569.486 817.535
1522.323 708.716
1566.670 824.218
1642.874 717.387
1590.664 705.488
1528.313 806.348
1478.344 725.765
1637.794 655.199
1600.202 771.534
1506.316 829.036
1608.328 668.359
1566.122 721.084
1480.801 658.982
1510.153 802.201
1632.360 678.435
1491.322 738.726
1484.827 831.560
1642.297 655.284
1538.460 707.316
1477.521 668.920
1593.200 778.218
1586.592 781.015
1587.227 715.946
1543.453 733.862
1565.854 708.388
1516.988 720.036
1551.392 800.671
1490.170 741.911
1574.008 770.846
1470.936 708.784
1602.069 683.213
1559.664 686.247
1598.939 680.309
1636.493 699.588
1614.286 730.014
1634.675 817.707
1564.214 768.994
1626.738 824.456
1506.607 657.992
1566.517 655.288
1514.442 796.599
1610.527 661.620
1537.711 716.767
1469.913 739.656
1508.990 780.954
1493.861 774.862
1551.716 684.320
1535.730 811.612
1538.664 706.239
1542.937 743.190
1636.093 715.340
1494.928 788.979
1625.340 764.423
1600.199 658.766
1618.428 681.865
1530.609 812.628
1536.062 827.385
1579.687 684.897
1636.690 730.033
1587.682 827.399
1620.828 692.089
1591.879 694.968
1605.339 679.988
1617.306 667.717
1529.185 657.698
1590.890 697.095
1500.426 775.631
1607.782 715.319
1562.333 800.321
1554.643 807.749
1636.788 758.374
1504.429 805.385
1469.741 688.528
1541.294 713.510
1547.122 677.241
1592.286 818.797
1613.138 756.388
1490.628 815.357
1529.221 662.686
1510.593 748.225
1530.081 774.865
1643.163 737.326
1505.128 797.656
1529.114 708.917
1471.197 719.232
1489.042 718.681
1515.805 677.641
1471.154 682.956
1509.850 709.829
1469.433 694.779
1571.972 695.512
1642.266 697.788
1512.716 688.629
1616.678 721.157
1481.224 701.141
1469.492 775.119
1509.275 723.917
1582.571 656.799
1539.250 747.132
1487.350 719.047
1554.302 750.198
1594.009 740.634
1499.616 806.880
1575.095 680.091
1495.632 814.904
1550.606 711.828
1617.634 806.533
1525.437 787.457
1506.081 822.751
1600.508 702.470
1495.016 804.105
1471.063 719.397
1578.117 690.806
1522.172 788.081
1516.293 823.537
1593.514 776.950
1624.389 822.933
1544.381 738.971
1578.263 793.813
1641.530 760.410
1516.310 782.538
1518.362 723.313
1635.789 660.215
1629.460 677.590
1611.756 692.791
1613.289 788.640
1534.697 787.472
1516.987 707.636
1534.328 662.958
1501.655 807.248
1474.963 799.017
1595.900 801.252
1614.845 667.953
1471.334 666.212
1577.122 785.049
1485.087 826.014
1563.910 775.192
1636.606 755.904
1579.769 818.687
1498.532 770.679
1603.668 768.123
1530.286 718.279
1553.921 671.786
1592.805 677.752
1630.773 760.726
1600.244 742.341
1603.781 671.038
1557.593 672.612
1609.640 829.597
1604.685 657.848
1585.826 665.919
1577.366 766.235
1542.884 717.401
1645.935 698.783
1635.492 670.004
1480.217 695.248
1601.285 735.873
1491.711 717.731
1489.551 745.115
1474.061 730.582
1478.224 671.406
1562.920 689.538
1506.839 703.471
1606.821 694.590
1494.655 682.440
1533.613 659.430
1539.355 832.735
1548.521 767.361
1535.268 798.886
1588.188 756.919
1570.957 825.870
1513.628 668.787
1500.483 810.940
1608.076 781.927
1554.414 671.849
1599.611 727.170
1577.259 767.747
1575.125 826.441
1469.400 691.399
1515.546 688.460
1583.282 702.328
1524.364 701.721
1511.894 688.920
1571.936 768.646
1532.375 770.549
1524.504 790.630
1563.903 751.428
1573.404 688.301
1577.127 712.042
1563.306 807.736
1477.320 821.891
1477.158 724.903
1537.426 676.644
1480.955 759.479
1632.819 796.921
1611.306 756.606
1615.902 784.960
1511.015 721.531
1503.322 662.538
1514.007 684.269
1635.954 657.378
1519.825 821.887
1595.367 755.635
1503.430 788.973
1577.946 660.283
1626.639 703.165
1635.066 669.515
1577.622 733.064
1534.309 711.653
1474.683 771.278
1619.467 754.073
1543.894 759.848
1631.214 826.931
1620.020 750.525
1614.749 704.426
1538.123 674.643
1599.090 733.555
1547.182 752.531
1615.487 679.636
1503.646 733.415
1574.560 822.418
1581.784 799.836
1483.814 728.392
1634.426 790.985
1529.069 778.700
1485.417 662.429
1557.841 761.374
1499.172 729.098
1527.141 686.019
1509.058 811.531
1479.217 687.151
1536.942 806.664
1482.507 755.829
1561.056 827.689
1526.814 745.054
1486.953 729.135
1602.835 813.360
1553.846 775.808
1637.838 811.851
1631.361 710.427
1541.899 684.666
1540.647 660.878
1569.251 706.889
1512.765 767.686
1597.435 792.130
1476.886 747.088
1589.984 765.152
1603.159 733.619
1545.679 660.949
1505.503 738.914
1593.054 816.031
1642.559 684.901
1543.131 708.759
1546.661 733.637
1486.290 825.077
1544.161 822.685
1643.584 765.144
1486.652 748.880
1586.299 827.932
1516.040 704.210
1489.696 657.415
1570.676 759.135
1542.209 659.515
1533.884 731.204
1506.920 740.327
1574.005 702.087
1491.040 789.675
1558.727 687.671
1507.807 741.773
1473.877 720.444
1492.949 723.199
1606.087 657.261
1524.379 698.261
1507.651 744.681
1622.435 797.273
1524.464 824.388
1471.163 824.153
1555.878 794.559
1521.996 758.643
1491.443 802.336
1489.051 681.546
1553.268 773.993
1511.721 800.494
1488.431 748.185
1588.654 676.373
1567.462 699.295
1489.727 811.559
1646.320 732.344
1504.477 658.049
1502.510 676.712
1571.134 755.444
1481.694 712.480
1576.841 818.746
1520.369 756.960
1636.010 656.697
1621.957 750.635
1470.568 660.558
1520.024 681.085
1491.225 674.327
1526.541 786.968
1568.570 826.044
1625.203 746.559
1508.831 821.043
1565.352 786.358
1552.232 667.838
1565.963 746.067
1548.746 684.862
1532.294 675.682
1571.781 728.728
1593.937 755.111
1473.829 717.846
1502.682 795.101
1617.509 700.801
1611.807 675.977
1579.644 785.106
1621.330 691.367
1537.354 774.790
1483.427 808.967
1539.677 824.777
1521.630 768.615
1633.900 766.351
1522.193 678.685
1641.960 660.543
1526.700 811.050
1510.377 662.895
1555.123 799.566
1603.141 682.420
1641.940 696.503
1622.719 673.738
1609.988 737.833
1546.649 822.047
1627.408 738.814
1634.224 737.141
1554.616 757.745
1514.447 737.354
1546.130 742.960
1555.008 656.943
1500.559 746.614
1643.516 824.277
1545.529 828.267
1487.077 668.509
1478.883 758.607
1636.664 793.912
1642.073 661.876
1640.652 762.300
1589.753 660.094
1511.833 692.164
1485.116 725.254
1572.499 714.006
1513.532 767.378
1563.385 654.974
1468.821 766.864
1557.046 704.292
1573.748 766.279
1482.396 764.700
1613.950 751.659
1485.152 681.448
1492.889 747.869
1622.903 765.326
1577.624 832.764
1633.574 686.965
1509.555 810.331
1620.828 784.405
1021.975 1606.971
1508.858 865.999
1498.707 885.785
1339.543 1113.595
1451.717 946.412
873.534 1180.107
1595.244 1189.809
1458.491 914.380
1456.967 1487.626
1485.036 917.454
1461.629 883.447
1369.582 1041.607
1739.733 1191.031
1433.765 1320.570
1560.536 794.153
952.110 807.849
1017.896 1689.088
1126.537 1473.033
836.324 1218.148
1064.858 1167.508
1413.673 1197.781
1404.588 1445.799
1488.204 1694.094
1707.680 1181.580
983.405 845.304
1408.306 1113.396
780.029 1225.222
990.410 1707.373
1524.826 835.365
1418.920 979.368
1427.469 1515.541
972.705 1193.627
982.461 1193.233
1468.300 911.070
1218.240 999.164
1468.374 1488.422
1438.518 1440.180
1507.509 835.385
993.419 800.527
1484.896 879.632
1615.302 1194.453
1042.841 1180.969
1441.878 1107.910
1403.554 1049.906
1264.463 1251.212
1007.464 1161.804
1099.060 1570.951
1405.256 1022.471
1058.390 1539.085
934.393 1144.357
1361.199 1182.600
962.543 1741.179
1693.100 1170.774
1466.547 859.196
1262.100 1164.245
1401.602 1316.085
1501.630 860.864
1101.711 843.224
1438.176 1139.881
1214.128 1342.067
1463.028 991.450
1236.212 1047.341
1038.295 1180.790
903.958 779.965
1458.680 1024.766
1353.419 1152.796
953.933 1184.329
1450.650 1626.979
1380.683 1100.519
1421.420 1224.921
1379.916 1021.893
936.435 785.341
1123.945 1468.249
1495.253 1141.576
1240.980 1142.111
1392.561 1117.611
1440.581 1363.015
1105.841 878.443
1445.586 1584.531
1436.207 889.214
787.535 1174.307
1201.431 1148.676
1437.669 1499.789
827.551 1153.732
847.552 1217.889
1483.517 1611.482
1162.083 970.960
1370.315 1153.595
1545.503 1171.468
1153.315 921.559
1280.118 1264.810
1453.622 1434.737
1050.405 1572.957
1159.170 1472.602
1351.629 1192.442
1338.940 1148.982
1468.227 838.783
716.515 1184.361
1079.729 1127.892
1518.490 789.348
1071.785 928.060
1391.084 1015.680
1402.574 1046.826
1586.227 1167.492
1406.802 1223.367
1358.014 1199.573
1179.918 930.076
960.776 1199.253
1119.048 958.198
1074.859 1621.362
1444.338 980.984
1034.425 1681.103
1652.998 1184.508
1388.660 1122.150
1151.852 904.346
1280.813 1121.650
816.704 1216.195
1455.500 1508.694
998.010 1169.613
1035.989 827.343
1477.367 1691.135
1519.942 1171.153
1496.626 1658.410
1743.219 1181.480
1415.159 1111.639
1410.063 975.441
1009.872 1150.393
961.601 1666.037
1691.094 1187.388
1488.899 821.568
1455.988 968.121
1478.394 970.119
1527.524 878.744
971.215 1647.569
1584.655 1154.951
924.462 1773.315
1339.333 1157.821
1437.732 917.806
829.400 1185.772
1044.921 854.742
1088.748 1529.657
1520.735 864.981
1005.384 828.656
1235.555 1311.550
847.060 1176.220
1191.894 1176.341
1010.745 788.082
1376.622 1158.052
1603.925 1165.345
1381.362 1355.879
1475.311 1119.913
971.285 1635.693
1483.389 1705.486
1341.010 1114.010
780.056 1161.144
1056.232 857.914
1445.736 1081.707
1378.592 1068.339
1461.871 1479.364
1003.425 880.493
1405.412 1074.996
1572.258 1173.221
1453.385 1590.135
953.760 1197.309
1549.753 1137.290
1461.124 940.665
1431.427 1396.393
1408.159 1271.122
1258.321 1125.189
1123.935 893.133
1373.070 1078.231
1557.880 852.464
1419.566 1188.846
1068.266 1578.117
1035.396 892.856
952.313 1172.480
1486.781 817.964
976.983 1146.465
1430.393 1423.122
1369.930 1262.026
1340.891 1125.094
1309.062 1083.982
1455.838 905.798
1432.409 1344.734
1494.911 1601.424
961.142 1159.880
1505.867 797.513
1464.653 1146.238
1251.491 1366.242
1355.154 1095.904
899.676 1194.211
1039.394 1182.821
1608.103 1199.647
918.996 1192.309
1702.574 1155.493
1236.417 1309.149
1383.696 1305.801
1569.317 1187.646
1047.878 1519.400
999.328 869.544
1512.236 872.937
1539.065 1178.261
1412.997 1163.011
1296.093 1211.205
1455.582 1667.687
957.966 1777.316
1111.349 1132.039
1016.284 825.253
1358.271 1082.809
1248.939 1102.193
1441.167 946.640
967.282 1767.001
1140.672 940.090
1118.929 917.659
1464.079 1555.752
1331.217 1060.341
1434.659 1070.855
1620.338 1176.249
1403.005 1495.717
1113.141 903.915
1449.871 1365.043
1441.566 1310.463
1392.289 1349.975
1430.375 1492.316
1206.592 972.883
1158.201 1432.318
1425.028 1047.482
1439.554 904.824
1497.483 1134.812
1352.069 1136.310
966.900 770.772
825.503 1188.748
1371.944 1157.628
925.374 769.190
1459.409 1492.001
1471.689 1437.996
1039.481 1627.909
791.246 1217.132
884.015 1193.728
1419.888 1596.838
1419.061 1429.287
1359.850 1241.628
1064.299 1592.232
1667.092 1150.053
968.510 1182.160
1364.146 1079.267
972.285 1205.220
1447.364 967.154
1245.761 1131.914
1034.655 1596.318
1165.657 1119.535
1131.598 1502.397
1450.405 985.650
1302.038 1073.858
1356.161 1194.455
1581.419 1133.720
1428.489 1649.532
1612.937 1175.702
1435.875 1278.039
992.043 794.901
980.486 795.289
1253.876 1135.199
1099.875 1472.309
1459.071 1567.120
1506.139 1170.414
1457.918 1573.247
1705.074 1209.318
1370.024 1194.695
889.455 1180.498
1470.908 1515.241
1538.773 1180.763
1186.935 1464.159
756.796 1229.120
1659.838 1148.261
1339.259 1240.886
1184.412 1378.141
992.009 1679.327
1455.273 954.958
1460.870 904.623
1437.833 1011.855
1402.999 1299.054
1364.323 1068.696
1385.190 1427.240
1371.275 1295.494
1470.160 897.408
1568.794 749.039
1273.615 1272.490
920.988 805.942
1398.467 1378.635
1500.476 819.175
1427.472 986.892
1102.581 890.927
1623.969 1145.792
1499.128 967.839
984.315 783.916
1225.452 1028.375
1501.201 960.068
1566.509 1149.787
1544.187 1176.374
1128.944 953.307
1507.103 1661.421
1203.229 1016.826
957.136 826.047
1185.140 1167.738
1314.397 1112.382
863.408 1205.175
945.770 770.914
1071.680 1191.646
1069.434 1169.952
868.333 1198.726
1551.396 1183.335
1687.215 1189.239
1005.538 865.434
1424.530 1165.006
1594.790 1151.535
765.866 1220.190
1162.159 1127.949
1249.046 1272.502
1452.702 987.510
1244.317 1006.807
1387.046 1341.354
1433.041 1263.094
1456.748 1112.111
1030.969 1202.399
1528.951 832.613
1129.000 1540.123
1475.165 1156.852
1567.648 1171.977
1471.763 987.842
1229.102 1309.138
1308.055 1199.748
1378.049 1245.419
927.273 1751.406
1516.466 1151.639
1472.736 826.968
1505.527 1181.062
1125.824 1140.625
1095.230 1551.398
787.223 1212.944
1190.330 1394.694
1529.240 845.082
1458.938 1409.802
1015.886 1181.880
1116.433 1458.321
1162.267 1478.032
1595.680 1125.196
1193.497 1371.641
1307.030 1154.638
1007.874 812.051
1474.570 863.741
1446.061 1704.898
1411.785 1101.684
1386.890 1199.533
1469.841 1015.346
1417.315 1509.454
901.675 1174.449
1287.683 1016.482
1263.159 1136.343
1523.477 840.619
1003.762 839.729
1455.418 1598.417
1415.294 1306.154
1496.889 1658.786
1487.944 1574.035
1312.261 1258.746
997.037 866.107
1508.950 891.520
958.712 1642.167
1230.118 1285.295
1461.500 943.345
1482.112 1595.487
1195.498 1112.673
1492.196 1589.407
1320.870 1101.614
1516.523 832.462
1533.752 1180.867
1024.314 1568.554
1289.946 1094.646
1432.179 1003.489
1047.663 866.821
1504.125 847.593
1070.716 819.644
1235.125 1126.988
1411.919 1063.472
1085.078 1153.869
1022.129 1676.210
1385.409 1118.674
1300.439 1036.190
1237.693 1010.066
1411.118 1116.482
1003.781 843.655
1496.892 874.979
1136.359 1177.482
1460.119 1113.015
1598.024 1152.745
1005.198 850.660
1457.118 1720.629
1250.499 1143.778
1419.969 1305.333
1361.618 1210.343
992.072 1632.531
1161.350 943.637
1661.823 1173.385
798.849 1214.442
1018.725 851.696
1652.744 1169.055
914.473 808.612
1440.923 1114.652
984.081 824.969
933.048 1147.225
764.984 1223.652
937.343 1165.396
925.187 1681.252
1468.094 1683.379
1070.774 1519.158
1461.601 927.017
1543.803 1118.201
1631.901 1190.833
1439.438 1513.177
972.591 767.564
956.180 1182.065
1394.952 1342.896
1398.885 1295.105
1525.170 1142.367
911.552 1156.558
1376.176 1113.317
1072.479 1594.963
1203.836 1373.431
1163.190 932.688
1367.293 1059.871
1643.858 1154.890
1222.020 1297.288
1467.809 959.787
1365.072 1214.960
1481.885 1115.532
1624.229 1132.358
997.227 827.648
1728.400 1152.260
1404.370 1332.378
1439.519 1113.668
1223.929 984.960
1513.038 819.986
1109.741 1127.358
1278.799 1030.955
1498.272 881.486
1671.160 1172.714
1338.181 1148.670
1189.956 1368.967
1356.505 1095.842
1076.943 1138.614
754.986 1224.088
1395.546 1026.689
1540.612 1164.601
1554.325 1174.734
1470.648 1504.933
1532.052 826.353
1372.410 1084.983
1361.114 1187.780
1456.425 1441.059
1085.191 927.500
1039.497 1631.151
1421.623 1547.821
1372.955 1252.366
1059.885 936.240
926.242 1190.068
1022.213 877.531
1443.542 1711.576
948.925 1787.546
1129.081 1127.587
1053.315 1147.087
1419.390 1172.701
1321.464 1211.494
975.214 858.495
1486.249 1129.324
1493.134 1143.721
1556.487 1136.071
1415.886 1396.372
947.047 795.002
1435.201 1129.606
1496.147 1129.707
1149.187 1124.651
1342.089 1125.991
1433.774 1602.095
1192.279 1155.211
1499.327 828.966
1468.228 1570.714
1548.446 767.330
1194.950 1383.836
1696.148 1193.162
1155.653 1461.041
1655.634 1144.606
1502.594 903.019
1407.738 998.008
1514.195 1108.609
804.265 1216.953
1477.437 1591.952
1476.198 1655.713
934.603 1728.467
1091.392 868.603
1475.068 1690.587
1290.339 1160.577
1481.949 1618.966
1514.746 817.073
1667.547 1179.488
1269.661 1299.431
873.681 1150.496
1439.580 1105.663
797.936 1216.348
1705.173 1166.467
989.217 1139.444
1188.896 952.885
1358.049 1188.979
1174.800 936.451
1466.860 920.518
1105.488 1535.231
1711.446 1183.731
1468.994 1622.115
1329.568 1029.813
1467.250 1708.233
980.482 1623.604
1467.733 1127.931
1102.074 1554.114
1016.745 1661.651
1461.290 1126.250
994.453 1674.776
1443.328 1558.227
1417.717 1568.034
1349.530 1104.373
1525.427 877.098
997.526 858.427
1500.724 1169.677
1434.978 1675.095
1043.359 816.445
1500.733 1670.952
1500.523 1176.906
1141.844 1461.985
1262.455 1019.863
1351.349 1151.491
1378.427 1110.448
1293.287 1120.341
1413.253 1474.785
1457.565 1510.788
1159.069 1147.763
1617.396 1206.314
1444.949 1549.887
1432.366 1246.932
1734.594 1147.993
1418.849 1048.957
1633.612 1140.110
1467.415 1510.948
1009.748 836.114
1435.105 1066.122
1692.819 1164.438
1120.538 925.254
1540.880 842.162
1090.225 1193.285
789.490 1184.741
1447.061 1039.729
1491.339 1104.915
1125.712 921.442
1112.009 1447.925
1461.136 1153.430
950.883 1179.932
1027.500 1577.158
1360.480 1242.313
990.508 1670.261
1464.860 895.075
1347.664 1218.156
1561.596 1173.814
1143.335 914.843
1392.084 1220.180
1141.663 1182.195
1418.079 1036.338
1511.654 1173.257
1381.789 1023.847
1270.607 1307.225
1414.538 1213.666
1383.559 1097.521
1434.930 1282.444
1194.457 1130.228
1557.161 838.444
1413.014 1259.623
1555.222 1180.380
1661.807 1167.321
1205.648 969.932
1426.869 1278.229
1090.257 865.536
1420.665 1312.627
1655.064 1170.884
1020.037 1677.282
1132.650 913.647
1265.979 1004.086
1405.493 1346.260
1396.399 1349.608
1419.257 1370.511
1514.432 1132.340
1473.627 1132.507
1184.111 938.841
1454.454 1697.742
1110.373 1472.373
134.112 1759.601
352.640 672.041
415.233 1964.532
340.161 792.237
881.754 2304.305
1528.727 2391.623
641.147 1371.402
2476.403 2252.407
1166.488 2456.763
662.162 1131.451
867.117 1874.904
558.073 268.691
1325.356 2225.938
386.353 1159.402
1530.993 2349.311
575.986 1512.788
351.217 1179.531
657.514 571.754
272.459 1008.699
125.723 41.614
2335.012 1884.040
134.450 1810.871
1484.452 2288.696
472.704 492.529
1614.608 99.697
1265.861 2254.011
61.397 2251.180
462.782 2228.644
35.321 1288.741
427.237 2446.975
1907.026 243.489
122.504 1860.914
1756.678 430.620
1072.347 2499.803
1280.295 390.530
1880.952 1936.402
1676.089 2444.525
975.328 140.719
437.605 1745.284
1890.079 370.615
348.186 1392.120
1081.312 2176.201
2484.556 1630.921
1636.141 2028.729
292.496 2317.113
2046.497 2048.546
672.193 1362.134
1345.899 255.259
182.775 1189.685
927.153 399.371
143.920 867.244
973.753 108.763
727.757 451.261
1404.338 193.833
988.162 1767.018
1990.272 1719.731
661.247 1846.736
1616.095 90.438
2269.810 699.734
1139.056 2096.292
2058.737 754.917
252.097 448.562
983.468 2255.606
319.671 1399.051
2380.999 411.729
1539.931 2357.583
401.059 1152.282
2263.430 680.935
363.074 349.766
2281.131 2160.033
329.745 1973.427
1909.766 1578.789
1177.364 245.552
2157.645 547.907
198.538 462.644
2381.048 719.777
1667.142 256.298
54.429 1275.837
855.353 2244.031
2194.305 1897.843
2487.732 1444.462
2252.593 2339.692
767.109 324.008
567.798 1686.434
592.927 425.345
1444.205 391.184
430.444 383.782
1732.089 97.651
269.061 2368.157
1809.249 1689.686
1783.417 1839.786
1492.753 2337.743
1905.603 527.691
1221.364 2117.372
479.533 140.590
302.537 536.004
193.801 226.995
317.186 983.707
660.187 1471.476
538.214 1135.224
2383.338 1013.521
359.935 291.191
2115.192 751.853
1881.355 523.636
1073.026 1886.722
1414.409 174.568
2449.695 860.237
1374.586 2346.180
2290.205 1657.414
120.959 1391.951
677.039 2154.344
735.828 483.044
582.626 2224.739
1065.696 2406.763
2301.192 2237.488
1647.218 1876.572
601.496 1854.036
2130.884 52.376
2328.935 888.917
1120.963 84.372
1843.483 469.530
1020.239 2439.041
1862.621 1821.963
645.327 1347.726
1251.847 2266.696
1936.335 2266.522
2102.759 2122.987
2051.153 2285.487
58.391 2000.204
2167.058 2370.955
2150.674 2145.015
38.429 40.597
253.097 1334.114
1042.974 2054.466
1063.206 1850.568
921.787 1892.888
250.979 354.790
394.055 1309.552
1168.290 174.369
2107.823 1749.122
185.324 592.426
352.292 2153.562
309.155 1679.922
2030.390 1486.646
1932.464 1769.796
1351.997 202.856
572.027 1918.186
2451.893 812.703
1612.350 2162.818
524.664 1090.330
191.568 1031.962
1267.379 2060.227
1788.509 316.428
2171.114 1014.778
641.415 1848.389
736.954 664.531
2038.839 1835.897
708.118 751.517
2128.010 1880.659
1677.000 2080.857
399.116 2305.425
929.630 2416.075
1811.445 2327.997
444.882 1685.888
1480.916 2088.799
2422.549 1492.420
2394.602 292.362
2264.369 688.292
1168.124 2293.061
175.417 1846.080
138.847 1482.362
981.695 1768.961
2158.963 770.122
2394.116 1109.311
2126.977 630.170
2232.226 381.097
1981.676 1480.128
331.174 2272.498
1746.150 417.254
401.052 1511.215
858.467 1974.741
2293.401 1587.786
595.863 996.428
1924.383 268.320
85.985 1963.326
1595.370 1955.947
1244.009 2284.938
847.469 1956.570
340.800 967.025
1719.667 1780.790
2175.171 1417.137
352.481 1545.435
2143.577 2026.197
1940.893 614.448
556.125 1283.279
2344.686 1352.959
874.217 1734.000
178.831 1180.499
1976.245 2033.831
743.741 2254.358
2013.248 222.671
1856.729 2389.270
1028.777 2157.256
285.717 1982.043
1111.125 2101.466
1107.610 463.914
111.639 2449.781
715.852 1423.319
2281.933 869.635
2375.027 1161.414
2330.196 2415.835
1205.879 40.039
1891.160 571.248
399.244 2038.455
2035.234 1511.102
608.691 149.468
1386.276 2074.842
2282.096 697.561
277.432 1625.455
483.033 83.648
2083.247 319.906
1.793 2313.183
1315.195 2241.345
2122.246 1221.074
607.976 1222.958
1704.330 2046.792
51.079 706.419
250.835 1400.839
644.588 988.394
812.016 2272.229
1024.330 347.145
277.572 2476.568
51.880 805.941
411.310 1459.280
1737.872 266.547
521.218 2171.498
1311.197 2487.125
577.006 2317.941
1820.996 1932.468
203.585 2245.455
2122.760 1718.045
2027.124 1955.415
1790.839 2439.088
408.324 1206.381
1737.657 2370.694
1134.610 2172.980
1642.407 1868.435
2042.619 2353.663
63.993 2451.634
2368.430 1995.148
2343.597 942.853
73.245 2335.466
883.287 2456.302
2219.417 706.057
218.519 2239.414
2452.803 959.456
2233.096 1384.616
1077.881 2031.840
943.362 1691.245
1296.630 1972.189
368.539 1513.810
2058.930 2330.594
2339.719 895.867
2341.893 1311.811
1509.672 2467.048
464.906 1319.712
2285.283 911.332
2029.966 1952.761
319.061 2497.732
538.360 1161.307
1794.167 1787.035
736.245 1843.708
66.035 296.070
152.050 669.173
276.716 2191.048
2171.236 2414.967
538.833 68.108
638.535 2194.207
1630.965 442.500
80.418 480.956
1435.502 2343.756
1408.862 2030.698
1836.482 25.577
221.119 694.170
1229.132 2071.429
2368.508 26.902
769.900 2436.169
2368.237 1669.323
473.677 1290.517
1681.312 115.558
685.802 347.721
238.937 2001.178
1812.409 162.909
2369.352 1234.792
1041.481 2310.807
2161.298 301.261
2152.205 1349.286
631.003 2281.422
2127.797 1779.158
789.623 575.495
2168.814 1931.637
531.915 653.019
147.774 964.720
2417.355 1140.421
1820.847 88.937
1340.884 2131.403
1353.063 114.690
1169.603 201.084
876.224 438.888
2489.944 1926.644
2184.300 288.823
90.705 1664.158
2252.999 1320.947
440.441 171.484
1838.695 115.521
323.321 1692.259
549.186 2195.566
2010.558 1517.254
1981.451 1661.139
324.254 60.797
2257.130 135.365
2398.557 1350.057
2449.146 1521.615
2337.328 2340.407
2183.885 252.174
2352.469 486.150
1526.634 2373.394
193.629 1775.159
1550.970 78.359
115.819 165.038
438.175 433.970
2487.933 245.794
1161.402 2392.992
328.353 651.303
635.933 1029.171
376.655 372.866
1853.147 2001.857
1108.122 2379.238
2491.833 470.043
2197.736 310.771
1003.694 2411.377
746.066 1612.241
1965.683 740.730
2408.639 2416.879
2462.352 1784.404
517.022 201.389
1424.973 359.020
2459.687 617.286
481.046 785.500
69.042 2108.400
1169.669 2262.287
2167.012 1602.161
220.725 300.194
563.730 2302.298
572.365 176.276
731.364 119.243
2257.967 1464.025
1179.928 2403.803
1788.364 2384.113
635.908 368.733
1655.073 253.683
84.095 55.742
857.136 98.897
1059.988 86.145
1430.032 307.622
502.368 2118.585
749.740 2132.266
1290.225 2211.497
313.788 1909.422
1871.943 187.049
1304.011 2154.713
299.824 592.610
2385.298 1279.856
919.491 378.983
582.099 2388.056
521.253 1713.034
175.526 839.650
920.764 1845.494
515.325 2100.781
2205.507 269.699
2450.963 502.047
2368.118 1703.182
1057.762 13.082
58.808 2167.015
625.596 2451.451
1360.389 139.740
1442.843 1870.371
2190.230 369.623
34.830 1050.744
409.091 1097.725
244.655 682.503
14.432 832.587
728.005 693.873
1420.577 205.220
928.466 215.992
1988.112 2356.546
568.049 1540.544
2090.449 1821.214
1516.896 2450.082
1422.303 1903.745
