100 5
30.000 20.000
50.000 26.567
50.000 29.509
50.000 25.715
50.000 29.424
49.662 27.042
50.000 25.521
45.401 26.620
49.158 25.433
50.000 32.131
47.496 28.946
47.738 28.793
46.864 28.519
49.806 27.958
49.445 27.699
48.087 29.276
34.771 44.510
35.665 50.000
31.727 50.000
32.599 48.874
39.117 50.000
33.399 44.730
34.339 43.466
35.013 45.487
31.586 46.282
32.421 48.861
31.700 48.420
33.668 46.657
33.584 49.411
37.618 45.957
33.883 50.000
34.357 46.808
35.846 47.615
17.362 48.339
12.563 46.411
15.948 49.719
12.237 47.183
16.193 48.367
14.196 50.000
14.576 48.011
16.252 47.569
15.617 46.683
11.620 45.948
17.211 47.498
5.429 23.226
7.994 28.893
6.183 25.473
6.584 26.040
1.022 27.457
7.242 24.733
2.990 25.802
2.353 23.864
7.005 29.898
1.547 26.011
7.671 25.317
0.305 22.473
4.412 26.332
6.321 25.847
5.569 23.608
10.764 8.109
10.594 5.524
8.463 0.788
9.260 7.670
9.459 2.288
7.231 5.224
7.864 5.861
12.433 0.908
10.283 5.007
10.425 2.607
6.942 1.631
14.155 4.800
10.137 7.910
40.998 6.751
37.280 8.715
35.710 2.846
39.571 7.996
39.295 10.084
39.831 7.958
41.216 9.552
38.800 6.884
34.173 42.100
26.926 20.892
21.218 35.040
31.244 18.925
22.697 31.647
17.654 11.012
36.197 8.909
34.369 44.153
32.198 17.999
20.089 38.065
39.561 24.910
19.991 22.262
14.153 40.317
23.302 42.979
11.494 14.986
13.774 49.104
40.311 9.405
14.341 35.841
2.507 31.234
13.099 39.450
