1000 5
275.000 225.000
369.862 229.574
359.296 223.168
363.680 249.377
354.827 243.636
380.078 233.270
369.491 237.516
363.371 251.150
369.715 223.256
360.860 221.519
355.885 233.355
366.672 222.418
386.871 232.549
353.581 240.930
383.390 242.495
388.364 222.381
353.140 228.477
387.045 239.597
375.501 235.256
353.995 252.934
372.539 235.599
354.646 237.107
371.160 252.009
371.240 227.498
378.075 224.541
379.463 232.829
362.781 246.630
381.106 235.901
365.975 252.949
365.387 229.782
363.967 229.875
388.184 228.482
365.032 229.077
360.451 224.860
384.048 230.175
358.386 230.798
357.076 226.814
365.912 234.713
353.980 220.886
366.764 233.233
378.875 226.145
353.094 252.779
358.760 245.414
365.437 244.840
375.102 227.822
383.767 226.787
382.356 242.760
359.912 242.568
370.506 246.882
378.700 229.189
374.635 219.463
361.555 240.603
378.000 225.144
354.495 248.425
371.654 239.716
367.098 222.159
380.487 220.796
353.944 247.092
362.968 230.813
369.771 249.411
376.912 241.312
370.390 239.575
373.333 225.526
358.921 243.796
387.860 249.444
371.790 244.789
359.723 239.115
373.602 224.311
373.537 232.434
379.587 234.603
369.507 244.601
354.249 240.584
361.704 231.343
354.852 231.502
378.602 225.895
366.586 241.986
382.703 224.631
358.821 226.832
369.386 249.720
359.387 252.103
357.517 241.363
356.526 239.885
383.098 228.251
358.683 221.551
369.626 252.201
372.743 247.298
378.228 245.643
352.896 241.092
366.645 239.046
362.628 221.597
364.096 243.625
359.847 231.853
362.205 233.216
364.410 239.036
355.957 223.818
366.581 232.566
368.027 240.600
362.223 225.309
367.958 248.702
383.986 227.728
354.676 220.799
381.952 225.702
387.643 223.483
382.563 231.478
375.635 239.938
372.969 223.392
388.087 234.231
375.835 243.345
360.288 246.592
380.756 244.298
371.879 252.420
387.469 247.418
362.387 246.554
378.320 232.888
364.864 239.474
367.364 238.906
366.972 241.253
382.828 232.347
376.373 230.806
375.005 244.502
357.629 240.874
379.871 231.951
359.716 252.516
370.646 229.417
352.931 221.672
378.369 250.066
363.951 244.353
377.241 229.378
357.033 236.755
375.819 220.222
386.868 232.058
367.455 222.107
363.407 229.962
376.196 224.659
369.107 251.021
380.867 224.426
364.325 241.820
384.893 240.469
364.601 237.958
357.030 246.554
377.426 224.999
374.595 222.145
368.263 252.763
369.985 247.993
361.443 245.176
365.122 248.073
369.335 238.161
376.842 236.203
360.788 222.333
379.141 230.338
388.253 229.773
366.139 239.512
378.491 239.319
387.314 247.526
378.003 225.669
359.789 224.376
372.215 237.670
374.994 221.759
363.847 237.402
358.721 252.120
388.153 248.451
370.327 249.748
363.076 244.603
356.111 250.738
373.973 218.794
386.400 220.511
379.350 229.224
353.098 231.983
367.135 253.685
369.160 224.158
369.687 235.756
386.358 221.486
366.363 240.795
359.163 250.805
368.453 227.461
378.556 247.506
362.978 245.980
365.736 221.322
380.584 233.366
382.434 231.342
370.115 234.162
364.734 227.366
362.065 245.893
383.593 238.177
360.635 220.576
372.144 249.816
365.953 242.722
280.387 319.517
293.515 351.827
296.992 335.847
282.743 352.710
275.667 335.652
281.122 323.774
300.468 348.401
294.034 328.822
276.992 332.593
290.738 337.879
275.004 326.929
301.523 347.597
291.111 320.156
294.191 340.415
290.998 322.440
284.974 349.968
297.747 352.384
302.745 329.291
292.575 330.775
284.297 324.375
280.844 322.844
285.403 320.870
283.541 342.291
296.572 345.502
307.580 343.784
276.736 342.916
298.711 348.839
277.113 350.985
298.480 331.079
296.621 323.561
305.737 337.435
284.054 320.944
299.981 354.542
278.590 348.325
286.823 344.443
303.773 328.099
296.993 328.312
302.246 329.091
273.769 345.181
301.715 346.904
289.691 319.935
296.671 332.590
303.765 328.398
276.038 329.501
291.293 331.321
274.558 341.252
276.124 353.818
285.265 331.420
305.477 319.818
303.428 325.013
279.715 337.669
307.539 347.256
298.029 348.594
296.356 337.623
285.430 327.333
299.056 350.919
289.491 335.216
307.424 343.773
294.089 350.003
300.157 346.147
291.645 337.118
285.145 335.686
292.134 324.955
282.401 335.837
307.266 320.260
300.367 323.544
283.198 340.288
284.463 329.085
302.368 323.872
297.260 350.830
294.181 345.224
274.878 340.716
296.549 352.981
297.175 332.855
293.945 339.885
296.292 338.256
298.322 337.094
299.001 322.130
286.827 336.646
279.328 335.328
289.527 342.412
287.377 322.796
282.622 346.544
281.842 338.780
307.048 321.154
304.665 331.549
275.736 324.854
300.454 351.107
302.149 354.043
284.826 330.915
301.573 350.836
307.740 331.021
300.392 323.725
291.963 333.967
288.947 353.692
276.418 351.499
304.883 339.389
298.580 327.334
285.638 331.655
279.291 323.041
274.466 331.103
285.534 330.335
291.141 331.630
276.547 321.203
298.996 352.948
289.586 351.290
296.722 347.999
288.226 329.584
294.975 345.629
287.560 336.243
276.053 344.221
288.161 347.191
291.030 321.721
299.660 345.219
303.458 334.278
296.083 348.970
279.488 341.755
287.118 320.317
286.781 322.569
286.206 332.661
280.245 325.943
281.982 324.964
292.338 348.149
276.858 328.837
287.299 332.608
275.769 351.893
302.991 330.825
304.609 341.744
295.025 319.124
282.163 350.814
275.927 342.780
281.552 347.485
294.378 333.070
292.123 328.809
277.017 332.686
213.509 341.873
195.163 333.435
192.673 365.202
205.619 355.751
196.548 339.495
212.436 364.712
226.965 367.335
211.615 348.223
208.312 344.897
207.924 350.821
210.579 333.561
208.402 337.716
214.652 363.504
226.360 362.025
220.443 364.704
212.085 364.559
225.950 360.395
227.224 360.608
216.863 356.157
209.392 339.999
218.825 367.207
214.287 360.361
220.718 363.387
208.338 335.627
196.102 352.652
221.446 349.395
200.483 355.140
214.204 337.026
195.729 353.766
216.369 342.597
214.458 356.432
206.769 341.634
213.934 347.542
199.455 334.288
226.127 348.916
225.018 360.222
209.051 356.473
204.058 353.948
213.029 351.061
213.355 365.940
197.096 344.768
226.312 350.546
198.548 338.090
224.217 364.301
217.915 348.117
216.577 347.153
225.495 357.220
224.668 354.686
224.248 367.257
201.675 342.070
196.338 342.559
227.225 358.561
198.448 366.678
213.200 344.468
203.079 343.863
213.135 336.081
218.962 354.916
202.787 350.469
210.899 354.027
197.212 347.717
199.286 337.108
222.183 357.483
200.384 339.344
223.994 350.249
212.573 349.824
226.877 338.410
215.365 351.942
210.462 358.629
199.625 337.758
223.584 360.234
225.717 336.983
196.148 349.437
195.148 366.465
208.589 334.225
218.440 363.174
192.322 348.288
204.591 350.552
218.406 345.994
203.459 332.959
200.113 351.341
215.398 365.616
217.909 358.945
201.564 353.376
227.205 333.038
213.866 355.430
208.621 361.101
195.632 362.104
192.844 351.394
198.120 353.346
199.502 343.391
207.289 346.498
194.896 347.751
213.777 355.878
207.460 365.330
218.888 365.037
203.836 365.113
199.731 358.046
221.768 352.330
199.417 364.844
206.274 337.966
197.304 361.936
194.360 337.269
199.286 350.350
220.143 350.703
223.462 344.756
211.341 343.049
206.881 338.703
220.532 361.591
218.407 342.505
214.826 354.004
196.318 356.915
207.321 345.710
201.446 345.774
192.080 334.628
212.822 358.247
223.640 364.699
203.344 364.998
204.511 353.179
194.758 359.707
198.998 348.994
214.483 345.291
207.809 345.939
220.724 345.844
203.009 353.614
196.365 351.587
194.929 360.318
222.151 346.291
227.096 350.126
201.468 342.354
201.253 335.049
219.417 333.555
219.583 350.399
122.167 221.393
115.132 248.857
111.213 231.083
113.710 249.382
117.009 222.513
132.186 250.814
118.503 233.389
117.414 232.426
122.454 243.782
131.533 249.274
105.193 239.043
135.836 249.654
113.126 240.786
108.260 237.662
111.298 233.747
111.714 226.143
112.024 250.613
109.881 225.553
118.684 224.391
105.794 250.199
122.557 220.919
110.807 221.071
102.310 238.460
101.935 233.816
115.496 251.582
108.963 230.473
122.954 240.477
118.727 247.395
120.381 220.886
132.677 239.945
131.351 246.870
119.385 226.459
113.993 225.611
110.846 221.359
130.460 235.403
103.984 231.723
125.642 220.832
110.179 251.977
132.183 220.654
112.752 243.273
132.506 245.574
114.732 230.780
129.917 218.901
106.508 217.761
114.094 226.821
111.800 232.151
133.318 252.113
132.536 237.376
105.484 250.384
118.333 232.229
121.595 217.751
116.886 221.029
133.449 246.574
132.069 221.278
106.533 236.345
128.280 245.452
103.495 250.924
102.001 245.893
114.104 245.492
104.684 250.286
107.767 241.063
122.657 230.714
136.609 236.641
114.663 227.146
130.190 225.777
120.293 223.104
114.507 241.693
129.308 236.200
126.933 236.924
126.833 252.459
131.826 226.365
108.093 240.827
131.238 229.258
130.071 246.070
120.904 251.046
136.316 226.597
105.334 227.206
118.129 233.501
113.078 222.522
120.897 218.440
101.410 233.069
134.880 232.048
120.486 249.819
136.651 229.764
113.319 240.214
133.745 226.106
136.139 221.615
102.552 222.692
122.286 226.143
123.781 244.489
103.163 235.925
106.470 252.325
126.962 246.127
119.554 231.609
132.567 234.426
128.516 232.768
128.578 232.776
126.137 244.196
104.184 216.943
108.941 221.773
134.872 223.261
120.077 224.750
112.245 219.372
109.947 250.244
131.038 247.856
116.600 227.010
110.883 226.628
113.021 252.086
108.114 224.665
108.572 222.983
125.610 222.574
116.833 217.888
132.121 248.972
102.608 237.283
112.282 218.990
131.579 225.209
120.051 219.703
106.742 239.503
119.702 245.617
106.937 250.492
120.956 241.983
129.718 222.889
125.129 240.961
107.484 239.131
134.205 223.693
106.987 241.857
121.554 225.689
116.105 230.172
131.759 234.613
136.127 248.676
106.292 216.859
109.207 238.365
126.543 224.921
132.879 227.869
118.061 224.343
117.001 224.342
135.732 235.727
111.004 221.251
129.672 219.678
125.165 225.452
116.120 249.216
117.147 233.227
112.733 244.004
113.046 251.360
102.146 250.242
112.492 236.791
125.033 236.739
117.752 217.437
130.465 248.931
112.636 246.530
112.817 225.292
121.715 237.601
111.698 241.414
115.077 238.249
136.474 223.915
109.966 240.858
107.755 241.707
104.892 242.256
102.619 220.023
112.785 228.517
119.520 233.921
110.218 221.371
101.233 220.354
118.195 244.824
125.146 249.741
112.727 218.188
125.998 235.669
126.162 225.050
118.806 247.751
105.268 247.793
111.149 232.965
110.151 225.633
114.693 245.867
114.339 239.284
210.288 114.863
196.772 118.185
201.076 128.263
185.536 131.161
192.260 130.494
188.850 118.337
184.207 128.033
194.717 129.734
194.453 136.021
185.696 121.768
192.431 127.626
210.201 126.860
193.473 143.953
216.667 122.900
188.308 112.754
203.325 122.350
182.461 133.618
181.971 127.569
198.524 115.936
209.082 110.404
197.932 112.977
193.233 136.960
216.936 117.501
211.076 112.100
204.697 110.909
189.635 114.394
201.206 123.973
201.861 132.251
190.362 139.677
200.457 111.341
211.611 118.060
205.182 132.381
182.229 131.507
198.467 143.386
186.321 109.543
207.866 123.238
210.386 121.036
204.739 140.457
212.584 139.427
197.719 115.879
200.274 135.348
198.026 122.120
199.841 143.618
188.593 129.625
181.800 125.956
209.386 122.037
207.129 129.658
184.179 141.266
211.107 140.075
185.998 110.483
193.927 128.359
194.999 123.739
194.176 138.582
204.689 118.326
194.742 136.794
206.991 141.761
193.571 112.265
196.723 115.006
200.452 115.745
204.569 142.831
193.110 121.271
197.395 116.139
193.483 109.426
206.478 114.871
203.693 116.305
184.923 139.847
201.865 125.901
200.590 132.735
196.611 139.341
208.472 140.778
208.061 117.240
192.094 126.066
217.257 125.945
199.990 129.619
198.238 134.857
206.863 109.258
215.353 132.813
196.566 143.430
205.193 131.045
209.884 125.104
189.258 126.381
206.709 132.449
193.654 127.019
191.362 135.970
195.953 127.661
213.128 129.531
203.591 141.311
298.093 128.730
297.211 146.594
309.084 148.123
322.395 136.676
330.115 127.068
313.373 144.873
330.167 152.431
319.747 132.883
318.157 125.468
325.987 138.846
305.312 143.818
329.910 124.636
301.894 118.101
328.932 128.898
299.545 117.064
324.434 140.520
323.417 138.393
316.086 132.128
311.860 128.570
300.833 150.759
313.724 139.099
310.844 150.725
312.596 144.154
306.001 147.291
300.601 146.607
312.494 131.437
308.580 144.435
312.735 125.272
306.581 125.381
302.718 134.750
323.850 123.983
313.934 148.283
310.774 145.796
308.203 118.897
317.313 140.219
315.008 143.260
303.337 149.157
308.952 117.592
300.659 141.263
327.156 151.567
321.894 120.169
322.498 140.949
310.352 132.233
316.887 130.130
306.252 134.052
329.703 127.376
314.717 120.955
325.597 124.098
299.884 147.393
299.714 123.233
304.629 120.928
310.991 146.630
297.405 135.458
308.949 142.291
325.467 147.282
300.900 149.962
297.401 151.278
315.373 121.492
324.316 127.212
313.628 150.191
318.197 117.861
326.743 146.475
302.622 150.874
318.717 134.365
302.164 124.899
302.512 120.207
323.979 123.945
322.591 142.546
318.104 144.734
327.509 151.268
304.400 144.869
317.983 129.085
318.120 123.397
307.449 128.566
322.823 125.373
297.337 121.054
308.262 147.182
321.890 131.276
298.227 142.357
303.235 131.832
321.694 137.405
320.618 117.718
305.968 150.450
309.745 142.050
325.834 146.156
250.163 229.731
149.735 229.585
257.400 199.029
277.163 276.093
288.289 207.808
232.996 306.927
314.153 142.909
300.641 223.619
285.871 318.038
270.697 211.583
249.021 193.363
222.145 227.943
341.742 235.250
300.668 180.470
234.921 230.198
293.510 224.133
313.442 224.334
241.545 181.784
143.057 233.368
280.608 225.119
272.182 240.660
283.048 253.193
294.563 314.451
169.569 231.926
228.236 177.448
252.431 222.942
242.755 176.413
282.827 230.957
123.126 241.106
298.618 168.442
227.786 230.092
352.955 233.964
277.037 239.193
172.463 229.011
304.875 138.993
289.366 293.769
290.367 277.284
287.449 272.499
275.828 270.361
328.768 226.502
228.422 324.967
233.657 305.931
303.073 152.366
231.114 175.230
211.469 135.457
296.789 188.551
210.951 236.235
153.889 229.783
308.111 223.996
291.211 292.984
241.685 281.121
226.501 309.433
274.092 257.911
177.906 232.312
239.826 184.179
259.486 269.322
282.197 292.634
302.042 175.712
199.645 236.767
281.879 288.978
257.774 207.441
248.609 290.259
309.806 150.242
228.017 152.617
289.782 324.251
156.558 235.587
319.044 237.134
244.534 182.651
298.705 231.479
304.209 145.111
286.941 212.498
287.352 301.995
259.946 266.451
220.489 322.925
288.937 308.515
232.048 224.970
226.177 319.282
326.130 234.250
205.335 130.320
251.612 198.411
135.341 240.858
360.169 241.347
276.971 267.042
209.184 225.844
317.181 225.950
293.193 310.233
279.640 280.676
261.656 241.772
273.672 256.479
263.768 220.390
336.561 239.005
288.127 201.010
265.646 208.380
214.444 335.566
201.263 129.229
303.678 171.816
285.699 190.826
266.853 236.564
284.379 307.585
235.227 305.522
277.020 242.931
296.655 171.622
155.671 236.757
312.943 231.414
356.403 238.325
283.793 264.854
247.891 277.005
282.331 301.906
264.618 244.661
298.669 190.668
230.402 301.958
238.715 168.132
214.029 334.919
313.103 145.119
242.463 177.584
271.024 250.109
298.800 234.460
282.910 209.021
229.408 224.582
271.122 236.531
68.554 488.249
114.088 388.586
394.052 409.863
389.512 424.198
336.643 365.910
155.306 113.852
425.790 20.097
105.914 6.264
467.094 409.777
28.997 168.543
7.940 216.794
483.493 144.821
76.961 85.843
202.967 102.100
44.750 110.526
16.595 100.796
63.065 333.908
184.455 332.995
484.755 304.950
73.299 131.853
419.170 480.008
378.704 446.753
138.080 263.181
1.707 402.889
403.144 12.104
422.250 494.496
266.777 387.550
81.297 135.598
25.636 238.622
448.340 2.286
49.861 90.745
304.395 468.697
477.228 244.770
10.437 104.440
53.418 245.038
21.744 481.873
338.964 66.189
109.215 81.602
243.682 424.123
113.348 258.608
393.394 98.715
497.223 262.048
182.093 497.331
103.147 430.689
148.236 431.766
159.478 339.276
47.258 355.228
191.567 66.959
340.625 498.434
377.384 361.377
480.672 239.606
141.945 350.897
86.263 276.461
443.709 491.484
271.544 459.245
369.529 342.098
214.179 35.203
340.890 411.270
237.631 457.557
451.448 321.932
238.083 445.097
442.297 470.105
121.836 378.154
91.635 183.986
225.568 416.834
470.937 422.764
414.086 56.083
8.858 427.388
379.727 369.159
263.063 457.369
193.030 2.208
72.487 384.893
427.321 266.687
472.233 363.577
407.615 94.059
215.020 9.807
73.835 370.740
466.837 399.613
130.670 379.435
314.614 75.730
