5000 7
1375.000 1125.000
1806.488 1275.912
1868.006 1413.464
1796.032 1294.789
1750.747 1262.007
1736.872 1400.218
1807.514 1246.003
1805.933 1267.304
1844.804 1265.523
1792.108 1339.897
1889.509 1248.646
1797.167 1277.794
1858.455 1416.613
1793.271 1310.060
1728.096 1407.797
1838.604 1354.587
1893.954 1321.680
1820.276 1315.214
1778.022 1324.802
1838.746 1315.138
1831.530 1295.770
1776.974 1384.204
1728.271 1247.142
1753.650 1266.035
1815.839 1301.472
1823.216 1344.630
1818.845 1367.050
1787.163 1272.920
1843.003 1270.870
1894.400 1287.518
1802.462 1373.103
1731.413 1395.077
1865.906 1244.139
1881.502 1392.731
1722.166 1293.179
1725.701 1381.397
1852.412 1383.791
1781.184 1346.510
1861.134 1395.076
1750.098 1354.740
1815.528 1257.473
1788.146 1316.235
1868.678 1376.465
1756.582 1293.642
1814.438 1318.615
1768.091 1325.841
1738.697 1247.262
1835.443 1247.562
1796.476 1287.172
1890.734 1352.021
1881.463 1317.446
1766.439 1315.476
1888.149 1393.693
1857.503 1240.729
1824.740 1352.611
1792.235 1326.084
1741.243 1416.272
1733.668 1389.944
1724.930 1293.601
1741.398 1382.261
1856.678 1393.717
1867.392 1382.398
1795.223 1256.421
1883.791 1336.925
1716.874 1296.328
1762.031 1365.088
1821.983 1243.084
1816.642 1322.186
1816.200 1270.379
1788.200 1347.657
1837.855 1307.319
1819.588 1288.359
1774.908 1400.796
1754.187 1345.717
1730.866 1397.784
1717.726 1245.989
1785.724 1383.152
1797.167 1400.585
1866.360 1286.288
1753.696 1401.389
1887.453 1297.171
1807.980 1250.800
1790.785 1304.238
1756.530 1243.085
1752.520 1355.856
1881.710 1288.667
1867.175 1321.922
1732.905 1271.633
1762.460 1263.951
1736.167 1410.860
1757.697 1402.125
1728.653 1407.463
1732.913 1284.392
1842.768 1243.917
1720.745 1382.521
1831.574 1289.426
1720.989 1332.258
1768.505 1327.096
1772.315 1348.955
1757.852 1323.102
1755.841 1279.683
1720.212 1360.133
1834.091 1269.993
1815.319 1350.731
1791.344 1279.068
1732.657 1360.115
1891.224 1301.783
1748.448 1286.052
1721.179 1344.542
1748.110 1330.437
1859.021 1246.392
1876.081 1295.679
1748.245 1290.935
1719.660 1313.527
1729.964 1301.195
1823.552 1302.273
1798.635 1350.602
1862.721 1407.573
1866.484 1306.813
1752.727 1269.207
1738.554 1271.918
1865.766 1249.698
1814.983 1330.016
1790.002 1342.929
1735.629 1302.818
1796.613 1414.315
1747.024 1398.612
1796.381 1352.446
1818.114 1352.948
1860.311 1377.835
1822.416 1250.221
1886.048 1283.304
1848.102 1345.606
1786.017 1246.574
1868.802 1343.687
1796.693 1310.516
1781.112 1314.451
1745.276 1316.283
1787.314 1349.341
1845.932 1279.828
1815.470 1314.130
1866.661 1374.742
1823.377 1312.666
1863.359 1287.960
1814.996 1373.334
1886.644 1316.852
1886.335 1383.184
1760.548 1285.111
1862.046 1295.784
1849.338 1268.049
1730.583 1302.641
1724.593 1372.440
1829.606 1373.096
1835.356 1373.122
1851.235 1323.304
1889.708 1366.602
1744.944 1266.876
1779.296 1411.953
1806.361 1392.760
1781.398 1274.925
1882.666 1370.701
1887.821 1260.777
1827.952 1316.561
1879.984 1267.242
1855.200 1371.054
1880.970 1303.816
1751.072 1377.279
1773.824 1407.900
1771.818 1338.670
1769.560 1309.456
1792.238 1395.745
1814.662 1360.387
1733.078 1300.237
1803.494 1373.941
1730.433 1368.528
1804.924 1350.275
1764.284 1335.312
1876.798 1283.884
1840.657 1254.289
1882.476 1324.958
1726.391 1340.988
1742.288 1405.628
1736.360 1289.948
1816.990 1347.311
1853.215 1376.902
1819.047 1336.385
1886.750 1250.372
1773.056 1278.260
1791.989 1400.165
1827.644 1375.010
1863.125 1276.488
1859.653 1278.817
1723.069 1387.887
1816.527 1412.995
1888.414 1281.854
1764.213 1291.023
1880.548 1315.449
1888.232 1321.770
1734.697 1371.521
1886.657 1404.015
1775.435 1398.580
1856.218 1343.536
1863.694 1243.199
1787.168 1328.157
1881.365 1362.298
1768.043 1250.475
1874.177 1329.477
1854.364 1369.517
1860.023 1402.393
1885.340 1315.678
1752.305 1404.101
1733.638 1358.396
1773.427 1392.385
1768.335 1252.426
1858.786 1292.237
1750.570 1377.186
1774.851 1314.297
1755.320 1340.950
1818.263 1257.315
1751.018 1381.964
1852.114 1284.965
1800.499 1368.432
1884.742 1367.501
1803.907 1359.970
1807.473 1402.124
1805.797 1356.149
1823.485 1325.358
1804.083 1370.663
1892.483 1371.973
1869.736 1245.021
1875.871 1263.701
1820.813 1313.474
1766.740 1326.891
1845.438 1331.761
1812.894 1358.373
1880.256 1325.862
1807.392 1324.098
1880.932 1336.606
1802.258 1244.517
1774.519 1300.821
1856.350 1330.906
1839.511 1411.941
1833.263 1352.901
1759.679 1341.011
1883.770 1320.885
1723.482 1280.836
1736.388 1406.936
1831.614 1261.910
1780.545 1310.892
1865.540 1417.323
1805.355 1357.492
1842.329 1308.422
1824.934 1391.936
1888.957 1316.349
1892.388 1372.075
1764.665 1298.903
1847.561 1395.131
1767.994 1325.185
1893.923 1381.370
1745.429 1407.230
1835.115 1336.966
1747.990 1274.401
1891.766 1283.248
1839.226 1362.547
1849.602 1281.817
1763.939 1291.365
1774.301 1331.967
1850.869 1395.783
1829.287 1392.078
1886.694 1395.939
1754.036 1324.140
1745.258 1399.491
1797.242 1272.498
1776.177 1260.729
1863.020 1268.277
1771.600 1410.842
1768.422 1302.523
1773.427 1248.405
1761.018 1241.089
1883.358 1262.628
1843.950 1305.456
1738.140 1295.800
1721.122 1288.262
1786.590 1259.200
1866.148 1401.303
1858.307 1382.383
1847.740 1363.150
1848.337 1274.924
1740.026 1384.572
1775.367 1406.081
1861.243 1262.272
1868.915 1316.395
1721.109 1371.656
1794.802 1268.117
1794.476 1355.378
1833.476 1282.384
1724.797 1267.754
1883.216 1259.009
1892.168 1363.122
1812.391 1315.311
1850.622 1275.228
1776.858 1394.422
1892.575 1402.285
1724.243 1300.629
1746.424 1339.150
1873.864 1331.036
1815.516 1279.593
1803.835 1306.736
1830.334 1280.323
1804.436 1383.631
1842.183 1387.965
1796.931 1380.102
1841.847 1271.951
1754.475 1379.947
1788.560 1412.924
1817.960 1400.852
1861.994 1269.653
1828.980 1403.043
1889.327 1292.219
1750.732 1410.673
1795.084 1350.510
1889.070 1312.822
1878.178 1322.557
1886.055 1285.768
1813.698 1317.756
1789.135 1413.275
1821.828 1337.341
1890.406 1265.923
1735.668 1322.743
1736.525 1269.850
1734.229 1332.789
1727.642 1358.671
1815.312 1334.256
1775.930 1327.744
1834.918 1360.314
1826.236 1391.693
1867.666 1308.982
1849.991 1344.737
1804.130 1380.703
1861.646 1275.541
1780.487 1403.336
1773.727 1386.004
1750.942 1284.559
1893.271 1322.344
1892.902 1278.335
1725.049 1401.987
1885.735 1249.854
1775.044 1268.404
1866.248 1388.252
1806.118 1391.718
1744.330 1248.809
1855.763 1317.992
1773.466 1389.296
1843.053 1320.658
1876.995 1313.323
1730.506 1245.886
1827.453 1392.240
1825.357 1384.188
1807.230 1403.146
1860.721 1333.500
1727.962 1316.512
1745.166 1309.073
1851.955 1258.756
1785.916 1370.222
1771.554 1248.685
1857.749 1345.287
1873.979 1414.051
1769.033 1343.529
1827.101 1388.862
1795.968 1254.271
1806.034 1274.667
1845.617 1402.441
1803.363 1356.147
1810.241 1405.405
1741.876 1253.804
1721.671 1319.874
1837.835 1277.542
1738.247 1415.648
1757.048 1284.593
1728.317 1400.252
1854.082 1280.723
1810.215 1339.820
1762.637 1305.618
1735.497 1407.082
1738.915 1319.207
1768.688 1318.187
1763.720 1247.425
1893.842 1256.945
1759.556 1306.654
1869.957 1414.857
1863.848 1341.100
1791.469 1251.252
1874.455 1418.403
1763.007 1283.121
1868.742 1245.653
1864.514 1358.640
1876.624 1244.402
1857.433 1361.290
1748.181 1393.330
1737.753 1339.212
1736.479 1277.459
1723.041 1258.203
1825.267 1380.531
1803.439 1263.826
1889.468 1323.266
1731.427 1291.828
1740.562 1265.929
1768.488 1327.271
1803.022 1390.187
1800.861 1284.420
1789.768 1243.806
1745.376 1408.011
1719.525 1275.118
1764.886 1400.163
1760.250 1392.020
1720.093 1334.687
1823.942 1346.677
1755.725 1306.751
1870.760 1273.535
1776.359 1334.098
1790.435 1373.231
1755.375 1381.419
1829.054 1321.040
1745.268 1346.085
1727.508 1335.942
1844.231 1257.486
1756.608 1288.498
1834.605 1351.357
1808.107 1328.761
1828.414 1392.584
1835.971 1357.703
1754.657 1313.549
1758.453 1269.180
1886.141 1326.616
1883.606 1275.010
1741.507 1377.901
1841.639 1388.790
1843.324 1338.179
1821.675 1364.948
1742.896 1325.035
1877.125 1254.532
1726.265 1310.340
1719.854 1337.132
1764.664 1367.358
1839.131 1379.341
1875.374 1249.184
1802.202 1336.559
1781.069 1288.631
1881.140 1406.058
1764.046 1292.031
1783.314 1312.162
1772.242 1360.716
1762.932 1305.829
1737.129 1308.010
1884.188 1336.875
1740.187 1272.006
1722.705 1265.480
1750.342 1417.032
1742.700 1402.143
1792.979 1296.974
1724.932 1340.979
1854.476 1377.125
1825.008 1377.521
1868.503 1349.603
1843.627 1320.819
1876.142 1281.082
1893.879 1399.768
1877.198 1351.354
1801.341 1313.074
1741.107 1392.907
1775.501 1312.478
1801.046 1380.350
1780.805 1270.581
1719.477 1292.204
1802.737 1284.091
1841.896 1250.900
1876.542 1347.380
1876.974 1265.458
1788.418 1383.094
1803.122 1354.103
1724.482 1377.186
1839.803 1365.958
1730.845 1307.869
1890.663 1290.208
1838.726 1381.865
1856.289 1281.481
1792.587 1322.927
1849.187 1316.326
1799.260 1292.672
1824.403 1260.499
1765.044 1271.320
1867.595 1347.838
1771.291 1392.419
1733.909 1365.275
1725.030 1259.781
1802.842 1307.571
1763.700 1344.618
1788.330 1290.192
1779.763 1397.814
1719.337 1385.825
1760.523 1392.341
1882.433 1344.947
1827.990 1400.532
1867.196 1343.515
1808.098 1367.462
1766.419 1265.908
1746.610 1387.238
1825.400 1356.077
1787.522 1261.295
1772.749 1368.928
1840.007 1379.671
1894.634 1320.971
1729.689 1380.417
1875.763 1266.169
1785.874 1341.735
1866.229 1341.800
1866.663 1263.945
1741.968 1409.931
1767.647 1297.294
1743.629 1282.992
1870.046 1396.531
1752.403 1322.729
1795.801 1368.671
1863.476 1273.457
1893.216 1375.141
1814.984 1277.224
1736.543 1369.097
1882.221 1306.740
1845.734 1249.365
1771.806 1369.006
1884.040 1242.953
1729.793 1354.052
1758.159 1281.532
1772.116 1411.808
1724.258 1273.480
1783.760 1336.655
1869.477 1267.692
1870.520 1375.808
1768.540 1331.351
1868.382 1274.576
1891.920 1249.009
1763.213 1396.127
1784.963 1302.165
1795.440 1350.186
1816.083 1309.303
1848.763 1396.186
1773.086 1396.336
1726.938 1278.713
1823.356 1270.745
1767.997 1317.298
1769.719 1273.524
1785.449 1297.589
1838.605 1258.391
1807.044 1347.519
1848.318 1324.760
1805.097 1409.717
1879.434 1341.070
1884.582 1340.832
1868.274 1404.420
1848.869 1377.637
1894.216 1414.408
1733.034 1335.191
1883.407 1393.551
1816.835 1256.310
1835.884 1281.837
1812.994 1314.797
1809.343 1351.002
1718.651 1301.335
1745.518 1372.811
1805.610 1310.366
1813.271 1259.454
1826.238 1270.693
1743.046 1321.864
1856.576 1359.208
1829.668 1339.394
1821.441 1253.844
1782.207 1356.472
1820.178 1249.781
1814.890 1277.764
1846.540 1289.978
1747.359 1275.443
1717.723 1343.160
1785.108 1320.259
1766.762 1352.737
1815.609 1390.204
1870.213 1388.962
1835.583 1288.213
1775.595 1368.176
1850.194 1253.952
1806.929 1275.991
1826.625 1402.260
1736.826 1334.469
1821.914 1316.822
1736.857 1367.279
1739.728 1327.283
1888.210 1358.806
1887.332 1326.332
1801.731 1344.831
1743.549 1378.956
1835.938 1253.324
1752.516 1312.344
1844.574 1269.056
1734.174 1328.178
1773.755 1413.086
1815.684 1273.729
1754.107 1286.204
1770.257 1310.215
1825.053 1300.336
1746.347 1407.348
1802.853 1333.411
1769.019 1341.126
1771.353 1308.192
1806.594 1288.948
1789.928 1254.721
1820.934 1399.678
1824.077 1373.018
1856.764 1412.288
1725.413 1330.846
1723.744 1400.918
1770.668 1330.761
1873.147 1365.114
1833.216 1359.462
1745.127 1418.914
1720.846 1362.296
1802.291 1333.085
1792.649 1402.833
1800.330 1378.261
1765.985 1319.165
1834.697 1335.037
1745.129 1343.074
1843.482 1271.771
1815.450 1374.460
1765.053 1253.548
1838.146 1311.359
1768.698 1256.996
1742.452 1261.605
1773.654 1330.949
1851.961 1302.751
1871.288 1378.113
1809.143 1335.123
1739.958 1285.133
1759.083 1277.107
1893.398 1248.639
1890.346 1307.990
1739.777 1293.135
1780.520 1329.807
1849.337 1245.268
1727.428 1375.109
1732.229 1272.089
1864.771 1242.675
1749.459 1267.753
1762.744 1313.564
1802.219 1268.655
1883.041 1415.275
1750.641 1244.458
1778.092 1279.774
1735.867 1393.114
1825.644 1382.225
1837.844 1349.180
1872.897 1242.622
1736.819 1252.459
1880.682 1256.045
1747.002 1302.262
1769.808 1358.352
1864.817 1408.068
1827.560 1346.263
1730.061 1250.773
1764.839 1300.528
1793.090 1318.474
1733.399 1331.746
1875.627 1327.890
1821.537 1399.475
1754.321 1357.404
1880.205 1304.084
1866.029 1297.063
1816.980 1379.188
1788.519 1366.135
1835.415 1264.806
1752.757 1348.065
1776.093 1254.764
1480.673 1755.999
1595.762 1636.499
1487.318 1733.993
1518.503 1632.807
1548.062 1667.124
1505.289 1732.922
1509.258 1773.787
1621.435 1731.293
1491.561 1775.617
1541.993 1756.466
1509.393 1755.864
1555.476 1795.488
1640.272 1724.486
1651.338 1641.367
1566.827 1801.797
1591.072 1647.731
1599.638 1742.520
1613.930 1664.343
1545.628 1789.250
1518.356 1763.127
1480.259 1755.860
1549.614 1764.704
1517.538 1802.492
1559.465 1796.620
1605.190 1694.401
1632.030 1685.954
1586.608 1697.586
1493.057 1775.226
1595.562 1734.065
1601.583 1713.207
1613.268 1726.582
1587.403 1721.063
1554.749 1710.640
1651.140 1657.296
1597.957 1699.321
1638.871 1712.493
1503.308 1714.131
1544.123 1628.817
1563.576 1709.343
1535.335 1692.380
1547.861 1672.953
1521.051 1755.441
1545.597 1652.892
1486.540 1659.034
1649.065 1773.102
1622.358 1700.480
1612.399 1627.513
1481.189 1684.784
1491.123 1727.263
1550.861 1727.360
1526.956 1718.159
1613.578 1637.137
1537.340 1705.191
1522.212 1676.832
1543.069 1764.621
1602.748 1625.779
1591.853 1652.236
1577.502 1667.253
1583.296 1716.834
1515.502 1748.050
1536.680 1687.946
1632.548 1720.190
1555.396 1719.124
1621.990 1717.414
1507.192 1653.530
1551.970 1765.953
1591.774 1777.713
1646.057 1661.233
1511.227 1717.529
1494.827 1645.883
1552.249 1772.591
1651.228 1686.816
1504.820 1757.141
1580.519 1765.295
1509.730 1641.666
1539.737 1750.384
1513.156 1728.817
1519.755 1688.575
1613.046 1799.841
1550.357 1663.404
1515.495 1635.109
1632.138 1766.148
1598.293 1646.225
1543.099 1686.208
1561.199 1652.762
1631.122 1661.354
1635.942 1680.553
1505.692 1647.321
1550.919 1710.328
1547.427 1644.543
1650.867 1662.271
1554.920 1642.847
1605.470 1639.557
1483.084 1682.489
1494.552 1667.340
1485.578 1704.302
1568.556 1666.308
1527.307 1647.841
1649.615 1792.360
1545.852 1753.398
1645.095 1782.677
1650.235 1749.914
1521.111 1724.378
1537.274 1729.118
1535.709 1793.998
1630.463 1746.927
1559.627 1633.883
1568.465 1732.296
1610.804 1732.594
1489.109 1790.514
1552.619 1655.607
1532.874 1637.324
1635.402 1706.766
1486.820 1782.413
1608.628 1743.211
1632.689 1768.343
1542.575 1765.801
1589.369 1650.215
1565.033 1751.299
1541.254 1676.652
1653.641 1692.458
1613.298 1770.826
1521.172 1705.162
1604.814 1778.549
1487.429 1784.372
1577.399 1774.277
1505.364 1794.188
1530.461 1757.674
1653.484 1690.277
1531.778 1776.620
1646.813 1766.010
1486.749 1652.254
1508.708 1712.423
1632.154 1647.164
1615.727 1702.139
1649.729 1639.308
1488.973 1702.332
1511.182 1730.948
1514.918 1776.769
1477.977 1741.216
1586.337 1694.780
1646.672 1694.472
1604.883 1712.391
1561.380 1753.268
1642.270 1665.226
1598.750 1792.912
1621.552 1697.618
1485.379 1797.054
1621.654 1679.226
1533.943 1662.227
1592.333 1760.269
1617.496 1661.466
1485.489 1661.917
1501.152 1636.713
1647.426 1768.095
1572.518 1641.762
1477.486 1796.791
1518.077 1735.932
1644.658 1651.029
1621.190 1790.615
1513.381 1652.974
1649.959 1771.051
1506.193 1701.350
1539.720 1742.706
1578.734 1652.172
1619.336 1738.584
1586.297 1700.156
1532.613 1669.307
1581.876 1722.090
1543.225 1793.802
1628.905 1693.407
1543.764 1672.440
1576.574 1646.924
1581.991 1642.202
1572.734 1694.655
1486.159 1800.325
1631.190 1796.888
1490.682 1763.584
1509.540 1689.812
1508.156 1754.791
1486.028 1684.502
1639.223 1676.875
1519.559 1650.968
1632.974 1754.602
1552.875 1654.861
1545.614 1737.594
1579.963 1700.177
1549.847 1794.071
1565.295 1674.325
1606.284 1658.389
1632.531 1694.401
1501.636 1767.052
1609.763 1676.822
1492.634 1670.782
1598.407 1669.168
1502.390 1737.580
1542.120 1647.126
1531.095 1702.780
1607.800 1693.280
1507.533 1770.848
1498.465 1731.195
1592.010 1646.392
1512.495 1709.362
1629.015 1753.124
1497.795 1631.668
1600.164 1753.369
1524.056 1702.480
1602.791 1722.649
1523.760 1711.459
1607.137 1730.341
1528.855 1676.213
1537.959 1699.718
1587.343 1764.542
1630.334 1701.649
1512.911 1797.145
1587.537 1738.062
1606.639 1645.419
1655.789 1670.451
1615.567 1714.536
1610.519 1795.611
1503.845 1645.420
1556.501 1682.204
1533.887 1648.771
1506.405 1662.061
1607.110 1779.144
1648.955 1643.192
1534.980 1710.475
1528.570 1725.151
1603.549 1734.915
1479.842 1792.814
1545.026 1791.579
1530.220 1759.753
1604.387 1628.052
1515.148 1792.147
1606.806 1750.533
1482.073 1704.952
1520.405 1659.759
1563.014 1782.276
1629.712 1649.120
1597.668 1699.965
1637.683 1683.904
1602.529 1732.181
1616.159 1758.137
1490.026 1713.336
1516.650 1733.336
1602.593 1788.113
1516.903 1758.688
1618.907 1676.773
1571.089 1660.783
1574.321 1689.253
1553.516 1755.403
1592.163 1640.965
1627.587 1712.295
1625.567 1698.577
1598.405 1790.447
1560.327 1694.507
1652.048 1688.970
1646.052 1792.476
1623.998 1661.360
1540.052 1725.362
1642.043 1663.940
1625.017 1648.565
1628.163 1756.029
1514.412 1697.272
1486.812 1766.208
1570.898 1787.077
1614.620 1737.491
1532.496 1786.654
1494.079 1753.288
1573.772 1629.481
1480.263 1636.485
1626.130 1715.944
1629.053 1668.777
1630.228 1673.575
1561.302 1674.029
1655.332 1675.254
1584.909 1757.095
1554.839 1660.433
1652.882 1771.772
1639.254 1635.174
1558.823 1755.625
1550.932 1689.568
1528.358 1757.405
1541.669 1739.479
1625.308 1685.000
1503.945 1640.918
1586.595 1636.448
1641.728 1675.798
1603.189 1639.598
1533.542 1652.236
1560.049 1700.135
1495.037 1779.257
1522.282 1778.884
1587.712 1694.193
1614.266 1742.204
1580.051 1775.825
1537.178 1683.569
1642.124 1668.068
1523.938 1730.789
1559.891 1790.372
1577.537 1695.638
1606.459 1628.845
1497.895 1727.952
1498.829 1731.672
1563.094 1697.731
1536.577 1767.357
1653.619 1801.193
1512.647 1751.142
1620.632 1796.369
1584.115 1714.802
1622.231 1772.434
1521.663 1783.615
1560.986 1800.078
1492.084 1754.271
1482.598 1757.381
1600.830 1655.569
1563.017 1688.226
1560.367 1661.944
1502.999 1748.631
1564.202 1767.551
1624.854 1767.558
1641.232 1708.179
1531.098 1681.047
1626.575 1743.329
1531.426 1733.915
1535.882 1722.730
1484.227 1639.285
1607.894 1659.760
1568.902 1741.272
1576.014 1797.174
1581.081 1721.534
1625.914 1722.775
1583.798 1629.085
1589.016 1634.627
1575.593 1710.972
1550.866 1784.360
1537.534 1758.895
1522.304 1765.044
1645.224 1669.733
1549.145 1632.112
1595.282 1670.435
1631.514 1701.251
1571.329 1688.087
1515.336 1627.275
1619.013 1658.109
1519.500 1673.449
1538.306 1629.111
1566.865 1755.386
1478.321 1795.724
1561.096 1660.236
1566.166 1801.944
1574.205 1706.525
1559.325 1644.973
1558.684 1703.869
1574.246 1663.560
1565.966 1727.267
1540.802 1678.772
1588.748 1791.397
1482.886 1697.075
1494.753 1643.638
1531.637 1699.682
1637.904 1719.994
1648.760 1742.215
1579.956 1684.436
1632.170 1681.704
1569.132 1759.312
1567.354 1773.674
1478.490 1798.452
1582.696 1695.642
1505.966 1731.538
1524.638 1774.099
1478.074 1725.037
1581.897 1770.447
1530.871 1675.347
1645.090 1634.459
1496.494 1652.978
1523.068 1641.973
1611.859 1691.317
1483.488 1668.544
1566.958 1765.581
1502.880 1642.410
1602.767 1750.574
1599.663 1764.953
1577.604 1657.634
1505.311 1721.321
1629.993 1656.047
1601.256 1800.264
1489.367 1708.393
1626.152 1627.952
1618.387 1714.151
1489.238 1715.454
1568.276 1726.749
1558.076 1697.255
1543.388 1664.443
1586.535 1723.139
1512.422 1629.906
1585.014 1793.539
1585.164 1648.590
1644.572 1694.820
1534.110 1761.574
1582.445 1629.553
1596.474 1715.577
1490.407 1634.990
1560.499 1776.237
1513.268 1749.129
1492.587 1668.048
1550.995 1639.679
1538.657 1765.856
1654.093 1681.560
1488.485 1711.019
1542.387 1748.824
1532.088 1743.510
1533.006 1792.603
1623.910 1741.413
1484.943 1788.166
1587.107 1643.178
1642.854 1701.984
1579.180 1690.157
1484.882 1667.800
1614.500 1768.515
1599.669 1699.827
1587.884 1797.989
1570.823 1739.295
1647.187 1788.717
1583.092 1706.442
1501.544 1764.421
1495.135 1685.304
1559.979 1724.959
1496.292 1697.101
1530.685 1793.241
1647.517 1736.286
1616.396 1726.974
1632.864 1752.303
1647.819 1783.873
1514.398 1693.538
1551.938 1734.981
1593.284 1707.271
1623.919 1634.550
1506.793 1749.217
1628.241 1645.455
1490.333 1710.581
1537.369 1687.359
1495.975 1750.557
1560.839 1632.674
1590.357 1712.018
1543.983 1679.497
1504.662 1710.779
1544.479 1783.484
1487.108 1680.300
1501.626 1726.840
1500.380 1742.423
1573.314 1684.007
1627.407 1635.134
1528.500 1788.586
1545.850 1758.608
1550.172 1791.172
1519.031 1693.543
1535.762 1705.219
1115.981 1795.884
1140.264 1826.117
1239.047 1812.632
1219.914 1864.832
1118.177 1805.357
1140.631 1704.874
1139.712 1765.753
1280.472 1726.660
1244.262 1732.026
1262.437 1738.222
1280.568 1844.533
1148.304 1839.271
1156.713 1733.328
1132.222 1780.139
1258.933 1847.158
1177.839 1701.845
1184.265 1840.724
1144.899 1769.613
1119.403 1711.724
1264.069 1747.224
1262.598 1687.213
1244.002 1811.913
1254.242 1858.023
1114.723 1823.429
1244.934 1703.090
1111.186 1819.658
1280.058 1705.523
1239.452 1738.995
1211.926 1837.455
1132.670 1757.241
1136.013 1812.086
1177.490 1709.683
1186.793 1698.695
1120.333 1775.816
1200.753 1722.797
1112.634 1802.751
1126.103 1865.386
1262.572 1807.180
1173.537 1746.186
1143.717 1799.889
1210.029 1835.131
1209.743 1803.429
1242.608 1835.285
1221.918 1836.091
1151.052 1812.915
1260.854 1781.163
1247.596 1854.034
1172.485 1758.792
1239.791 1833.066
1240.580 1769.126
1139.086 1853.636
1272.088 1737.502
1275.053 1855.716
1223.400 1839.399
1245.809 1748.436
1108.831 1707.900
1111.485 1842.304
1109.946 1770.963
1125.009 1768.596
1148.370 1790.450
1221.128 1786.133
1127.253 1692.466
1249.050 1740.115
1281.383 1804.341
1269.709 1770.796
1203.924 1704.440
1247.720 1829.262
1209.194 1802.300
1156.637 1813.976
1129.568 1760.983
1268.191 1791.173
1180.876 1706.612
1120.215 1756.990
1157.472 1741.449
1163.371 1705.612
1181.603 1794.906
1238.658 1864.195
1230.858 1848.654
1199.041 1820.906
1225.439 1865.065
1221.954 1704.608
1155.717 1847.440
1135.857 1835.892
1166.522 1732.799
1133.052 1710.449
1276.815 1759.409
1128.584 1701.285
1281.351 1746.039
1211.073 1739.193
1242.074 1738.213
1124.132 1845.249
1185.245 1720.458
1202.402 1694.667
1180.109 1811.094
1141.252 1844.291
1147.021 1698.999
1261.503 1813.608
1210.884 1790.546
1112.661 1807.598
1270.242 1823.678
1188.274 1707.074
1189.705 1740.413
1238.306 1700.179
1217.200 1805.682
1266.110 1789.756
1114.646 1742.708
1244.210 1722.014
1138.124 1849.756
1227.807 1865.405
1273.446 1858.474
1154.690 1701.811
1132.942 1849.005
1231.666 1847.598
1128.461 1855.769
1221.111 1851.152
1124.625 1695.323
1215.155 1852.720
1146.517 1738.622
1226.595 1816.862
1246.291 1715.617
1143.068 1802.024
1217.002 1862.966
1172.688 1752.600
1186.093 1739.904
1139.393 1728.879
1133.577 1790.815
1263.867 1786.933
1202.917 1836.435
1248.649 1846.144
1207.030 1749.698
1267.842 1724.414
1253.255 1798.436
1115.863 1762.645
1262.932 1833.930
1202.688 1757.845
1205.764 1778.468
1181.073 1749.899
1203.884 1698.975
1204.513 1810.050
1114.642 1708.891
1190.303 1850.654
1275.596 1707.139
1270.632 1784.707
1223.033 1830.720
1247.850 1703.005
1202.712 1796.894
1203.077 1836.096
1173.414 1852.962
1178.926 1756.160
1184.789 1697.695
1128.956 1794.354
1124.303 1778.734
1249.544 1719.762
1174.950 1737.385
1256.844 1822.323
1179.540 1808.112
1116.916 1858.092
1266.449 1822.858
1134.589 1717.189
1271.176 1707.072
1209.980 1802.147
1265.009 1856.378
1171.706 1707.117
1136.927 1732.966
1222.053 1716.288
1282.722 1695.175
1146.734 1745.107
1178.001 1742.223
1183.873 1840.758
1238.173 1814.415
1226.155 1852.470
1282.710 1846.297
1153.209 1783.221
1187.131 1793.588
1254.871 1687.621
1182.530 1846.811
1181.971 1836.716
1276.578 1820.381
1160.508 1775.249
1244.722 1856.605
1258.252 1747.676
1105.364 1777.416
1124.881 1813.353
1234.133 1801.470
1247.866 1695.883
1106.944 1847.493
1176.649 1862.802
1122.946 1823.928
1158.291 1781.736
1132.779 1726.248
1203.798 1845.717
1259.455 1857.478
1248.437 1750.193
1118.981 1710.227
1159.309 1846.228
1148.524 1703.270
1130.416 1822.610
1219.205 1864.004
1249.429 1792.276
1245.737 1812.148
1167.015 1694.310
1194.705 1688.059
1161.915 1782.947
1113.522 1861.287
1121.778 1846.096
1238.339 1740.778
1211.792 1828.037
1202.405 1792.300
1178.657 1859.734
1261.667 1741.727
1133.921 1694.505
1158.979 1691.949
1255.251 1782.362
1161.302 1821.733
1253.429 1733.329
1133.836 1810.268
1151.833 1788.309
1230.682 1723.524
1223.654 1863.889
1176.013 1749.978
1182.891 1756.672
1165.571 1798.024
1221.761 1789.700
1198.177 1728.282
1148.995 1691.962
1135.672 1712.828
1124.894 1765.933
1175.748 1754.328
1265.065 1688.660
1218.633 1731.499
1227.700 1775.380
1184.272 1694.039
1169.512 1710.636
1187.264 1749.442
1187.314 1862.169
1275.133 1709.814
1183.703 1839.227
1111.014 1754.794
1259.185 1753.783
1258.440 1781.692
1261.930 1728.719
1114.968 1823.105
1109.610 1742.045
1144.214 1858.695
1157.786 1806.526
1259.856 1715.081
1203.739 1790.743
1280.048 1694.865
1115.645 1701.421
1200.782 1755.482
1267.570 1848.641
1208.491 1818.118
1113.768 1790.073
1156.568 1860.850
1271.912 1715.309
1267.426 1808.472
1158.744 1735.499
1105.581 1808.469
1189.514 1773.044
1151.574 1700.468
1127.154 1852.206
1261.093 1863.692
1131.728 1862.079
1134.421 1735.750
1233.537 1803.860
1185.693 1793.006
1243.748 1732.134
1218.679 1818.779
1198.668 1779.263
1226.571 1853.231
1139.770 1741.598
1186.218 1690.302
1108.746 1835.110
1115.273 1716.742
1269.989 1775.295
1179.680 1693.653
1264.013 1811.563
1197.671 1853.570
1253.340 1772.747
1146.511 1709.533
1180.005 1720.228
1278.479 1689.168
1261.262 1776.942
1150.674 1772.018
1273.719 1803.767
1271.034 1771.606
1149.730 1745.636
1152.169 1744.183
1158.903 1833.420
1257.292 1814.342
1164.262 1740.461
1279.140 1799.307
1167.058 1768.168
1278.988 1821.626
1220.406 1746.908
1138.027 1748.737
1107.708 1817.875
1209.252 1862.484
1190.924 1850.614
1230.445 1715.858
1204.748 1692.879
1203.188 1688.439
1210.866 1729.567
1249.923 1862.849
1217.747 1701.320
1116.891 1788.830
1265.615 1746.393
1145.734 1730.031
1194.988 1795.148
1123.810 1778.170
1199.445 1854.958
1281.547 1836.663
1133.229 1690.869
1186.796 1688.614
1125.925 1690.485
1218.377 1739.340
1167.704 1770.721
1113.272 1734.093
1161.266 1705.237
1134.054 1796.262
1275.512 1712.327
1251.383 1751.952
1141.408 1843.782
1152.393 1797.184
1280.025 1838.043
1139.043 1849.234
1115.235 1795.044
1231.535 1857.482
1238.918 1851.117
1166.927 1854.326
1222.085 1746.477
1250.254 1827.250
1189.699 1783.728
1154.479 1828.518
1239.797 1687.772
1151.849 1815.098
1163.189 1795.946
1142.437 1722.576
1208.097 1713.104
1121.547 1760.097
1127.638 1734.278
1121.243 1806.238
1146.447 1791.993
1210.731 1709.936
1243.538 1701.832
1279.440 1752.905
1146.545 1786.117
1176.733 1704.808
1210.831 1808.934
1132.381 1707.127
1273.992 1841.600
1107.279 1863.788
1255.184 1802.064
1221.781 1747.799
1169.313 1862.581
1109.817 1821.850
1172.716 1762.450
1246.302 1756.923
1185.219 1689.522
1234.129 1818.138
1262.317 1809.523
1158.104 1864.996
1173.280 1736.099
1263.018 1856.380
1235.701 1743.426
1209.987 1738.083
1175.001 1771.278
1180.019 1828.214
1253.288 1746.573
1206.962 1797.011
1208.848 1704.761
1153.944 1687.710
1171.224 1863.922
1232.073 1851.931
1182.496 1781.806
1174.208 1786.293
1143.362 1832.497
1188.028 1706.349
1171.262 1743.872
1197.097 1810.325
1265.495 1738.597
1118.548 1793.303
1152.711 1838.948
1272.477 1752.523
1236.457 1789.729
1204.558 1758.771
1265.516 1835.575
1136.317 1806.166
1234.965 1721.545
1171.502 1831.827
1170.858 1820.886
1265.327 1827.766
1111.625 1714.682
1276.559 1757.336
1206.172 1775.368
1231.383 1698.904
1244.477 1855.846
1228.129 1727.747
1265.429 1800.897
1156.792 1853.463
1138.010 1839.295
1183.811 1794.185
1134.215 1697.258
1158.891 1842.754
1249.119 1827.927
1201.735 1831.997
1116.955 1746.800
1259.692 1810.633
1230.787 1781.711
1161.305 1752.473
1123.637 1841.192
1150.945 1754.188
1213.981 1698.531
1206.220 1749.419
1187.660 1716.085
1237.326 1764.347
1224.411 1807.495
1268.774 1831.966
1200.068 1845.666
1252.280 1771.344
1119.258 1853.928
1236.427 1798.453
1207.028 1803.278
1162.425 1766.095
1158.735 1699.525
1233.581 1746.091
1110.196 1826.493
1177.907 1835.761
1156.284 1737.798
1195.922 1817.267
1226.652 1822.665
1272.617 1857.838
1215.070 1823.777
1234.209 1753.094
1166.945 1716.718
1190.200 1816.324
1176.990 1734.459
1133.537 1785.013
1209.177 1859.112
1141.916 1832.721
1117.520 1777.892
1211.092 1755.322
1269.082 1728.104
1109.007 1816.411
1206.161 1691.339
1199.990 1739.282
1186.772 1770.286
1257.572 1707.427
1156.137 1759.312
1140.521 1833.955
1242.034 1702.093
1146.930 1705.419
1249.756 1695.369
1196.057 1735.260
1106.840 1818.227
1119.236 1809.315
1249.829 1700.793
1139.990 1745.865
1268.013 1809.154
1196.366 1775.050
1178.048 1729.675
1191.055 1740.536
1281.555 1821.233
1242.166 1757.418
1143.701 1833.987
1149.220 1735.664
1132.306 1809.344
1258.985 1797.200
1121.984 1701.464
1213.503 1832.044
1271.162 1769.845
1117.548 1794.007
1192.264 1801.841
1144.327 1760.229
1183.430 1769.204
1155.175 1783.763
1247.346 1865.034
1107.592 1704.608
1251.940 1808.437
1158.097 1701.319
1117.126 1782.283
1251.225 1776.996
1115.280 1741.669
1198.837 1815.104
1205.245 1763.180
1112.627 1832.083
1115.193 1801.797
1199.105 1743.755
1230.689 1705.751
1249.626 1801.205
1107.806 1840.588
1196.897 1710.017
1202.552 1792.702
1133.627 1723.251
1201.974 1792.364
1118.768 1700.023
1274.564 1761.473
1269.251 1727.633
1276.652 1806.226
1163.645 1813.897
1269.929 1803.031
1125.166 1777.581
1213.854 1707.760
1225.259 1740.368
1141.436 1743.531
1214.573 1808.082
1252.221 1779.906
1172.976 1711.135
1104.872 1714.786
1181.568 1709.928
1137.131 1697.063
1265.041 1697.919
1226.792 1823.591
1231.886 1837.260
1186.872 1689.247
1223.510 1783.154
1245.476 1718.310
1166.773 1826.554
1133.748 1767.477
1220.370 1753.699
1176.890 1839.951
1266.764 1696.328
1234.280 1737.941
1251.083 1735.236
1167.419 1761.814
1263.575 1811.208
1109.632 1706.913
1183.130 1829.141
1145.129 1696.649
1266.283 1741.955
1181.875 1782.976
1130.172 1736.004
1191.354 1766.032
1240.392 1854.355
1153.823 1814.729
1149.448 1763.319
1105.911 1761.442
1181.186 1751.434
1233.545 1688.148
1270.897 1770.936
1156.802 1860.650
1216.247 1740.302
1109.026 1777.558
1255.956 1720.990
1200.573 1761.231
1150.917 1839.243
1149.450 1854.108
1245.847 1843.170
1126.766 1728.782
1247.568 1698.792
1156.663 1807.052
1240.832 1850.766
1148.416 1738.039
1237.520 1773.808
1210.284 1810.617
1138.019 1822.704
1259.043 1800.242
1114.818 1750.580
1122.217 1739.651
1263.660 1792.684
1267.740 1777.155
1187.803 1741.377
1256.152 1795.228
1188.102 1719.479
1232.628 1775.487
1123.678 1864.828
1150.648 1710.420
1247.488 1832.457
1115.917 1865.116
1193.450 1797.811
1113.149 1847.951
1221.041 1735.199
1224.714 1808.819
1110.588 1755.488
1134.393 1835.256
1249.970 1727.221
1231.937 1768.386
1206.551 1792.379
744.205 1544.191
769.602 1501.381
800.531 1526.946
728.607 1495.705
856.144 1543.511
732.421 1497.551
833.114 1553.074
801.791 1536.481
816.342 1646.411
867.453 1489.089
831.166 1644.157
830.177 1520.360
743.897 1624.292
767.572 1554.406
794.049 1615.717
781.644 1582.924
836.756 1484.569
796.090 1648.859
786.707 1619.200
745.834 1544.238
763.459 1557.574
806.811 1599.822
799.598 1522.096
768.414 1627.186
709.723 1565.605
775.781 1559.920
833.613 1588.654
848.772 1522.251
760.600 1629.469
747.155 1520.844
715.208 1491.243
700.108 1634.526
760.927 1641.878
707.307 1560.764
835.208 1592.225
787.290 1603.914
862.745 1629.371
865.161 1614.313
862.849 1630.436
816.881 1638.940
699.649 1636.308
852.929 1650.604
716.693 1582.725
870.160 1505.740
774.521 1600.117
725.354 1484.548
737.716 1542.277
858.670 1647.521
762.520 1625.260
819.727 1606.394
817.860 1622.721
695.207 1576.257
749.795 1602.550
732.816 1512.450
807.371 1546.978
770.365 1648.303
740.671 1554.582
820.331 1551.501
723.760 1609.119
869.759 1600.254
739.147 1616.221
729.717 1552.172
761.809 1474.930
735.071 1609.599
784.517 1579.381
853.573 1601.525
855.150 1649.830
774.888 1603.600
753.943 1609.007
785.523 1574.133
777.688 1540.395
836.629 1512.808
816.453 1614.862
722.389 1612.448
872.345 1526.477
789.632 1647.328
728.009 1548.415
872.577 1500.303
822.221 1581.059
710.311 1610.848
728.499 1589.003
791.477 1524.814
831.499 1551.991
759.624 1553.641
708.806 1588.785
742.846 1579.739
827.115 1632.598
849.587 1593.461
846.190 1547.790
745.125 1534.464
761.245 1520.667
853.350 1513.651
795.439 1505.458
808.219 1478.202
714.355 1493.748
788.053 1568.324
808.568 1604.777
806.784 1550.878
842.359 1540.992
737.736 1486.149
774.737 1512.614
707.703 1614.663
863.988 1548.883
757.792 1600.126
760.071 1652.599
742.317 1487.793
764.647 1563.326
737.920 1651.228
753.758 1550.616
807.323 1525.375
728.934 1603.788
826.884 1525.752
745.542 1563.270
784.256 1644.374
755.162 1511.355
815.400 1592.841
816.247 1494.661
828.251 1509.144
709.940 1550.539
698.599 1515.475
827.425 1650.538
800.623 1544.661
719.633 1532.282
817.580 1544.155
854.243 1621.554
872.186 1490.410
734.269 1516.419
862.288 1483.690
762.889 1503.013
790.289 1641.042
733.272 1487.404
840.468 1521.752
714.851 1587.099
757.560 1518.760
799.984 1615.140
802.410 1577.528
846.696 1650.689
846.227 1525.805
855.420 1497.622
789.977 1558.365
714.208 1497.509
783.123 1626.529
859.334 1532.243
856.326 1533.893
870.164 1490.522
809.865 1482.845
765.373 1570.678
714.282 1561.397
835.922 1600.263
754.443 1606.615
762.336 1604.138
812.101 1627.130
813.055 1493.058
746.877 1630.799
858.517 1607.016
716.844 1486.261
852.211 1563.686
871.201 1558.950
813.179 1583.654
714.398 1566.156
779.858 1562.262
786.021 1622.559
755.072 1558.995
731.916 1484.817
760.598 1572.372
733.117 1481.858
708.259 1625.570
814.411 1514.026
790.453 1514.678
700.424 1520.623
782.083 1492.054
821.245 1648.326
817.491 1638.646
716.381 1611.141
735.499 1640.932
857.145 1598.200
862.695 1557.975
832.932 1615.233
870.065 1614.114
825.945 1484.002
855.848 1622.111
761.222 1605.126
854.662 1613.613
791.393 1645.757
775.477 1570.627
775.760 1529.234
723.117 1646.697
809.327 1549.012
801.163 1607.045
848.308 1554.607
821.453 1590.381
784.154 1648.901
791.439 1537.908
767.926 1612.186
823.365 1568.359
726.091 1530.155
750.868 1646.941
769.724 1564.177
837.662 1638.905
737.078 1506.896
771.646 1538.968
871.331 1522.386
762.628 1536.520
753.800 1622.713
815.591 1618.113
727.846 1624.381
746.055 1600.823
704.068 1586.660
844.492 1609.453
819.059 1590.898
756.063 1504.631
723.327 1578.268
817.025 1492.651
705.168 1519.879
813.366 1537.683
752.117 1611.456
756.459 1525.269
732.466 1637.387
782.327 1587.975
765.525 1566.202
750.692 1503.081
842.767 1484.919
866.142 1647.810
801.481 1534.485
799.790 1612.528
716.200 1547.332
806.867 1635.556
746.285 1568.865
730.162 1515.379
736.654 1590.834
778.390 1557.261
768.913 1484.471
765.021 1581.224
731.579 1633.078
831.983 1477.737
821.960 1496.359
861.778 1650.111
833.459 1582.431
808.124 1533.086
732.173 1503.641
820.862 1527.466
799.421 1475.765
774.302 1562.888
754.532 1547.214
840.756 1476.313
788.361 1553.400
703.889 1550.989
718.212 1542.366
769.496 1652.014
816.455 1605.694
861.329 1571.163
738.573 1523.742
736.589 1553.227
717.292 1554.437
746.216 1561.455
823.920 1535.128
864.838 1650.958
782.024 1644.942
821.768 1561.873
811.569 1634.309
703.192 1537.020
810.138 1480.889
783.577 1523.727
730.799 1614.117
860.731 1626.381
741.596 1630.442
814.873 1542.277
798.925 1502.552
858.321 1538.069
755.045 1547.082
860.349 1550.645
837.252 1476.871
869.693 1585.646
855.612 1651.811
801.937 1482.999
719.288 1601.318
745.027 1479.270
699.779 1541.890
701.367 1575.445
715.989 1477.398
838.607 1497.996
704.417 1504.535
730.328 1477.544
843.834 1598.871
776.203 1633.151
698.724 1571.323
765.112 1538.432
835.608 1603.973
820.480 1552.607
844.147 1564.885
844.838 1627.427
727.476 1636.413
864.246 1496.332
701.936 1481.407
809.014 1592.640
762.052 1498.156
706.903 1591.401
701.954 1560.212
845.677 1563.841
779.066 1651.260
856.063 1649.896
806.754 1513.472
758.801 1527.110
845.682 1571.680
701.619 1524.677
824.617 1552.310
727.794 1509.833
772.821 1555.507
829.238 1642.461
848.525 1486.321
856.054 1576.920
870.549 1602.690
773.744 1550.931
732.631 1490.978
727.164 1623.282
705.540 1592.201
846.081 1646.155
770.079 1578.796
816.860 1519.427
818.233 1530.810
730.778 1567.573
775.821 1475.619
743.882 1501.292
846.409 1496.283
701.819 1499.177
801.902 1599.852
718.442 1509.367
824.296 1490.652
769.218 1621.660
756.897 1595.751
760.742 1562.767
821.179 1553.784
855.323 1519.021
811.759 1556.146
816.009 1639.681
708.470 1638.346
867.683 1639.281
729.256 1551.874
844.657 1618.965
835.646 1482.554
855.217 1503.163
812.540 1611.636
788.425 1531.278
823.424 1607.627
775.146 1542.824
732.486 1510.550
868.936 1482.281
867.425 1508.484
870.057 1520.686
792.998 1498.851
761.676 1558.181
780.689 1635.222
776.597 1490.633
802.035 1622.770
780.393 1644.068
792.122 1593.408
707.738 1596.415
772.564 1514.244
855.036 1611.227
753.046 1626.818
766.083 1495.277
821.020 1565.675
701.865 1480.904
820.666 1566.363
750.245 1499.174
731.492 1580.341
829.125 988.723
891.783 1016.237
749.319 1048.366
779.616 961.765
829.273 977.014
779.961 1035.098
870.120 1034.373
820.884 968.689
775.716 991.562
767.095 1019.893
798.637 1034.197
911.990 1014.167
812.796 930.408
877.299 915.113
849.782 966.509
903.238 959.342
812.343 1002.031
840.465 1039.003
809.897 1058.032
839.901 1051.346
768.538 1008.237
760.667 970.226
827.783 960.084
816.586 1048.630
815.744 988.033
799.046 1042.942
791.414 919.667
847.194 903.969
887.442 922.914
876.578 1019.891
837.834 1036.399
758.562 905.192
834.609 1052.577
785.611 912.579
921.140 980.395
906.521 970.435
765.391 919.962
900.550 1005.973
859.877 1017.999
873.564 898.667
855.442 1025.729
748.458 1056.243
758.268 931.542
908.885 926.754
747.383 1058.534
755.814 919.957
868.644 966.750
829.335 971.672
848.469 943.340
764.372 903.720
810.504 900.342
910.099 1026.351
849.201 1025.081
827.555 943.629
859.254 1060.972
840.444 972.198
849.399 1039.010
890.519 1036.990
892.727 1048.837
800.584 1029.566
773.565 957.752
785.956 896.536
757.239 997.382
780.778 897.502
870.421 936.232
802.552 1035.831
771.974 949.218
794.364 894.033
787.503 919.308
826.593 918.461
873.696 990.285
806.064 983.921
834.852 988.759
816.397 933.572
856.907 1042.152
804.315 927.182
905.640 1052.230
796.144 988.581
745.251 979.442
788.091 1000.322
821.703 935.914
810.067 1054.135
784.517 905.949
886.189 1016.914
885.455 911.013
801.285 1049.414
804.371 1016.125
921.138 1001.365
766.031 1066.364
822.010 907.609
800.984 889.769
805.446 965.383
825.699 906.015
803.440 1066.767
858.159 897.468
798.281 1045.335
783.652 906.189
917.681 943.153
847.864 1042.170
773.533 971.449
911.554 1043.540
761.764 955.709
787.022 906.550
913.952 970.821
901.832 931.355
754.981 1055.337
767.718 989.809
856.051 948.811
775.350 965.492
760.230 946.388
752.949 914.987
833.522 908.320
916.538 903.426
749.759 903.440
796.580 1018.267
891.927 996.918
903.546 914.824
771.294 910.064
919.427 898.457
782.729 897.812
753.970 1002.829
802.481 935.525
864.047 914.282
807.490 996.880
917.587 967.755
845.399 1043.044
817.860 996.573
778.910 1046.427
812.452 999.178
885.025 972.292
847.127 970.798
813.706 961.999
885.108 894.018
834.140 1025.358
826.765 976.324
864.255 981.466
748.705 1029.545
763.933 1024.941
822.512 962.074
862.958 956.115
912.307 923.175
865.877 904.206
757.655 975.343
847.758 894.386
832.647 925.638
774.889 935.763
811.641 933.320
888.700 1001.873
806.388 937.016
821.752 950.099
889.707 976.882
810.441 991.529
889.572 1009.280
912.430 1064.474
766.850 1004.599
794.805 915.825
874.926 1002.068
833.249 1045.697
797.851 975.663
831.112 951.450
845.718 1013.994
891.197 1059.789
820.965 963.391
803.847 949.189
894.763 999.810
852.084 1011.602
771.799 1001.910
897.948 1043.921
833.734 1029.727
770.801 1059.711
906.701 914.049
792.732 910.400
766.923 1026.795
829.064 961.658
762.924 924.447
866.631 999.253
888.078 976.738
912.845 1039.533
751.601 1007.865
793.839 1039.392
847.342 928.502
921.731 923.611
913.223 1033.182
802.938 1053.851
772.522 1029.616
839.848 1063.279
895.702 1058.005
849.110 999.703
755.570 945.600
830.588 943.623
866.951 1037.825
894.848 972.521
887.049 1030.511
777.125 1052.313
823.385 1058.595
795.580 944.391
790.265 960.757
857.785 999.228
901.983 944.095
910.078 1041.102
758.879 923.453
919.543 922.971
805.545 903.933
841.874 1035.157
902.584 1002.690
837.773 993.164
902.167 1061.431
873.861 982.657
841.896 1006.336
773.411 991.444
806.686 972.275
756.150 1033.688
809.056 972.395
899.397 1009.484
746.104 987.730
886.053 985.763
895.788 1060.892
841.690 896.292
778.816 940.256
833.325 959.378
779.933 1039.575
813.089 971.122
794.132 1001.458
799.586 892.794
914.987 895.695
852.482 939.896
858.863 1007.865
768.164 1023.070
788.419 1049.846
880.317 959.099
763.625 908.929
839.156 925.772
868.664 1006.750
895.145 971.193
898.473 918.980
750.754 1005.781
843.924 1066.423
849.380 1007.885
807.606 1021.075
864.963 895.455
864.760 970.692
833.510 933.636
768.882 1057.406
854.138 1056.995
900.490 1060.641
921.546 967.182
834.801 928.341
750.603 944.795
908.947 973.331
854.589 970.604
887.921 917.045
855.434 928.856
849.292 1056.704
906.316 1003.060
886.182 1017.147
767.413 890.841
862.493 1037.466
885.915 911.413
853.696 986.980
822.044 1048.115
914.041 977.155
899.438 1010.809
869.228 962.504
854.013 1035.511
841.612 1041.021
752.432 992.276
844.815 1019.741
863.348 1020.077
897.851 1030.990
756.477 1063.858
801.623 917.924
763.084 915.942
845.158 1023.239
811.242 955.843
796.126 975.472
879.514 1002.580
744.312 900.247
839.194 1047.509
853.380 913.454
909.256 1054.197
745.878 1014.651
865.177 975.142
769.765 1034.863
880.857 909.121
888.238 953.808
920.049 941.874
859.732 901.625
771.962 919.876
804.960 983.871
871.885 989.011
785.714 995.429
866.763 947.645
825.440 906.831
801.977 943.183
808.271 995.111
798.823 960.354
839.543 973.064
905.027 889.841
786.552 1023.236
800.550 962.567
799.971 922.652
823.738 1031.929
819.679 1012.011
777.984 1035.706
875.625 928.699
904.411 1019.867
846.106 1024.325
891.438 962.085
883.237 1049.701
862.115 921.057
828.023 909.281
764.251 997.774
856.300 919.379
861.394 922.729
886.844 1041.214
895.770 934.563
901.596 928.555
777.447 1035.681
790.691 950.952
891.354 943.806
872.339 1021.929
885.816 1024.793
801.106 951.632
799.334 1009.499
844.491 906.436
910.707 1032.353
891.931 930.697
908.493 953.698
816.640 888.617
866.895 932.223
876.609 963.000
752.018 1021.314
820.263 1011.181
752.026 998.913
916.855 1045.553
804.173 892.290
783.415 1055.271
758.421 924.700
788.165 967.967
865.304 937.928
770.870 943.991
879.253 940.832
759.166 939.117
814.958 941.105
911.143 1026.550
823.973 952.443
885.197 940.041
827.242 927.747
884.159 930.843
886.283 941.636
784.364 968.068
916.045 995.159
884.843 969.152
859.936 1059.928
885.878 962.412
870.640 1056.924
807.156 990.361
838.947 935.100
761.504 1063.043
849.031 1011.425
812.068 1021.417
905.358 1008.598
788.973 956.457
753.702 1008.938
869.818 1048.034
837.249 1052.724
766.719 937.153
842.092 893.841
881.777 1012.358
802.044 971.971
905.567 889.981
780.934 999.438
869.798 980.858
855.456 1005.345
768.211 948.021
897.460 983.260
875.611 899.516
779.553 1010.915
803.512 957.749
866.777 1028.822
858.281 933.395
884.401 1046.452
886.714 929.961
825.564 910.477
839.887 894.262
901.170 994.430
895.478 897.924
883.465 1065.453
782.924 1066.025
888.797 1038.300
851.533 964.983
857.469 1045.953
851.425 942.476
871.266 1050.112
802.777 899.338
829.812 978.900
823.724 951.959
769.592 898.349
761.852 1050.543
758.460 1047.664
880.737 1021.660
830.059 948.429
910.003 1009.203
898.246 985.935
746.854 902.035
878.858 978.722
797.231 937.517
830.532 917.170
762.634 1043.545
863.852 924.454
749.008 931.682
744.191 1007.987
807.780 959.399
916.329 1003.833
899.674 974.338
914.206 958.936
867.051 931.664
856.879 1045.801
747.347 1049.906
828.374 965.822
815.159 947.181
915.351 1056.737
905.986 1059.864
869.597 941.600
845.883 953.545
904.292 923.305
844.928 972.707
911.047 977.666
751.335 958.687
808.325 899.817
781.346 1008.091
843.513 944.754
802.401 1029.798
817.942 1024.550
840.716 924.165
875.998 1012.397
789.994 955.133
894.299 1012.556
811.409 903.559
887.632 1007.809
794.659 978.114
858.053 957.186
759.238 1044.190
753.632 980.014
814.878 952.159
868.142 979.519
867.513 928.590
827.407 927.221
843.569 926.533
864.686 1003.763
812.713 972.850
760.479 1000.550
783.587 976.356
752.159 1018.505
843.559 1057.650
838.183 1001.648
834.423 933.837
745.842 957.312
881.862 904.873
780.303 889.907
779.474 900.907
846.869 962.185
769.144 895.393
851.574 941.424
897.939 1015.025
860.984 925.624
757.436 894.337
873.730 1050.569
859.863 949.783
823.174 976.608
755.687 1040.372
838.629 1037.454
875.508 1003.700
839.593 934.980
864.280 923.163
751.893 974.938
861.678 1006.461
776.548 945.309
890.773 951.722
784.201 1058.972
762.124 1013.236
866.163 998.556
874.483 945.349
897.177 1001.655
1045.441 772.584
992.812 726.468
1069.840 748.368
1082.349 820.093
1004.537 687.222
1030.985 737.330
1053.744 764.663
975.570 709.323
969.991 749.418
1041.217 674.339
1004.055 734.735
1134.405 676.683
1132.868 730.889
1096.975 653.719
980.755 766.981
1141.364 801.736
1131.383 754.377
1041.841 714.166
1082.947 670.341
1006.609 717.553
1077.091 799.560
1105.232 741.284
1127.937 714.714
1029.504 803.338
971.955 757.304
1015.292 701.111
1088.374 686.203
968.277 822.246
1006.931 753.479
1087.380 776.087
1119.524 795.276
1123.511 703.579
1011.310 655.282
1012.773 719.251
1015.652 770.247
1105.268 738.435
1141.692 655.376
1093.127 652.809
1022.690 807.617
1109.441 715.289
1024.321 704.444
1011.875 812.626
1080.772 804.376
1103.876 797.705
1123.056 667.252
1057.806 654.873
1104.852 777.415
1076.839 662.361
984.909 785.405
1045.642 786.716
1039.660 682.052
1043.626 719.819
1062.268 806.486
1047.845 757.555
1089.265 817.367
1125.036 759.131
1100.001 671.373
1107.997 802.442
1102.582 730.428
1123.763 828.981
1018.970 795.173
1018.756 658.090
1094.606 737.125
1084.943 739.941
975.484 671.888
1060.791 815.665
1123.382 705.116
1032.765 805.655
1141.327 778.094
1111.642 816.239
1083.096 816.077
1129.350 784.910
1059.173 706.104
1003.031 698.183
1011.318 759.993
978.327 669.905
1071.318 803.378
975.903 703.102
1035.933 724.165
992.611 820.961
1039.043 777.620
1070.789 712.648
1131.285 799.214
1079.969 799.496
1079.726 797.655
1117.099 788.933
998.884 726.501
1031.143 761.642
1098.813 763.575
1134.324 827.401
1101.297 670.428
1134.094 794.627
1103.538 694.869
1123.833 800.381
1050.681 712.281
1087.355 653.950
1051.975 669.864
1012.828 744.117
1116.319 699.007
995.211 662.544
1130.689 687.333
1029.695 708.938
1075.563 708.790
975.824 759.438
1128.097 655.008
996.065 700.162
1056.438 806.154
1040.255 739.817
979.804 822.825
1023.139 788.536
1106.527 694.268
984.329 815.876
1064.874 720.817
1122.690 690.308
1132.453 818.263
1027.926 677.827
975.076 825.345
1106.446 762.495
1064.615 709.248
998.289 773.591
1029.946 726.397
1041.859 718.168
978.681 792.833
1048.973 812.294
1085.416 730.445
978.632 718.806
993.396 788.036
988.691 718.500
1005.953 747.559
1013.428 663.795
991.788 807.246
1004.461 789.466
1000.179 690.222
1045.644 806.685
1137.668 708.138
1052.398 816.245
999.651 807.350
1040.433 708.944
1142.034 757.518
1051.837 765.616
1086.296 738.639
1141.539 709.494
1118.415 680.533
1129.186 667.324
1130.057 760.806
1030.009 709.629
1113.261 750.117
1137.374 726.116
1119.808 701.721
1008.306 756.272
1137.758 780.873
1062.215 656.363
1130.163 768.060
1085.100 757.728
1027.458 771.292
1095.173 762.580
1071.375 700.273
1017.491 705.022
1088.118 766.149
996.105 654.987
1139.241 659.969
1045.419 800.152
1031.669 684.397
1104.128 789.115
978.654 742.596
1062.160 705.197
1065.980 815.160
1065.524 712.473
1098.207 756.078
1105.816 727.020
978.410 655.893
1080.785 689.949
1061.233 674.516
1115.367 723.406
1056.003 722.713
1085.663 728.892
1124.033 676.043
979.936 816.262
982.118 777.425
1069.701 825.139
1107.514 772.220
1090.177 771.622
1035.765 706.703
990.528 789.955
1067.998 692.156
1010.235 705.161
1016.780 824.162
1020.883 715.002
1090.132 714.072
1116.185 706.820
966.132 772.099
1136.621 676.930
998.858 744.751
1043.257 670.661
1032.624 791.417
1001.508 697.106
1055.188 733.996
1078.713 738.343
1132.203 751.348
1027.368 800.694
987.508 820.924
1067.108 780.132
993.876 729.478
1040.599 806.376
1105.201 824.942
1051.930 725.560
971.048 788.063
1096.920 804.118
1059.090 767.703
1099.567 722.601
1063.640 820.048
1026.007 814.424
1012.375 695.407
1136.181 829.602
1077.450 799.732
996.181 709.399
986.054 686.028
1044.946 675.058
1141.493 718.924
1064.882 733.960
1078.702 710.781
1142.333 738.908
1077.022 678.362
1123.772 656.175
1030.769 797.177
1125.216 830.583
1090.654 654.619
1053.414 659.925
1073.335 755.208
1103.875 807.811
1053.238 789.042
1105.910 787.648
1037.088 828.130
1070.768 769.802
1025.366 745.948
1099.542 678.854
1081.582 737.131
1024.272 809.147
1132.221 672.740
971.383 677.345
993.699 740.415
1041.458 692.890
1053.048 697.266
1057.442 755.667
1056.149 758.784
1124.701 679.360
980.411 705.091
1032.930 830.279
970.714 772.674
1141.447 829.572
1067.912 788.083
1120.256 693.248
1126.092 689.514
1100.199 678.892
1074.144 828.084
1033.053 711.470
994.107 768.829
1010.838 687.862
1098.334 687.847
1135.564 816.038
981.238 771.775
1077.166 794.925
1053.976 762.099
1004.571 755.214
1029.611 700.588
1072.478 666.705
1016.673 750.709
1124.319 741.470
1081.791 696.533
1063.370 709.360
1132.885 732.437
1040.098 695.130
1045.219 754.494
1124.879 707.174
1025.344 821.318
1134.263 819.096
1044.869 702.497
1127.599 816.520
985.905 793.628
1112.667 668.523
1102.930 716.857
996.473 731.347
1088.191 700.558
1110.508 770.780
1071.457 780.475
1052.310 762.292
1068.248 752.855
1098.589 733.053
1124.052 810.347
1006.420 812.034
1108.551 808.204
1065.691 806.802
970.378 676.626
1096.344 724.549
1084.533 791.942
973.505 685.078
1011.671 685.385
969.578 735.957
1053.547 771.868
1130.396 823.713
1040.869 790.856
1122.308 778.476
998.942 713.364
1064.087 687.196
1025.237 762.949
1013.306 806.169
1032.632 788.732
1144.107 789.926
993.176 767.194
1032.797 783.492
1050.138 667.375
1040.649 769.877
1067.425 707.356
978.084 796.459
1018.298 756.835
1092.518 720.941
1094.700 664.699
1136.780 745.332
1078.014 698.234
974.726 668.238
1052.598 763.567
1126.148 716.820
1045.160 801.823
1027.681 679.167
1126.426 785.135
1018.058 818.679
1009.867 761.265
1012.849 700.162
969.755 706.996
1021.273 748.241
1130.480 742.948
1131.962 719.386
1043.983 729.465
974.186 773.529
1140.771 725.272
1047.323 793.240
1105.081 680.118
1123.486 824.574
1107.934 777.473
1061.592 812.280
985.854 738.211
1127.989 711.050
1131.640 722.755
1103.932 786.174
1037.603 706.644
1093.778 690.255
1102.458 766.812
993.181 793.085
1032.789 812.996
992.712 780.416
971.944 709.236
1049.532 752.363
1017.738 764.375
1055.067 712.496
1096.009 805.248
1064.559 827.820
1048.952 826.154
1022.653 726.708
987.721 657.091
1047.438 731.843
1071.231 695.121
1008.454 787.570
983.411 688.404
1068.098 703.624
1053.741 805.312
1013.360 800.786
984.171 681.928
1081.519 789.724
1049.586 653.602
1113.935 784.567
1072.755 736.066
1112.724 717.376
983.718 671.249
1006.467 722.513
1055.251 775.619
1039.638 700.011
1018.779 719.683
1106.981 697.903
1071.166 814.903
1116.955 659.402
1041.201 730.478
1036.965 667.877
988.149 671.672
1035.745 754.072
1018.404 754.895
1111.506 799.265
968.368 743.372
1046.788 680.044
1093.654 663.636
1058.997 808.860
1043.202 794.220
1117.858 824.175
1006.924 653.887
1123.349 668.159
1018.667 702.551
1112.409 818.936
1061.087 747.770
978.595 750.846
1019.566 730.826
1006.631 668.543
974.515 688.502
971.518 768.408
1084.527 728.573
968.108 691.590
1068.735 717.081
1075.878 770.031
1050.016 717.879
1140.484 809.089
1144.260 672.097
1020.863 721.805
1100.682 737.960
984.603 772.690
1033.588 809.438
1122.237 706.977
974.483 697.294
1081.315 814.265
1028.234 817.820
1036.382 673.579
1123.725 745.989
990.629 738.665
1020.309 727.807
1011.274 740.364
1084.365 822.749
1007.982 712.226
1044.823 720.569
1135.619 705.992
1089.507 820.993
1060.545 734.305
1119.651 774.440
974.637 705.790
1030.692 813.507
1057.823 691.852
1034.294 782.572
1074.549 718.357
1047.112 714.284
1102.932 718.136
1067.241 808.163
1092.862 731.383
1002.072 677.377
1049.455 725.615
1115.330 803.508
1013.466 706.061
1087.082 687.188
1030.271 665.483
1018.663 699.579
1018.153 668.478
994.611 782.213
1007.561 781.588
1104.473 744.854
1109.035 791.428
1003.975 689.362
976.072 763.167
1053.893 820.507
1009.261 811.149
1050.798 747.077
1094.119 819.518
981.538 709.380
1071.376 804.106
1079.876 725.069
1019.444 824.740
1128.391 723.927
1089.117 771.540
1074.143 761.513
1013.017 756.842
1077.276 684.990
1049.989 800.326
1039.371 770.457
1001.874 674.654
1092.444 803.990
1010.970 668.818
1142.357 824.864
1086.085 688.663
1116.291 655.000
1000.080 715.488
1119.820 657.195
1117.641 682.143
991.563 727.150
1010.225 749.483
1075.517 719.548
1111.217 690.445
1022.637 795.769
980.053 663.567
978.273 659.746
997.921 710.501
1098.093 779.205
1045.818 750.671
1018.539 757.417
1111.705 802.800
1100.167 806.819
1050.705 692.143
1061.441 749.453
1123.446 744.151
969.843 756.065
1132.911 784.203
1098.933 734.313
1075.531 684.138
1010.863 728.969
1100.861 748.161
1091.258 779.231
977.942 776.844
1131.814 715.717
1125.360 750.263
1098.358 718.589
1134.411 808.147
1131.226 685.896
1103.305 814.611
1126.663 798.076
1092.574 754.693
1083.889 756.755
1020.956 693.000
1062.525 807.859
1080.445 674.322
1027.850 732.668
1078.902 694.368
1043.398 659.047
1087.426 654.607
1061.567 703.987
1058.965 813.803
1106.669 652.703
1133.035 696.528
1059.364 727.543
1137.436 744.677
1023.056 822.441
1021.623 788.140
989.783 719.524
1012.896 664.980
1133.882 673.097
1130.630 717.920
995.527 780.614
1134.747 677.112
1026.876 820.917
1039.834 730.530
1025.917 727.244
1134.082 802.618
1034.316 740.252
1017.630 677.360
1100.286 791.356
1014.193 757.684
1002.129 715.186
1029.625 792.817
1086.756 733.271
1037.489 672.011
1013.179 701.647
1136.227 726.567
1013.901 813.152
1065.024 741.483
999.484 712.914
969.294 758.379
994.053 771.263
1141.854 789.855
1020.451 658.292
1110.606 780.402
1120.487 799.398
1033.129 680.699
1032.249 708.891
986.319 801.050
1055.507 713.768
1114.419 678.954
1006.864 825.904
1009.323 790.083
1037.160 722.632
1085.632 794.113
1111.172 756.317
1008.763 658.691
1056.038 823.853
1101.949 668.728
1069.876 710.335
1078.703 738.455
1032.066 726.572
985.097 665.167
992.670 715.498
977.011 709.652
1091.897 787.824
1011.254 755.715
1096.260 691.912
1138.192 783.148
1138.664 753.426
1035.073 700.364
1069.842 700.514
1110.935 802.785
1041.789 735.287
983.292 678.408
976.173 799.016
1072.770 758.302
1016.960 653.308
1005.426 701.487
1124.510 763.949
1067.667 669.909
1045.312 720.957
1055.250 691.169
1136.596 797.575
1112.373 815.168
1030.015 670.822
1007.963 731.343
1064.496 686.561
1125.484 684.749
1022.761 674.339
1143.463 803.558
1092.642 825.972
997.118 730.920
1113.299 674.057
1085.602 806.574
1060.015 693.083
972.239 740.967
1030.730 700.315
1098.543 731.641
976.568 659.037
1022.770 681.251
1060.235 798.016
1096.517 729.012
1140.693 660.255
1035.052 725.024
1046.063 804.195
993.872 770.438
1086.878 757.102
1121.825 826.063
1045.506 695.159
1028.457 719.671
991.969 695.134
1107.685 710.455
1036.711 688.529
990.007 787.121
990.683 818.669
1068.103 782.134
1082.812 705.793
1075.991 768.542
1051.274 778.381
1029.558 793.443
1003.980 779.086
983.642 655.634
1080.266 669.574
1130.907 683.577
1037.669 741.204
979.043 778.977
1087.574 766.401
1141.100 741.015
988.858 745.850
1060.074 780.646
983.085 698.171
1046.386 698.228
1085.567 659.698
1131.997 725.642
1072.446 753.732
1071.168 683.755
1035.362 780.544
1063.147 726.112
1051.949 769.947
1138.079 671.812
1013.117 746.667
1056.873 730.228
992.027 790.355
1700.683 725.309
1609.490 716.498
1621.614 732.131
1617.421 700.179
1610.223 709.851
1578.369 784.328
1731.622 650.312
1627.585 783.257
1651.176 679.437
1667.056 670.319
1555.168 649.955
1718.611 689.712
1596.546 672.614
1654.495 726.673
1663.265 651.998
1558.886 669.391
1622.982 705.023
1638.787 722.299
1722.998 638.517
1695.755 788.531
1719.312 770.590
1600.676 743.755
1710.607 707.247
1610.975 788.438
1716.445 696.523
1678.693 719.392
1655.098 681.564
1709.462 791.828
1656.062 683.198
1715.939 670.824
1595.017 701.858
1632.998 743.352
1729.698 721.256
1712.310 774.469
1652.032 628.272
1716.643 626.072
1654.084 748.373
1618.886 651.567
1621.864 706.475
1624.810 752.766
1633.572 747.010
1687.792 793.667
1572.678 651.370
1716.701 652.089
1678.731 690.802
1731.715 751.745
1717.041 682.993
1621.678 762.571
1691.490 667.812
1670.957 684.455
1652.209 691.195
1615.649 692.652
1559.556 649.702
1612.577 730.309
1623.871 660.664
1564.419 684.049
1706.891 790.497
1623.234 672.162
1703.179 722.565
1594.253 720.588
1677.674 741.641
1729.888 768.493
1618.577 705.333
1558.025 702.325
1632.276 745.838
1563.414 717.075
1575.913 792.379
1654.649 754.171
1709.511 716.103
1583.581 747.730
1704.387 681.175
1677.705 685.535
1567.011 687.017
1640.730 746.445
1646.487 730.734
1664.516 630.857
1625.165 629.496
1587.243 748.490
1687.961 784.734
1707.621 640.365
1671.856 685.064
1629.351 771.024
1610.901 625.882
1721.705 797.033
1639.319 775.138
1619.037 681.659
1682.772 775.789
1656.457 693.453
1707.339 638.883
1635.043 723.243
1647.215 702.311
1710.916 622.560
1584.995 763.122
1591.221 727.001
1711.661 663.772
1617.000 779.920
1573.863 674.154
1708.805 716.337
1731.440 740.967
1627.823 623.494
1594.286 668.029
1718.230 713.527
1579.199 793.585
1716.713 698.392
1691.741 709.001
1571.648 719.164
1588.489 718.894
1589.268 670.583
1640.409 632.076
1624.919 776.511
1633.584 723.251
1610.749 696.824
1703.136 739.888
1623.027 649.824
1593.942 691.732
1716.588 668.509
1689.277 754.475
1649.978 678.187
1572.143 726.097
1701.272 671.797
1685.487 744.769
1652.421 644.545
1571.612 790.231
1671.046 742.109
1592.282 655.909
1730.712 749.818
1607.107 627.931
1568.486 782.063
1675.427 688.992
1646.496 645.665
1633.326 679.094
1593.137 759.818
1600.529 667.366
1614.915 684.782
1680.005 693.782
1720.460 701.832
1685.764 679.926
1668.485 713.609
1627.562 646.434
1624.772 686.933
1638.180 749.840
1675.054 755.763
1597.473 794.891
1691.529 682.868
1689.689 672.707
1585.841 795.941
1688.701 716.056
1676.679 756.183
1688.873 642.829
1561.849 782.590
1721.428 640.868
1689.939 669.222
1666.832 736.688
1619.067 768.466
1711.139 655.404
1576.489 709.174
1722.186 633.171
1653.133 705.613
1688.847 751.930
1695.083 641.710
1619.198 691.529
1675.819 672.885
1579.800 688.434
1596.048 742.334
1696.726 793.562
1601.193 700.361
1590.742 661.580
1593.692 745.034
1681.382 754.909
1670.703 670.389
1663.878 798.006
1697.671 754.255
1686.239 698.737
1681.697 715.165
1628.828 663.798
1603.947 787.628
1612.627 770.532
1560.864 671.576
1560.589 634.192
1574.460 655.880
1622.339 662.697
1660.899 785.517
1643.759 695.341
1574.170 726.110
1558.168 790.022
1575.002 769.890
1561.341 624.963
1583.402 621.413
1668.331 793.217
1603.978 686.041
1662.277 799.316
1555.827 797.875
1568.983 798.727
1617.936 794.544
1640.268 754.508
1609.072 723.308
1667.432 724.863
1691.497 736.419
1584.561 677.429
1637.743 733.748
1557.151 784.562
1713.889 788.538
1671.537 704.942
1615.099 769.742
1572.569 727.246
1637.253 776.451
1627.514 725.852
1715.818 690.911
1662.360 714.875
1593.547 708.642
1704.864 675.328
1614.929 679.327
1628.162 637.818
1701.128 647.211
1712.709 644.273
1668.434 747.779
1727.720 771.004
1557.892 667.647
1594.910 727.886
1663.303 698.151
1729.016 714.651
1670.090 638.711
1655.980 628.280
1625.175 789.797
1561.325 753.968
1581.409 750.317
1655.347 710.455
1728.310 762.895
1572.542 672.680
1695.617 795.444
1726.599 665.559
1569.232 655.622
1662.118 705.318
1590.854 725.959
1601.486 784.504
1685.550 741.640
1601.664 767.817
1693.484 648.535
1661.765 719.883
1719.207 733.129
1554.420 701.598
1586.047 673.026
1724.928 753.206
1579.000 747.051
1626.549 649.206
1611.407 636.895
1622.580 658.725
1624.302 727.006
1654.754 757.101
1710.130 702.066
1728.631 647.469
1595.445 729.539
1574.163 666.979
1654.662 740.849
1630.734 721.963
1726.798 657.148
1590.876 646.444
1652.561 761.751
1730.523 730.904
1606.589 776.460
1686.946 747.021
1731.467 659.584
1633.478 637.088
1589.454 757.253
1603.414 713.047
1674.334 727.797
1667.862 771.483
1632.801 737.854
1728.161 714.621
1678.756 740.365
1633.432 729.184
1642.312 786.774
1731.445 760.225
1636.694 715.446
1567.362 649.440
1662.140 701.896
1725.903 741.977
1630.677 660.658
1609.214 664.346
1596.467 750.395
1592.185 709.578
1710.801 743.493
1614.532 676.903
1695.331 673.496
1569.039 787.114
1652.312 657.554
1654.512 682.322
1581.221 769.889
1576.947 728.215
1576.022 642.854
1576.028 689.030
1624.255 680.593
1586.889 694.362
1671.849 622.129
1577.205 699.373
1695.305 710.856
1591.991 707.799
1582.339 714.784
1599.193 750.584
1593.603 784.146
1678.640 771.232
1571.204 624.957
1711.468 751.410
1701.955 779.390
1695.202 718.669
1588.027 736.272
1654.347 728.488
1638.045 681.797
1644.714 776.224
1592.733 781.309
1644.756 729.646
1553.974 693.457
1606.153 641.559
1663.007 740.360
1711.065 708.212
1684.799 785.379
1593.862 657.026
1564.653 693.034
1728.410 703.549
1730.025 710.093
1580.932 654.257
1710.019 765.147
1554.436 765.061
1615.616 738.762
1612.585 702.698
1635.914 768.444
1609.368 769.510
1592.661 646.346
1672.821 725.940
1664.954 771.289
1619.689 691.339
1621.154 775.391
1639.574 736.334
1588.624 679.573
1592.609 628.025
1696.633 690.903
1704.769 708.185
1726.571 648.995
1559.650 749.504
1652.333 667.169
1632.020 636.197
1576.176 788.573
1653.064 623.848
1577.525 699.457
1702.457 787.165
1619.044 735.668
1708.621 788.533
1722.775 659.598
1729.762 695.409
1662.637 663.801
1719.508 688.542
1682.602 644.471
1573.006 695.893
1571.511 621.501
1555.653 738.949
1685.300 714.964
1598.397 725.558
1633.369 667.033
1676.513 700.818
1583.702 769.789
1696.186 707.433
1599.120 799.191
1576.176 790.595
1622.692 723.245
1628.984 739.359
1649.016 631.166
1728.898 754.544
1613.033 624.034
1674.270 796.235
1728.499 643.812
1729.651 630.675
1559.380 695.393
1640.391 682.155
1695.840 655.640
1578.376 753.433
1652.357 624.600
1658.928 645.066
1558.978 638.455
1727.613 705.101
1568.050 756.547
1675.882 699.198
1587.957 753.213
1638.431 659.778
1707.330 783.500
1683.244 747.181
1685.378 624.266
1685.944 731.192
1729.053 681.317
1728.196 788.512
1587.145 649.715
1632.008 775.032
1585.346 768.428
1596.938 681.745
1555.802 649.100
1668.515 636.535
1612.344 728.359
1729.073 770.920
1701.315 677.420
1613.007 779.136
1615.959 718.138
1572.777 629.473
1580.562 724.312
1624.671 768.559
1631.827 642.120
1696.343 785.139
1554.822 714.028
1679.376 773.084
1649.819 654.427
1629.296 762.584
1701.286 792.526
1573.490 734.712
1557.638 742.224
1659.381 781.762
1701.884 687.716
1610.713 765.455
1727.080 692.773
1575.448 710.292
1595.818 690.803
1587.100 660.184
1664.525 770.271
1673.213 668.814
1579.975 697.451
1695.759 674.019
1671.330 748.728
1596.718 642.416
1638.282 700.150
1649.111 735.405
1706.095 686.265
1575.826 767.787
1679.245 650.036
1700.368 634.316
1596.111 797.012
1704.415 681.137
1573.003 745.468
1667.559 650.190
1573.489 683.679
1692.280 759.538
1713.961 739.069
1675.655 756.994
1658.466 673.661
1616.092 730.767
1723.945 699.653
1638.587 754.747
1616.278 652.619
1680.318 666.174
1726.873 793.812
1681.036 725.629
1694.344 675.963
1556.509 645.836
1705.825 657.700
1704.798 627.076
1637.418 676.068
1582.916 635.535
1658.473 738.898
1599.669 733.511
1594.543 771.527
1614.814 708.687
1603.059 775.373
1711.410 770.128
1591.595 712.625
1601.084 638.165
1680.583 622.335
1702.989 641.735
1645.758 685.602
1701.234 799.175
1619.704 648.984
1719.651 779.418
1557.559 685.825
1602.916 628.658
1725.623 756.526
1706.720 749.183
1659.604 781.059
1626.333 673.846
1620.209 694.975
1631.723 745.483
1614.609 685.203
1694.175 624.945
1719.780 787.494
1653.672 732.454
1581.684 632.576
1671.524 658.677
1642.806 794.944
1663.701 683.252
1634.055 714.391
1690.675 671.274
1616.936 753.792
1626.467 652.487
1650.498 709.027
1651.775 688.926
1559.207 768.767
1731.767 670.283
1689.891 626.252
1730.762 645.656
1643.168 624.005
1658.258 723.980
1675.278 767.517
1639.459 684.431
1571.373 794.301
1569.187 798.093
1560.326 690.253
1676.336 796.391
1563.849 770.263
1684.303 635.001
1673.761 673.149
1641.769 779.105
1568.401 745.092
1627.623 669.987
1592.807 736.610
1726.463 623.623
1696.645 799.013
1638.056 742.482
1555.006 627.867
1659.920 781.490
1584.565 699.545
1675.138 653.135
1728.323 662.576
1622.592 654.631
1689.039 677.318
1649.749 630.045
1684.067 678.083
1727.225 747.596
1568.279 734.857
1651.804 792.723
1562.786 686.845
1691.132 624.650
1657.650 692.245
1669.520 739.947
1713.379 797.694
1719.642 768.444
1728.612 667.436
1621.061 624.153
1584.351 697.017
1710.930 797.699
1629.617 728.174
1677.562 792.313
1717.108 787.118
1664.534 779.743
1584.649 714.100
1689.340 758.249
1567.149 646.280
1721.033 642.814
1622.730 644.333
1686.258 653.246
1575.750 668.714
1651.757 774.928
1572.656 693.611
1689.918 682.228
1693.570 666.708
1563.784 660.110
1728.470 744.691
1636.035 724.260
1576.050 681.430
1699.318 636.689
1605.579 660.467
1594.306 701.423
1725.537 638.793
1720.743 652.899
1664.698 637.433
1631.493 796.893
1642.262 714.048
1609.050 657.141
1628.509 781.051
1604.134 690.354
1700.738 768.948
1731.183 651.351
1646.332 794.979
1620.418 671.408
1629.613 685.444
1682.534 644.932
1721.992 696.838
1593.299 732.409
1554.444 751.221
1698.285 729.921
1562.909 625.595
1629.650 644.429
1612.777 624.007
1559.139 709.091
1712.077 672.608
1615.283 678.691
1632.691 758.125
1578.721 795.383
1682.567 749.784
1705.019 734.354
1718.818 651.885
1577.119 670.359
1659.114 644.842
1586.297 696.078
1597.387 790.831
1650.425 673.702
1611.234 641.132
1631.642 799.351
1684.479 788.466
1625.849 636.348
1614.138 681.203
1597.894 757.685
1584.534 776.693
1683.365 707.449
1729.310 743.109
1569.656 681.632
1556.662 670.422
1558.833 662.883
1656.568 785.716
1628.616 694.214
1604.973 621.807
1716.210 709.128
1716.882 670.720
1634.404 677.104
1566.444 701.839
1573.189 769.181
1611.839 638.689
1712.397 722.930
1725.285 722.634
1654.671 656.287
1630.186 657.179
1626.716 792.127
1641.222 761.607
1583.947 684.245
1586.371 701.588
1564.581 625.890
1630.515 680.319
1616.883 685.480
1695.763 667.875
1668.681 707.341
1619.596 658.138
1593.049 787.917
1678.511 668.933
1702.724 754.706
1566.556 750.605
1600.681 771.274
1641.781 721.169
1637.858 749.276
1623.935 658.672
1627.236 742.268
1616.136 699.600
1658.830 696.983
1683.961 749.288
1608.598 670.607
1707.542 790.438
1649.497 792.023
1718.358 770.132
1712.368 656.448
1716.965 632.086
1581.086 780.370
1682.129 628.291
1602.043 761.401
1681.647 716.097
1703.276 673.755
1730.248 693.142
1675.112 715.038
1655.754 718.852
1670.682 621.979
1576.295 723.277
1715.363 623.932
1666.867 638.573
1731.405 630.047
1646.851 743.160
1685.190 637.518
1599.054 707.723
1727.205 736.150
1730.370 776.903
1621.611 644.011
1607.057 755.849
1716.730 708.972
1598.434 738.686
1715.283 716.387
1666.219 638.029
1602.078 753.666
1623.548 783.200
1662.937 695.554
1728.451 793.520
1731.581 708.126
1663.858 675.921
1701.848 674.574
1618.330 650.324
1594.973 791.895
1645.532 666.255
1644.097 652.548
1634.035 720.206
1728.618 778.112
1711.918 745.067
1620.745 658.911
1591.569 767.176
1673.566 791.269
1602.463 684.776
1661.399 658.493
1666.870 667.659
1605.654 640.709
1648.573 694.074
1645.479 795.218
1672.558 760.193
1663.422 684.961
1670.019 623.377
1567.176 682.135
1587.894 684.626
1698.809 777.356
1660.911 784.657
1688.966 746.014
1593.170 687.833
1694.142 747.909
1597.518 648.551
1692.672 655.289
1660.121 630.729
1615.528 686.256
1646.949 725.690
1588.949 780.513
1637.388 779.541
1571.964 653.112
1626.464 746.539
1729.359 778.679
1669.708 640.870
1581.408 695.108
1687.792 744.113
1571.553 771.345
1580.953 652.227
1651.400 642.220
1643.421 632.324
1629.035 702.749
1558.531 711.447
1655.459 750.779
1606.904 680.249
1620.522 746.381
1663.854 717.536
1614.493 726.367
1617.418 717.638
1715.405 628.534
1680.401 748.388
1640.960 761.919
1655.319 678.965
1672.150 712.662
1589.977 685.676
1618.868 755.731
1698.663 746.098
1640.782 664.738
1634.147 628.025
1643.871 695.951
1659.797 682.602
1725.724 703.406
1564.823 624.388
1701.005 675.178
1588.871 692.812
1592.478 675.897
1716.786 690.593
1575.969 756.080
1685.510 694.154
1650.781 767.485
1623.285 663.210
1656.214 633.282
1712.121 627.164
1606.323 715.076
1683.117 691.503
1704.165 772.808
1585.873 785.089
1605.578 703.183
1633.273 764.271
1686.206 645.864
1603.428 650.421
1575.273 641.429
1618.337 652.796
1572.364 679.303
1605.026 640.151
1662.058 645.279
1586.694 717.254
1684.214 734.268
1722.937 759.548
1619.383 657.803
1645.807 763.478
1675.098 699.659
1641.321 716.552
1605.977 709.759
1572.838 645.668
1606.370 794.445
1564.206 655.668
1638.445 682.108
1717.372 796.346
1719.841 792.029
1705.003 671.049
1636.208 680.266
1639.178 637.686
1573.450 751.023
1555.032 695.273
1687.913 770.630
1704.881 757.469
1600.247 645.018
980.250 1401.835
898.477 1454.731
1290.253 983.156
1732.676 1278.581
1069.777 1355.536
877.004 1025.382
1590.509 755.953
1034.346 1386.855
1543.858 1221.264
1387.261 1189.459
1000.692 1047.953
869.482 1538.153
1277.159 1442.978
1075.806 1069.885
1535.984 1224.196
1391.858 1189.313
1219.899 1081.856
1355.823 1294.340
1288.727 1405.477
1213.954 1052.932
1287.967 1190.166
1304.049 1304.547
975.074 1415.697
1436.539 1377.692
917.297 1019.762
1297.826 993.480
945.464 1462.682
1214.816 1084.710
1420.075 1228.766
1111.499 849.409
1296.706 1051.328
1319.582 1203.988
1358.225 1089.949
1682.303 1247.429
1296.587 1142.223
1300.358 1135.656
1641.492 1263.195
1276.168 1376.201
1067.421 1021.261
1659.067 1251.770
1509.054 1498.806
1211.821 958.032
1630.406 1222.493
1260.966 1058.614
1403.013 1261.484
1095.498 1361.644
1520.981 952.338
945.902 1019.205
1335.234 1059.926
1632.819 1197.699
1403.606 1189.996
1290.240 1198.983
1486.254 1572.551
915.873 993.579
1493.565 1456.916
1443.628 1195.347
988.617 1441.231
1126.918 1345.660
1255.681 1247.642
1325.335 1145.539
1020.566 1028.746
1155.963 829.624
1641.266 733.673
1439.692 1425.806
1548.606 1592.377
1484.525 913.630
1452.229 1242.200
1753.505 1311.509
1417.027 1116.576
1196.548 853.651
1116.442 803.493
1136.125 882.136
1511.478 1495.390
1338.996 1323.144
1190.530 873.137
1144.679 823.449
1233.616 1518.769
1142.978 1345.126
1456.211 980.726
907.578 1460.031
1423.629 1201.665
1649.184 1286.854
1549.721 889.005
1581.686 1211.159
1542.383 1210.231
890.662 969.502
1443.273 1035.117
1327.397 1267.955
1285.102 1235.732
1319.039 1361.053
1432.386 1093.782
1455.730 1306.778
1079.485 1299.692
974.820 1435.640
1219.356 1042.270
1773.223 1299.886
1601.343 1207.351
1180.977 866.474
1227.681 1713.794
1190.994 1258.727
1297.856 1207.066
1234.582 925.733
1291.578 1064.556
1109.414 850.846
1558.527 1637.821
1235.141 1109.482
1510.014 1630.934
1487.891 970.918
1589.244 826.176
1036.781 1389.877
957.205 1429.195
1468.616 1163.986
1254.473 1012.745
1313.807 1201.608
1124.509 760.018
1536.823 1230.836
1440.592 1268.202
1668.095 1250.778
1218.011 881.722
1039.113 1050.541
1229.415 977.893
1458.094 1447.924
1199.277 914.092
1673.511 1282.911
1325.959 1321.702
1001.923 1396.066
1274.647 1131.741
1116.993 1050.270
1425.787 1393.422
922.046 1019.824
1214.936 1708.692
1491.098 1487.262
1090.556 1338.372
1275.510 1428.083
814.057 1504.329
1564.373 1640.513
1405.316 1277.894
1266.528 990.136
1372.797 1086.428
963.495 1414.671
1129.396 1286.499
965.497 1471.625
1458.440 1421.036
866.177 989.930
1361.278 1197.535
930.055 1476.690
836.032 1503.083
1066.996 1376.950
1442.314 1159.953
1536.748 862.653
1490.192 1492.410
1565.431 1191.955
1127.410 1086.154
1218.561 1257.904
1177.881 843.192
1314.482 1199.041
1535.726 810.096
1426.037 1143.040
1088.167 1370.635
1400.098 1021.443
1487.193 1511.784
1116.292 1043.777
1417.194 1262.655
1744.716 1327.609
1649.108 1247.395
1479.093 1163.321
840.200 955.289
1348.186 1333.801
1420.583 1165.866
1181.321 1742.201
1282.552 1069.483
1769.429 1304.502
1020.375 1379.714
1666.004 1280.072
1487.300 907.131
1341.028 1332.127
1335.791 1388.433
1462.882 992.181
1454.810 1187.928
1286.417 1251.756
1266.561 999.120
1312.543 1428.926
1353.809 1145.899
1589.551 1266.343
1408.968 1194.458
998.521 1388.260
1306.367 1264.373
1766.122 1297.336
1551.116 852.034
1210.291 874.527
1563.637 1228.796
1742.346 1277.985
1061.801 1053.950
1212.017 979.657
1535.235 1543.836
1505.772 1525.932
1486.016 1389.965
1246.200 1714.373
1542.675 925.269
1614.308 712.918
954.720 1452.683
1261.535 1528.367
1306.427 1148.910
1632.117 1237.166
1451.172 1359.745
1628.436 1263.798
1526.561 1616.978
1250.157 1672.709
1584.016 1221.845
1291.291 1093.147
910.509 990.422
1131.425 1028.914
1383.711 1104.842
1400.732 1066.824
1259.175 1585.504
1569.191 1712.273
1548.395 1574.434
1197.583 859.215
1424.558 1281.974
1490.982 1612.234
1705.043 1300.108
1762.868 1313.671
1352.960 1182.897
1431.101 1429.256
1536.869 1596.731
1468.887 1462.520
1320.899 1321.979
1543.744 891.878
1350.776 1118.631
1260.883 1172.105
1241.841 1280.129
1474.900 1194.813
1493.255 902.520
1121.460 845.110
1399.195 1169.242
1752.812 1271.219
1407.959 1138.481
1487.425 1185.589
1494.749 878.608
927.501 1478.693
1393.680 1055.199
1176.780 851.455
1067.864 774.889
1195.185 850.465
1582.792 776.861
1674.817 1228.347
1560.330 1240.677
1293.933 1197.182
1110.112 1305.497
1592.932 1212.317
1559.353 1618.594
1322.761 1084.887
1576.014 1681.945
905.846 1487.483
1264.795 1496.200
1252.228 961.817
1176.423 1046.750
1393.965 1253.661
1050.212 1025.313
1354.787 1098.569
1573.004 1701.642
1550.234 777.146
1425.626 1104.511
1583.810 819.003
1404.424 1284.361
1587.499 740.261
1534.371 905.337
1297.928 1123.764
1131.519 868.141
1668.015 1254.416
1507.654 1498.617
1581.170 814.796
1579.600 1232.983
1772.559 1306.776
1343.120 1180.004
1306.023 1073.645
1415.235 1037.994
1341.058 1053.209
1218.148 1650.205
1396.656 1132.046
1432.875 1384.592
1130.248 1322.854
1126.264 1091.744
1464.299 1006.762
1189.530 902.409
1755.556 1324.395
1427.975 1173.712
1655.505 719.442
1671.918 1285.931
1416.818 1091.397
1342.627 1055.556
1359.590 1217.344
1115.922 795.717
1019.693 1392.136
920.707 1037.804
1469.616 968.817
1194.335 1282.480
1098.350 1329.656
856.939 1026.308
1293.897 1116.127
1591.730 793.866
1461.144 1048.423
1326.159 1015.875
1558.217 1185.937
1600.562 1190.413
1053.045 803.728
1590.507 831.392
888.682 1517.039
1693.280 1237.342
1205.453 1666.736
1639.396 732.243
1267.706 1572.607
1303.436 1034.826
1348.878 1238.920
1593.791 1255.727
1420.462 1337.500
1379.064 1208.264
1497.028 983.378
933.620 1461.544
1373.906 1239.732
968.192 1372.970
1021.559 1067.316
1413.487 1293.987
1219.970 1632.681
971.813 983.117
1186.733 906.796
1621.417 1228.258
1518.794 976.380
1437.854 1096.069
821.317 1471.361
918.961 1047.975
1179.556 933.557
1385.607 1274.090
1232.700 1568.974
911.396 1515.777
1553.657 1174.126
1224.600 1066.095
1204.712 1617.030
954.591 1425.475
1437.797 1164.148
1128.156 798.121
1364.179 1090.591
1179.683 880.571
1448.448 989.122
997.519 1043.779
1590.430 790.515
1306.662 1459.152
1274.993 1480.748
1141.556 825.720
1298.925 1134.790
935.347 987.137
1575.473 1215.881
1673.568 1292.082
1462.737 1494.897
1460.463 1020.455
1418.168 1045.171
1092.752 1353.930
1413.730 1141.648
1426.765 1375.506
1366.506 1266.162
1621.715 1203.763
1213.684 1077.263
1074.495 809.111
1356.707 1287.266
1110.637 1021.720
1531.351 1508.157
1281.618 1062.734
1481.648 981.139
1343.348 1185.840
872.395 1014.412
1453.214 1188.166
1418.793 1135.552
1355.551 1352.340
1200.804 1060.377
1251.370 1596.444
1728.946 1245.056
1307.723 1274.111
1313.559 1068.481
1407.951 1211.869
1670.638 1303.893
1279.391 990.335
888.723 1453.398
1185.514 1721.997
1521.345 1558.651
849.347 1517.638
1127.627 1260.840
1347.594 1223.891
1196.743 1095.904
1394.691 1043.815
1285.110 961.445
1335.323 1205.408
1267.951 1101.647
1766.589 1331.529
937.905 1010.183
1508.384 881.574
1564.545 1204.243
1577.849 1223.129
963.512 1426.591
1481.230 1211.623
1044.600 1381.435
1378.655 1206.027
1196.808 1047.316
1184.267 1085.261
1327.478 1331.779
1527.308 803.591
1141.729 1310.575
1011.283 1019.336
1444.770 1384.454
994.282 1369.051
1060.561 1359.095
1640.022 1272.202
867.625 1534.050
1609.952 812.451
1426.505 1038.479
1605.786 1210.802
1375.594 1235.750
1390.419 1171.497
897.529 1493.516
1750.215 1286.131
1102.838 800.894
1132.639 912.618
1315.722 1054.879
1133.337 1334.392
1765.964 1293.044
1398.145 1197.347
1636.557 774.919
1450.072 1002.205
1567.013 1618.704
836.107 1534.791
1295.701 1494.103
1657.877 1250.462
1331.279 1201.166
1106.575 1294.994
888.544 1536.101
1100.030 1078.529
1526.944 1593.861
1383.909 1211.715
1454.852 1168.346
942.515 1000.331
1484.703 1549.986
972.054 992.400
1325.768 1326.975
1108.862 1044.855
871.944 1474.778
1520.288 1160.249
1281.785 1012.009
1234.457 1504.839
1465.528 1409.750
1510.033 945.056
1291.736 1338.530
1503.717 1189.772
1281.629 1322.373
1489.024 1537.744
1436.549 1159.274
1246.073 1248.666
1311.238 1154.078
1268.940 1478.115
1480.253 1151.887
1496.115 1376.709
1108.878 1013.839
1569.710 1666.012
1224.223 1047.144
1494.221 1579.713
1243.385 1068.486
1572.532 1643.135
854.320 1014.548
1503.607 925.448
1052.131 1388.189
1625.932 1268.683
1230.393 1001.344
1104.877 863.533
1591.089 778.057
1227.689 991.496
1002.214 987.988
1316.464 1452.726
1225.665 1586.123
1058.947 1032.344
1547.110 1620.902
1376.092 1188.439
1635.552 1235.938
1425.237 1192.105
921.973 971.394
1190.686 1119.983
1106.851 1050.517
988.383 1431.034
1325.943 1286.075
1140.427 1308.268
1221.750 938.991
1177.745 1088.796
1293.284 1057.778
1105.006 1312.315
1469.847 961.031
890.225 1485.019
1028.881 1393.425
1238.126 979.743
1494.417 1397.438
1614.984 1227.306
1365.009 1319.247
1276.857 993.142
1496.509 1486.166
1499.633 1626.318
1207.854 1054.716
1656.644 713.485
1494.186 1406.123
1456.515 1304.276
1345.497 1185.001
1183.379 1322.395
1553.359 869.255
1435.629 1128.752
1040.777 1063.306
884.250 1478.357
1415.377 1118.336
1324.111 1133.835
1225.076 1697.238
1041.426 1065.223
1204.216 1111.801
1758.504 1266.007
1304.058 1037.855
1464.472 1012.413
1220.525 1071.699
1225.144 959.837
1555.501 926.376
1497.316 872.520
1169.267 1325.701
1270.909 1631.580
1399.418 1013.962
1217.343 1245.752
1235.261 1659.389
1491.003 1566.152
940.646 1438.704
1480.642 1374.746
1247.770 1013.787
1378.648 1101.800
1031.235 1362.641
1213.822 1075.649
1150.257 791.204
1678.551 1258.779
1453.409 976.705
1160.483 1052.241
823.413 1554.764
1362.380 1327.825
1224.644 1123.467
1425.581 1397.278
1393.373 1168.824
1286.942 1208.399
1232.686 1088.545
1729.958 1312.794
1642.583 1228.319
945.865 1418.360
1134.434 786.068
1755.846 1274.719
1105.000 1344.209
1140.481 800.658
1528.317 1648.857
1254.457 1686.110
1290.582 1083.010
1133.202 822.086
1294.289 1487.314
1765.711 1303.499
1524.143 1626.354
1512.216 1474.941
1501.823 901.786
1046.427 1331.931
1510.143 1641.833
1545.803 1205.556
898.729 1539.041
1591.290 718.549
1311.641 1146.013
1546.023 851.789
1588.498 748.858
1523.094 888.652
1223.617 1719.834
1533.652 1612.911
1058.608 1026.509
1567.087 1180.006
1360.433 1132.675
1469.160 1408.060
1561.992 826.116
1492.816 1427.403
1059.157 1031.303
1305.157 1176.095
1331.918 1073.418
1192.833 1645.752
981.677 1469.886
1320.354 1030.973
1522.782 848.330
1487.020 972.624
1594.859 805.846
1202.401 1257.702
1449.227 992.464
1304.117 1497.658
1328.998 1262.734
1520.084 1491.008
1295.317 1019.342
1230.748 1668.117
1014.524 1385.488
1222.698 1569.573
1262.870 1212.206
1015.749 1430.084
1288.482 1010.182
2102.446 1715.099
515.005 82.238
929.439 411.661
1062.980 418.416
841.476 2291.497
1716.799 2063.164
136.738 2074.576
16.225 1763.665
2258.960 1074.196
1832.317 1808.466
296.942 2383.141
1047.806 2303.490
3.574 445.067
2337.177 1141.060
690.063 638.018
1237.706 2398.872
1818.710 356.286
335.119 130.904
631.808 1563.090
2356.959 1333.700
240.476 239.442
1878.249 124.860
1324.998 1895.692
884.162 388.384
635.498 126.989
2451.065 1662.347
2401.760 952.848
69.898 1469.295
2077.579 260.703
94.585 1308.175
652.920 386.727
1518.336 368.840
252.928 1790.468
1279.926 172.310
1560.394 281.139
271.351 644.960
655.045 2431.346
598.988 1739.164
2270.561 417.096
1058.563 2293.711
2107.630 2233.591
354.751 2242.283
1775.141 385.532
135.631 53.416
2194.258 506.423
56.757 2371.873
421.405 826.104
243.408 1869.110
1489.577 2063.775
647.155 129.658
2331.463 2130.336
2413.093 1821.962
2445.669 367.511
1962.177 85.400
2068.054 425.541
2148.246 479.607
757.105 259.046
2124.768 2056.617
353.829 1202.778
2416.704 234.562
2453.903 1129.285
967.793 1991.798
2114.000 1575.317
1509.557 2207.718
316.146 2184.008
2299.370 947.074
2107.556 1284.805
251.339 627.062
964.696 2129.511
1558.928 1873.975
586.371 2372.828
873.368 2224.636
2039.354 458.077
1570.302 290.612
2272.775 525.874
1841.077 2100.792
910.268 469.066
128.966 590.564
335.367 1937.347
21.311 1907.593
1795.017 1694.867
830.278 77.748
49.463 672.401
687.940 477.028
1700.957 479.521
1330.791 1852.968
299.213 1532.780
359.224 933.888
59.970 1483.129
514.459 949.944
395.629 1218.370
437.360 232.418
177.250 1001.845
108.194 2296.555
136.810 385.704
2255.561 2217.112
98.799 2383.684
2254.131 1167.000
820.939 274.141
2259.381 739.392
2.786 103.692
1974.288 535.310
1159.592 304.156
2426.797 1435.008
963.489 257.785
265.356 1244.598
541.072 12.782
92.133 702.397
2247.834 2218.123
234.683 2316.038
436.121 1569.792
1343.615 2334.826
2001.146 2471.823
914.082 1902.063
2463.205 1507.682
2266.936 2152.687
1724.447 2227.503
1443.268 88.911
497.161 1508.448
368.693 1732.921
1005.630 2285.977
628.048 479.011
2105.264 2175.676
1399.477 5.634
1711.935 317.251
458.485 2177.873
1998.831 2257.690
1910.608 16.956
2290.050 2276.551
108.769 639.855
1153.867 223.292
492.571 648.921
2380.655 2374.543
1226.887 2373.171
356.594 612.947
1057.802 443.936
145.438 1806.306
1856.712 1991.885
320.724 2472.224
2154.560 2183.565
1030.079 251.321
884.651 2112.491
359.275 1457.966
1694.528 2228.737
1802.428 1905.714
749.307 149.398
421.390 1215.224
516.724 310.379
1970.830 1676.896
1531.358 394.620
38.705 23.969
1348.563 48.611
320.132 1246.085
1025.559 218.212
265.861 865.607
1489.752 410.023
357.662 1771.307
643.035 2285.203
2066.050 1763.137
1737.636 504.462
581.398 1593.248
570.073 1550.301
1410.738 2332.572
2209.702 924.333
2150.010 2045.380
40.641 1464.111
775.910 1525.051
2241.987 2288.633
455.841 1993.957
770.671 1586.107
272.944 893.708
2293.841 426.065
2491.640 250.389
692.993 1779.947
329.773 2320.463
886.011 167.217
565.068 749.020
194.460 988.160
2333.734 33.166
762.231 122.193
1192.779 196.048
1693.444 458.907
983.226 214.785
298.545 1782.141
1105.066 410.649
2056.625 1978.262
893.762 521.458
2292.318 605.924
553.041 2164.444
970.845 174.774
2075.818 1002.050
707.051 1335.168
1992.444 540.535
2096.905 1464.373
2234.773 318.457
2217.227 1077.813
679.993 2365.481
639.190 1952.666
2427.083 1148.707
1140.345 2309.596
2138.654 1905.456
1312.385 2467.596
1689.480 2045.035
234.296 1783.109
2222.717 2332.904
2028.186 53.585
1720.031 1756.880
1466.010 2350.290
2376.581 955.747
2020.752 2225.369
2029.019 1415.093
2055.171 1940.117
2026.105 2395.783
580.811 2170.998
1693.203 229.790
1098.308 1998.099
73.368 2338.163
1774.990 55.245
28.112 622.170
1567.260 294.290
476.730 2074.897
1494.146 72.110
2353.239 219.066
168.210 1414.055
2232.464 2207.191
103.194 823.416
2378.710 684.724
662.496 1052.248
2154.863 696.854
1287.845 131.594
566.714 2025.589
855.341 2338.941
2498.040 692.369
415.753 312.375
805.740 482.898
1084.620 229.297
2369.147 1840.086
1694.506 2347.778
904.846 90.606
263.339 2183.613
71.630 66.471
2084.556 2177.289
518.920 43.105
1478.172 83.779
1.715 1840.226
1555.895 225.192
2033.825 2288.608
1990.901 292.861
910.250 126.942
2406.037 804.878
1527.133 2373.583
1889.848 618.642
1725.958 1926.126
812.165 2080.899
382.437 608.234
998.842 211.988
2397.528 2403.400
2430.324 1068.959
2407.765 1594.255
758.209 709.051
1712.776 292.688
2193.867 788.384
1629.109 1944.827
86.764 81.771
378.757 1722.493
227.102 2336.478
13.424 2232.596
687.392 2076.197
2084.576 1061.167
2394.389 240.309
774.041 2493.612
1137.575 1940.941
955.522 2363.739
2026.746 1802.660
668.984 1083.325
2430.847 1154.194
388.081 2059.321
703.680 822.210
169.200 536.929
1771.714 127.448
1234.459 2001.655
1341.765 2008.307
559.953 1799.561
719.508 661.205
54.469 1507.821
165.522 1056.796
1778.117 20.923
356.315 549.047
1426.115 2490.245
262.027 2237.322
2110.346 874.270
1677.927 2068.712
2325.811 410.623
1319.486 2374.899
807.771 1957.999
1455.809 296.575
2219.890 1129.503
2382.435 484.862
25.079 660.099
2326.025 2022.009
670.638 621.232
32.112 1707.971
2048.615 509.029
2296.983 1245.479
1735.735 258.418
1244.812 2081.396
2379.542 1377.979
2022.838 1539.431
2269.886 1534.576
961.884 2169.255
31.616 1781.163
1665.998 1822.834
2162.849 2277.669
1895.320 2428.723
2236.542 1094.056
103.998 859.499
602.617 124.219
247.767 882.962
439.315 1508.113
2345.707 1254.230
487.318 1185.199
1554.299 2304.856
1792.098 1853.869
552.809 1584.355
925.206 1902.268
1585.037 401.317
2212.794 2275.705
686.540 1976.221
2481.862 1754.685
903.699 2208.203
1180.674 1945.574
59.836 2232.918
2402.833 1398.129
2254.564 400.315
1674.256 2321.023
648.077 1305.423
579.579 976.744
1399.013 1841.845
1490.103 2462.170
499.345 790.971
104.710 2279.298
518.696 2034.307
2476.352 894.800
801.115 2188.989
96.798 1246.455
2317.789 187.304
674.700 2233.913
312.321 1746.186
683.610 766.825
99.513 95.506
194.688 1489.673
2297.999 1078.825
2046.749 2173.254
171.720 2305.070
640.541 484.564
2398.730 885.155
1111.507 327.960
1658.990 2242.410
517.932 568.418
749.833 2261.553
1366.783 2412.568
1686.087 478.016
1349.176 2114.811
771.133 1772.304
715.736 1775.959
1375.915 396.215
266.497 1768.936
234.284 1790.285
347.530 333.924
275.202 1003.108
1208.173 2233.694
867.426 64.294
480.991 1702.095
1631.940 2197.419
1983.995 1472.624
1110.460 1836.239
2077.184 2386.239
1912.526 2128.493
1271.888 1931.004
1383.529 2142.916
1980.934 121.046
2365.293 136.272
669.199 709.003
1060.726 2098.726
32.809 872.819
2088.233 3.766
1198.649 60.190
1674.435 1780.199
2359.574 596.034
431.280 845.204
1097.410 2162.037
1622.893 284.527
826.888 2070.282
942.357 17.223
303.532 880.869
768.664 1794.644
80.115 1234.406
2191.311 1076.863
365.170 371.058
285.321 1846.569
