500 5
137.500 112.500
177.037 131.146
190.750 139.735
180.882 132.014
192.394 131.795
175.481 141.265
175.280 136.290
178.221 133.308
175.501 142.572
175.487 132.009
180.333 132.654
175.814 130.608
191.172 133.581
182.479 125.040
176.521 139.300
178.393 130.753
187.516 140.518
187.491 125.666
177.522 126.520
184.441 126.927
176.026 140.082
178.328 138.309
181.385 140.732
180.820 140.259
176.052 134.082
182.597 140.579
182.419 138.663
183.015 135.266
190.390 126.395
179.313 130.498
184.502 137.675
187.131 141.261
175.649 128.886
175.179 139.320
179.117 142.437
185.104 129.313
183.135 126.703
191.438 138.217
190.352 132.473
188.947 133.388
184.037 141.953
181.219 135.164
177.705 140.328
178.186 127.061
180.016 128.427
182.697 132.286
190.390 138.526
191.731 127.356
184.758 142.733
175.325 135.736
190.528 137.495
191.690 141.409
191.585 142.195
184.579 132.489
188.753 137.781
185.382 142.610
163.171 177.973
148.063 184.786
161.903 179.014
153.056 186.899
154.788 179.266
164.632 189.678
163.428 192.695
164.251 192.294
161.322 185.521
160.429 191.501
153.712 187.733
154.568 187.850
155.759 185.974
159.237 183.379
156.280 176.315
148.181 175.953
150.951 179.252
164.250 191.245
164.931 179.419
165.330 182.870
164.678 181.972
160.648 184.755
154.131 191.717
158.000 188.417
152.360 177.065
156.315 183.846
151.145 191.065
163.678 180.444
163.562 184.647
156.790 180.911
153.240 191.244
156.990 187.568
151.344 183.859
150.496 185.762
160.610 186.778
164.828 186.035
159.780 181.216
163.644 180.758
155.890 175.124
160.144 189.473
159.381 175.206
149.699 180.435
148.014 188.083
150.879 176.709
160.531 180.227
149.861 191.136
160.162 178.932
157.565 180.638
159.363 181.004
154.066 189.507
150.649 179.826
161.885 177.972
151.722 178.931
159.191 191.814
90.495 179.864
102.811 178.265
93.383 179.862
96.570 173.261
106.890 178.869
90.293 187.688
95.886 185.930
102.617 186.121
100.846 175.251
94.496 179.577
95.330 186.655
107.505 185.292
94.354 184.097
105.738 180.883
97.246 185.431
91.292 189.434
107.210 187.372
91.509 188.262
93.957 176.749
99.319 178.445
98.836 175.012
106.566 189.068
104.595 183.840
106.430 188.279
102.038 188.327
93.026 190.018
105.101 176.152
104.149 173.526
96.566 186.937
98.615 186.978
94.914 189.982
93.323 185.784
94.501 189.085
105.078 183.786
97.524 188.612
102.613 189.494
102.494 182.693
99.818 180.147
91.075 188.421
102.329 187.298
105.528 173.292
91.413 181.335
102.475 175.066
96.701 181.907
107.758 179.604
102.130 172.857
95.469 178.442
95.093 177.685
106.928 180.401
104.126 184.353
97.542 177.640
98.421 187.643
98.762 176.978
102.694 172.752
98.739 183.890
100.681 184.879
96.706 177.484
96.611 176.854
97.675 189.150
99.218 178.420
103.308 182.280
106.889 183.722
96.541 186.217
101.421 185.032
59.918 132.275
66.567 135.246
68.172 133.682
69.697 132.338
61.136 128.109
55.239 127.010
52.827 128.765
66.362 122.981
54.953 127.980
57.360 123.052
58.373 125.804
53.128 126.761
66.910 130.782
64.668 139.070
53.537 134.815
65.324 127.835
55.720 131.253
67.927 137.724
53.201 126.426
57.691 122.919
66.045 126.440
64.598 135.859
67.791 133.900
63.548 133.863
60.291 131.539
62.594 129.108
63.793 122.891
61.582 133.549
61.681 136.005
59.576 137.637
65.166 130.400
61.770 134.125
57.772 122.901
64.192 126.057
69.606 127.715
69.725 136.796
65.611 126.053
69.637 124.584
68.959 125.900
65.936 126.332
53.970 131.615
63.536 121.904
62.350 129.828
69.115 126.703
60.003 128.223
59.903 132.108
61.075 126.945
52.555 135.484
67.023 121.645
54.428 127.111
64.490 135.230
56.296 131.410
67.998 137.568
64.996 124.360
60.554 132.611
52.770 122.316
66.268 127.977
55.335 132.305
54.727 136.096
59.598 134.533
63.122 135.775
55.179 124.122
66.644 124.272
66.609 138.900
55.078 134.853
58.031 135.007
69.743 127.295
52.418 133.744
65.503 125.682
56.199 121.464
60.119 129.653
63.188 135.929
67.373 129.340
54.406 126.418
65.920 127.611
60.085 128.250
68.052 130.525
57.243 130.151
62.492 126.205
98.477 69.068
105.914 81.520
100.767 65.664
108.693 74.435
108.452 68.695
99.228 69.080
94.604 75.586
93.841 74.421
104.907 81.674
92.699 80.695
97.438 70.846
107.011 68.628
102.518 67.271
102.594 67.822
107.230 67.662
96.562 70.256
95.631 81.112
101.667 64.691
107.374 76.562
106.397 68.621
99.702 75.499
96.510 65.438
99.670 73.711
106.465 74.009
92.389 81.362
103.693 69.977
98.736 69.339
101.107 67.988
97.533 81.407
108.829 79.311
101.334 68.581
96.815 67.099
98.295 70.499
100.784 71.157
94.143 70.369
97.037 72.550
104.541 81.940
99.604 68.164
102.226 68.203
109.507 72.102
98.346 73.216
93.298 74.580
105.037 82.294
108.319 71.815
109.493 74.391
93.462 65.959
108.548 76.138
94.404 81.828
94.517 80.645
101.459 81.367
93.073 80.770
108.401 68.622
95.026 77.838
103.829 68.523
101.559 75.379
93.415 66.429
99.408 70.436
107.503 66.719
103.584 76.522
102.507 69.766
99.189 65.899
102.090 79.514
108.328 81.649
94.944 68.243
92.871 68.189
98.814 72.587
93.633 69.346
100.101 66.722
96.850 82.091
108.459 70.298
104.558 81.948
108.837 70.852
107.541 77.347
102.672 70.539
101.198 75.320
107.007 79.023
102.956 80.294
159.549 63.894
159.985 69.386
161.215 71.598
150.470 63.834
151.378 68.717
156.282 73.886
159.158 76.689
161.675 76.150
161.304 68.789
162.874 64.391
166.113 70.777
165.410 74.347
167.070 62.966
165.655 75.584
156.212 72.331
161.718 65.648
165.888 73.096
159.200 61.367
156.821 73.196
166.590 70.626
159.526 60.672
160.396 68.319
162.471 69.217
163.994 60.922
155.732 70.145
166.785 69.571
164.201 71.293
163.414 69.860
157.295 71.274
156.744 74.488
161.387 61.350
156.796 67.237
157.065 76.478
162.490 72.347
161.560 68.672
159.803 72.474
159.805 67.307
163.027 71.963
156.524 73.977
163.710 74.978
161.219 69.114
152.341 64.500
160.443 64.215
151.648 72.284
160.631 75.739
156.409 71.453
162.900 76.371
158.965 70.422
160.673 64.052
155.035 67.988
157.340 75.213
154.034 78.056
164.710 76.864
150.782 60.656
164.198 62.684
167.680 76.335
166.859 62.280
166.149 68.748
156.274 70.560
157.655 70.423
150.987 69.556
155.168 67.645
152.022 74.553
150.074 61.184
151.155 61.033
157.726 61.839
151.204 67.115
151.212 75.801
161.160 62.739
155.561 74.531
127.214 100.077
126.455 100.746
109.427 171.878
155.433 79.332
111.686 165.557
121.592 115.091
146.832 143.866
161.531 123.931
145.372 118.713
153.644 166.806
105.244 74.502
145.587 139.744
145.770 132.397
113.131 162.593
151.167 115.795
141.527 107.456
145.502 152.808
111.217 86.220
100.906 74.145
129.684 124.580
157.452 117.759
109.062 168.099
124.605 116.465
129.184 129.549
174.991 130.558
163.187 122.541
124.710 134.528
138.659 119.766
123.138 114.327
156.436 176.209
111.997 158.805
151.981 86.065
149.854 86.528
96.707 119.081
116.494 86.597
140.601 128.416
119.059 91.061
174.652 125.830
111.221 159.107
141.208 118.189
93.706 123.629
145.337 114.878
112.341 157.102
138.787 124.215
171.059 123.864
136.002 109.360
141.714 113.157
128.136 103.253
107.628 79.637
146.492 112.860
153.175 77.410
128.398 98.361
142.698 121.833
165.534 122.520
154.785 169.923
135.519 120.201
98.145 118.313
126.312 101.756
139.929 116.550
124.262 131.980
97.671 33.485
156.708 226.268
244.946 53.591
8.964 228.443
236.767 90.320
13.815 128.738
227.737 148.910
11.850 194.987
175.782 195.131
111.574 44.137
150.671 193.791
96.934 40.779
30.835 232.150
63.575 211.860
212.906 160.963
114.227 38.826
167.061 238.423
240.652 118.229
120.173 246.983
230.143 16.556
189.528 20.138
87.602 236.846
78.213 2.923
211.845 91.972
40.418 105.414
197.697 32.459
164.447 241.665
12.334 182.109
202.358 86.148
206.908 136.269
4.585 138.700
122.651 234.624
96.560 8.034
19.136 157.486
100.224 49.195
226.299 243.712
172.935 228.805
247.403 97.579
52.374 79.895
58.635 15.056
