100 3
30.000 20.000
42.723 23.503
42.404 28.800
48.606 24.951
46.814 28.148
43.573 25.691
42.597 25.162
48.099 26.289
46.663 24.147
47.107 27.202
48.158 23.848
46.669 28.968
46.472 30.396
45.601 27.769
47.179 30.762
25.836 50.000
28.434 44.726
29.730 47.543
27.502 46.090
24.967 44.946
26.901 47.001
24.330 50.000
28.515 49.379
27.660 50.000
25.293 44.960
29.223 50.000
28.493 49.576
23.844 47.352
29.493 48.026
27.864 47.420
28.788 44.487
28.733 46.696
29.181 44.702
30.253 44.662
29.891 47.967
3.922 28.426
0.000 28.506
0.226 27.047
0.000 28.242
0.961 28.139
0.657 21.990
3.164 25.380
0.631 22.808
3.697 26.775
1.739 24.946
0.000 21.294
3.793 27.845
1.663 22.050
4.375 25.160
0.561 26.718
0.869 22.519
0.000 24.986
1.178 25.586
1.914 25.217
5.671 21.052
4.614 24.281
3.693 23.760
0.866 28.408
4.073 21.614
0.000 21.451
0.000 24.387
0.000 28.129
0.000 25.881
0.000 25.059
2.850 26.606
0.000 28.433
0.436 25.605
24.084 3.653
25.962 0.000
21.236 0.000
23.835 0.000
24.719 0.000
25.071 2.494
21.031 4.158
22.849 0.000
23.640 0.000
26.533 0.000
27.550 0.000
23.344 0.000
22.331 4.126
27.089 20.765
27.451 38.924
26.314 46.097
27.158 38.964
28.121 32.258
25.550 3.676
6.388 23.803
29.694 28.704
31.041 20.855
29.106 17.552
26.065 4.751
40.728 25.301
18.152 34.361
8.656 22.226
20.349 46.966
19.413 37.674
42.139 29.770
25.250 0.513
49.507 44.118
7.453 23.763
