50 2
17.500 7.500
25.000 12.562
24.828 16.988
24.715 14.633
22.756 14.500
23.352 11.853
25.000 18.417
23.460 15.351
25.000 14.884
23.904 16.014
12.645 21.239
13.244 25.000
16.729 25.000
17.823 22.357
16.332 25.000
13.028 25.000
15.793 25.000
11.380 25.000
14.512 25.000
12.248 22.753
13.216 25.000
18.188 24.041
2.763 15.714
0.000 11.114
0.000 10.145
1.315 10.808
0.000 14.042
0.000 16.126
15.561 3.232
11.259 0.000
12.372 1.537
12.929 0.000
15.704 0.000
17.067 2.703
9.732 3.612
12.090 1.981
11.904 3.651
13.109 3.069
15.182 0.000
13.395 0.000
17.229 6.563
14.445 1.810
13.125 8.742
22.600 12.229
17.083 12.024
17.033 9.440
5.714 2.303
18.672 0.425
6.551 9.473
1.232 11.726
