50 3
17.500 7.500
22.059 13.435
24.363 8.814
25.000 7.877
22.316 8.414
21.721 12.896
25.000 9.760
23.161 14.319
25.000 14.182
21.932 7.884
24.031 14.807
22.702 8.900
15.018 25.000
15.082 25.000
14.981 23.027
15.875 21.360
10.058 21.566
11.034 24.392
16.103 23.359
11.823 25.000
14.769 23.211
10.282 23.617
1.081 16.360
0.000 16.861
0.000 11.919
2.531 13.043
0.000 13.394
1.272 11.886
0.998 12.692
0.000 14.722
15.288 0.319
8.585 0.000
15.071 0.000
13.833 0.000
15.997 3.211
11.607 0.836
10.728 1.178
12.589 1.972
15.418 3.549
11.282 0.000
13.812 18.751
20.193 8.925
16.226 5.771
15.633 4.733
7.878 10.423
9.442 9.703
4.623 13.416
18.870 16.205
24.264 15.477
8.093 4.395
