200 3
55.000 45.000
73.121 54.684
72.667 54.632
77.590 52.651
75.851 51.492
77.588 53.446
74.880 52.894
76.331 48.429
74.638 52.929
73.169 53.692
76.014 49.605
71.948 52.238
73.629 51.022
74.473 55.853
76.136 51.102
70.319 55.195
75.801 52.111
72.487 49.617
77.358 52.847
76.576 54.642
72.015 50.476
75.603 52.058
76.068 49.786
77.169 54.990
74.291 56.147
73.005 50.743
72.109 53.956
75.195 48.898
70.159 55.384
74.081 49.643
75.219 53.101
70.939 50.897
72.201 55.090
73.148 53.287
72.965 49.190
73.243 51.575
74.247 52.746
71.327 50.776
70.875 55.307
74.976 52.010
45.589 77.774
48.844 74.391
52.316 76.389
49.078 77.372
49.668 70.958
51.085 76.744
46.863 75.583
51.207 73.140
52.215 75.427
48.631 74.062
48.658 78.824
50.858 75.651
50.542 74.642
51.161 75.358
51.293 72.674
47.186 72.096
47.850 77.211
45.576 78.430
45.864 72.793
47.461 78.302
52.307 71.771
51.942 77.608
50.636 72.884
50.378 71.543
45.527 71.334
47.051 72.146
47.703 74.737
31.701 47.617
30.266 50.293
31.282 44.998
30.145 46.481
29.704 44.527
28.124 46.808
30.928 50.133
26.134 50.421
31.629 47.821
32.797 47.810
29.592 46.560
33.674 48.193
25.870 51.100
31.917 44.905
30.045 49.371
30.481 46.479
30.510 47.698
30.851 49.018
28.431 43.826
26.123 44.484
32.305 44.496
30.140 48.560
26.139 46.210
25.885 44.011
30.244 43.459
31.583 48.976
28.545 48.809
25.903 48.799
27.591 50.105
29.029 46.038
31.573 44.875
27.489 44.651
27.187 50.031
30.322 44.595
27.511 51.143
32.171 46.152
31.328 50.287
28.836 46.656
29.711 44.279
26.231 44.737
32.574 48.709
25.960 47.989
27.281 47.523
31.537 48.010
30.315 49.890
33.202 47.517
27.928 49.426
25.831 51.010
30.951 49.767
27.447 45.118
25.699 48.777
30.054 45.275
30.349 49.491
28.897 50.849
26.656 47.167
30.640 47.145
44.414 28.721
46.667 28.397
44.841 25.300
43.768 24.376
46.248 26.129
45.872 22.756
49.234 30.464
46.706 30.095
49.760 26.702
47.098 30.057
49.142 29.037
47.550 24.685
49.844 22.835
44.331 27.052
49.913 25.570
43.239 25.253
47.416 23.298
50.417 29.944
48.373 26.828
45.030 23.963
46.346 28.761
45.386 28.303
45.622 24.870
47.998 27.124
50.188 29.036
46.402 22.812
47.999 22.846
46.935 27.496
49.898 27.635
45.751 29.301
44.403 22.689
49.410 24.454
47.317 29.785
46.464 28.671
46.679 22.770
44.046 27.254
46.421 25.062
50.849 38.378
63.572 46.893
53.247 48.625
51.543 53.947
51.031 64.072
48.875 33.727
62.911 47.036
50.399 45.078
50.954 60.614
50.259 33.703
48.422 28.840
53.184 48.354
54.210 44.958
51.310 36.637
46.830 46.568
61.183 47.417
46.810 46.231
31.769 47.750
30.816 46.464
55.428 50.930
50.548 62.473
52.654 53.835
54.448 56.003
52.842 57.902
4.986 44.725
70.278 72.694
0.059 68.413
23.294 60.126
22.436 37.814
95.897 60.103
51.107 81.588
25.293 36.176
96.542 1.812
18.126 45.764
87.101 95.905
46.004 92.573
30.726 23.429
23.889 3.018
40.949 97.518
77.973 83.369
