5000 3
1375.000 1125.000
1734.504 1227.211
1797.079 1193.587
1676.477 1191.328
1797.928 1321.997
1694.653 1236.090
1697.703 1199.833
1803.661 1333.259
1775.900 1215.586
1764.943 1250.999
1746.101 1273.330
1719.498 1189.562
1801.621 1197.997
1709.156 1227.989
1829.084 1196.218
1768.427 1310.878
1746.247 1275.173
1693.444 1203.839
1800.037 1346.793
1830.675 1219.686
1754.752 1332.898
1783.476 1238.288
1824.746 1196.523
1728.617 1178.170
1775.773 1294.865
1747.588 1268.854
1803.709 1283.827
1676.778 1303.160
1714.257 1223.119
1699.993 1259.390
1663.747 1284.292
1678.299 1282.092
1709.957 1344.966
1727.883 1282.500
1719.508 1228.257
1789.222 1292.904
1730.291 1225.329
1797.084 1295.327
1718.567 1206.879
1665.676 1218.322
1806.420 1193.889
1691.132 1234.453
1754.637 1203.612
1807.574 1214.629
1750.772 1297.736
1790.550 1327.939
1691.574 1259.489
1784.709 1187.734
1701.370 1274.883
1774.557 1229.841
1688.699 1255.479
1682.510 1340.130
1815.075 1355.248
1806.826 1193.011
1758.905 1214.664
1681.612 1178.320
1807.640 1212.269
1782.011 1236.897
1773.075 1327.811
1743.363 1300.395
1741.542 1228.300
1750.655 1186.278
1659.818 1222.291
1799.929 1279.492
1773.728 1284.704
1769.718 1342.411
1660.823 1315.521
1834.228 1306.023
1747.117 1281.957
1734.676 1241.433
1770.982 1343.121
1775.513 1275.284
1770.362 1233.248
1677.833 1332.512
1718.087 1207.979
1821.085 1207.038
1730.239 1311.843
1691.903 1203.360
1807.582 1351.083
1819.321 1350.780
1683.523 1192.318
1798.515 1314.111
1774.501 1254.537
1686.879 1264.967
1747.839 1295.283
1743.104 1334.715
1670.155 1234.584
1727.218 1293.197
1754.308 1189.722
1734.599 1338.681
1703.431 1253.818
1804.500 1205.177
1806.059 1347.721
1803.835 1283.480
1793.744 1285.347
1755.322 1289.068
1706.621 1271.141
1715.968 1330.315
1700.977 1219.592
1675.872 1224.562
1814.072 1276.514
1688.423 1186.496
1754.401 1207.527
1758.456 1200.653
1684.570 1282.543
1835.585 1335.414
1768.194 1322.007
1666.203 1282.616
1715.866 1303.009
1687.752 1267.499
1753.918 1202.674
1762.202 1292.188
1695.157 1250.297
1737.963 1281.534
1797.078 1227.712
1688.634 1213.472
1726.963 1219.568
1821.267 1262.725
1701.448 1206.990
1731.678 1245.032
1714.870 1263.035
1711.713 1331.812
1832.263 1184.018
1699.690 1320.361
1760.318 1212.206
1720.224 1276.171
1816.362 1338.759
1817.567 1293.260
1690.035 1194.030
1730.326 1245.695
1783.935 1192.678
1695.932 1285.223
1674.002 1343.026
1731.641 1194.590
1737.814 1225.660
1748.072 1185.387
1756.624 1220.090
1720.309 1285.859
1667.875 1184.448
1727.358 1325.455
1793.095 1244.674
1806.337 1354.101
1697.466 1191.890
1703.833 1280.165
1689.003 1299.004
1702.013 1261.981
1837.406 1233.434
1777.574 1306.535
1680.294 1312.617
1781.111 1299.542
1829.063 1352.810
1737.979 1240.823
1741.728 1333.334
1734.369 1304.705
1716.778 1184.779
1659.320 1261.475
1740.998 1274.036
1666.804 1280.977
1743.658 1220.824
1703.641 1256.545
1683.424 1346.736
1693.203 1228.469
1713.532 1227.686
1776.855 1224.510
1738.653 1200.883
1705.647 1300.548
1813.417 1337.600
1668.890 1341.651
1669.324 1332.656
1692.041 1312.284
1759.115 1199.201
1664.072 1214.738
1748.236 1225.826
1832.177 1232.569
1832.287 1232.904
1736.512 1197.346
1797.699 1201.803
1689.628 1332.702
1682.150 1351.527
1773.860 1238.513
1715.016 1195.851
1829.364 1178.771
1817.498 1215.857
1673.972 1212.179
1724.624 1326.818
1831.107 1300.285
1714.897 1238.979
1797.316 1230.543
1797.821 1191.377
1789.535 1297.962
1837.440 1349.296
1708.711 1213.863
1691.310 1297.474
1783.009 1212.773
1682.932 1355.331
1810.166 1216.977
1778.447 1250.652
1722.501 1235.455
1736.098 1257.917
1742.035 1216.411
1815.266 1291.018
1698.181 1221.003
1788.180 1236.108
1731.646 1343.809
1671.146 1289.320
1737.752 1322.948
1758.420 1199.684
1804.584 1277.943
1806.384 1300.431
1665.436 1339.867
1711.099 1246.452
1739.591 1216.120
1666.305 1279.671
1679.792 1251.689
1816.263 1331.302
1829.674 1189.776
1711.551 1346.908
1824.100 1248.286
1731.871 1340.507
1798.398 1227.536
1757.359 1301.321
1833.957 1312.420
1679.659 1238.117
1748.687 1337.694
1812.339 1344.290
1670.093 1193.197
1773.992 1222.768
1707.713 1278.596
1674.686 1197.391
1731.293 1283.710
1711.440 1333.082
1833.599 1184.102
1823.539 1227.995
1732.685 1232.788
1760.111 1309.278
1789.271 1299.212
1692.622 1319.989
1761.209 1335.761
1757.029 1319.853
1720.410 1236.824
1781.574 1231.365
1821.733 1240.211
1803.898 1206.197
1770.848 1308.527
1670.618 1241.144
1705.317 1246.222
1816.529 1248.096
1821.894 1181.897
1708.466 1197.760
1775.510 1333.624
1680.710 1264.540
1820.051 1218.369
1662.060 1308.185
1758.452 1262.545
1734.913 1217.771
1796.374 1355.147
1755.725 1186.124
1809.596 1346.259
1719.152 1239.206
1669.871 1334.594
1719.694 1227.363
1706.327 1352.783
1780.508 1333.483
1783.856 1305.549
1774.186 1194.768
1677.234 1231.533
1721.406 1295.339
1686.944 1259.462
1759.447 1268.921
1786.255 1209.607
1817.636 1333.714
1806.814 1265.488
1713.631 1258.682
1707.746 1190.082
1751.995 1232.337
1678.940 1300.750
1790.983 1274.341
1716.170 1334.673
1749.661 1326.070
1742.736 1316.461
1750.089 1214.788
1744.655 1179.023
1713.380 1272.809
1661.673 1292.503
1831.442 1263.744
1797.050 1280.861
1823.747 1249.956
1802.147 1306.224
1726.165 1264.561
1816.934 1260.544
1835.833 1310.884
1819.812 1244.604
1669.173 1283.541
1788.164 1331.487
1810.968 1241.673
1779.222 1260.480
1830.161 1206.435
1681.080 1205.757
1744.731 1269.949
1802.015 1252.276
1786.059 1245.505
1682.765 1324.855
1797.768 1352.337
1783.159 1298.939
1764.329 1194.090
1825.270 1246.342
1679.926 1198.710
1682.216 1303.838
1730.413 1229.435
1818.932 1250.657
1766.940 1345.968
1682.806 1196.547
1679.533 1341.105
1670.462 1243.500
1738.239 1244.718
1730.992 1218.962
1796.290 1238.550
1669.097 1343.153
1704.448 1317.716
1760.450 1282.176
1691.853 1338.006
1673.294 1214.696
1667.749 1217.918
1698.086 1311.473
1676.152 1287.509
1691.483 1245.753
1750.242 1247.879
1737.357 1308.550
1685.085 1327.346
1670.761 1299.316
1810.598 1189.085
1750.026 1237.763
1824.501 1327.086
1760.505 1193.704
1801.741 1267.572
1763.320 1197.135
1827.137 1231.945
1709.370 1275.400
1662.954 1242.666
1720.236 1178.857
1678.093 1291.053
1701.578 1250.235
1792.138 1205.447
1821.836 1289.056
1689.248 1315.937
1771.980 1177.582
1735.557 1302.545
1695.098 1227.955
1665.381 1181.410
1760.001 1253.932
1813.681 1234.116
1779.996 1288.584
1811.513 1193.789
1708.547 1336.078
1770.335 1268.264
1740.866 1350.332
1735.893 1346.513
1833.467 1306.176
1739.478 1236.862
1819.201 1329.336
1824.196 1308.422
1830.137 1278.817
1682.451 1243.396
1819.424 1245.406
1831.895 1209.754
1726.104 1304.905
1710.242 1285.837
1664.180 1351.372
1672.928 1295.896
1830.000 1328.360
1807.020 1210.274
1776.488 1256.057
1701.770 1201.544
1721.845 1224.180
1714.505 1283.492
1777.183 1181.415
1782.767 1206.337
1815.909 1189.840
1819.314 1226.818
1831.961 1321.580
1819.833 1224.758
1702.658 1334.109
1745.401 1205.685
1672.794 1217.273
1742.852 1233.239
1719.159 1350.216
1702.014 1183.952
1781.823 1276.000
1673.015 1302.748
1699.800 1228.276
1809.684 1216.046
1766.397 1232.654
1687.324 1176.908
1831.588 1331.570
1827.187 1300.918
1715.500 1256.394
1694.174 1225.627
1828.298 1276.345
1721.320 1349.661
1690.121 1268.114
1828.197 1208.430
1756.211 1233.846
1715.350 1179.811
1727.652 1306.934
1801.093 1343.233
1814.822 1230.704
1696.747 1220.599
1673.031 1326.029
1718.721 1288.141
1725.667 1246.165
1689.701 1265.978
1787.231 1253.532
1683.246 1247.529
1765.270 1278.533
1825.591 1243.128
1686.192 1295.328
1786.735 1309.221
1819.836 1316.387
1776.279 1275.574
1672.408 1276.810
1709.912 1207.012
1820.532 1235.114
1824.330 1246.193
1695.437 1281.876
1740.294 1266.575
1766.703 1178.602
1682.013 1278.490
1726.125 1277.633
1724.838 1186.563
1750.827 1275.279
1726.104 1334.094
1796.247 1177.202
1700.341 1315.276
1736.535 1324.764
1802.361 1259.670
1807.564 1224.890
1727.129 1211.824
1803.871 1202.825
1799.594 1316.345
1794.008 1197.855
1666.876 1330.420
1746.786 1291.819
1724.113 1225.306
1748.357 1203.805
1815.985 1338.430
1683.293 1236.425
1757.586 1205.601
1697.886 1239.499
1751.394 1309.998
1727.373 1317.606
1832.617 1220.518
1689.914 1194.488
1825.949 1299.109
1722.645 1300.187
1744.327 1329.326
1819.685 1291.312
1821.111 1340.744
1748.976 1216.683
1815.852 1319.978
1829.315 1346.676
1783.588 1211.382
1762.710 1298.383
1812.102 1269.600
1719.276 1178.558
1792.102 1196.646
1730.374 1277.577
1693.765 1287.522
1772.549 1267.356
1709.360 1248.493
1776.306 1310.381
1715.055 1341.757
1806.147 1215.670
1800.878 1260.576
1818.010 1214.536
1701.943 1246.081
1672.300 1178.438
1764.973 1227.227
1709.867 1176.966
1735.084 1238.037
1729.732 1218.398
1695.325 1195.145
1774.588 1210.221
1779.737 1298.215
1721.379 1280.610
1689.980 1310.974
1736.900 1302.455
1680.302 1187.957
1804.162 1195.610
1748.732 1192.469
1705.782 1319.435
1789.194 1307.630
1803.409 1302.730
1668.242 1229.696
1779.478 1278.787
1690.984 1310.386
1807.224 1228.357
1731.362 1292.005
1753.671 1332.410
1806.424 1289.338
1731.754 1295.439
1791.045 1304.368
1731.142 1318.060
1712.702 1236.735
1781.108 1273.992
1766.563 1302.673
1668.129 1333.229
1791.546 1292.316
1817.444 1288.741
1822.555 1198.973
1719.557 1225.532
1714.642 1315.385
1778.692 1239.193
1813.577 1266.218
1668.563 1292.553
1803.094 1293.772
1788.958 1222.930
1718.996 1208.094
1756.021 1317.715
1699.956 1295.586
1685.302 1326.101
1666.678 1267.200
1712.966 1337.224
1793.754 1347.723
1764.234 1292.878
1694.614 1328.857
1810.001 1193.412
1747.822 1227.254
1810.306 1288.874
1732.161 1290.062
1819.376 1355.092
1770.789 1229.521
1712.200 1327.979
1762.536 1283.455
1837.335 1250.638
1777.635 1247.108
1701.237 1281.109
1774.777 1253.817
1668.383 1277.524
1724.362 1336.798
1826.769 1261.409
1782.330 1334.501
1741.189 1192.312
1736.433 1192.102
1713.739 1203.767
1789.144 1339.626
1782.191 1335.119
1684.804 1346.417
1798.136 1228.383
1673.901 1220.054
1689.507 1216.977
1673.277 1288.825
1691.097 1290.714
1805.088 1275.086
1696.112 1226.738
1709.137 1268.263
1779.443 1286.964
1777.538 1286.747
1813.545 1267.774
1772.288 1193.948
1821.863 1309.059
1761.920 1318.207
1706.510 1222.907
1669.283 1226.999
1729.265 1353.839
1738.357 1321.222
1693.537 1243.257
1756.405 1294.949
1732.331 1217.345
1689.822 1333.558
1762.048 1329.392
1751.482 1284.140
1717.366 1260.712
1763.017 1311.657
1825.432 1294.704
1781.948 1231.696
1670.579 1212.596
1729.208 1298.313
1749.783 1226.132
1700.930 1220.348
1780.262 1239.890
1709.602 1297.268
1757.542 1347.038
1678.077 1284.578
1700.827 1244.527
1716.332 1317.259
1827.316 1238.155
1737.521 1235.545
1661.986 1234.591
1661.084 1205.968
1758.001 1203.086
1806.189 1308.411
1787.420 1271.157
1750.234 1234.205
1764.833 1274.185
1726.052 1341.197
1835.298 1230.861
1718.328 1261.984
1740.405 1243.235
1806.311 1194.241
1678.004 1314.607
1766.727 1236.039
1837.270 1300.005
1815.841 1290.581
1758.402 1206.986
1711.204 1219.151
1757.710 1272.970
1673.301 1258.499
1831.966 1255.322
1679.624 1329.022
1681.072 1326.270
1712.822 1247.689
1773.884 1232.116
1764.791 1191.476
1756.691 1309.890
1811.954 1346.101
1673.177 1227.528
1813.513 1335.024
1835.148 1349.938
1692.827 1179.045
1695.941 1281.945
1822.661 1338.218
1690.156 1217.923
1696.272 1203.678
1702.890 1306.408
1773.336 1177.964
1671.743 1228.975
1829.329 1309.322
1776.828 1290.552
1705.646 1338.586
1828.625 1304.276
1717.053 1340.855
1785.703 1285.920
1768.122 1344.774
1807.966 1260.813
1737.602 1236.374
1750.425 1187.964
1687.499 1355.230
1759.193 1350.179
1790.343 1308.995
1815.308 1204.864
1760.699 1273.789
1720.818 1237.666
1743.300 1316.886
1774.117 1309.982
1803.853 1279.830
1815.528 1346.743
1685.104 1232.949
1826.682 1245.767
1791.906 1255.969
1726.549 1252.099
1821.205 1232.350
1823.841 1222.845
1771.159 1342.124
1735.741 1301.148
1791.530 1195.166
1715.692 1193.178
1694.794 1213.931
1728.587 1193.739
1682.278 1316.277
1754.168 1345.323
1719.477 1217.345
1808.522 1292.687
1821.827 1315.612
1833.307 1179.657
1727.788 1239.757
1820.151 1321.331
1716.069 1252.972
1785.119 1189.936
1783.555 1210.916
1698.955 1237.982
1810.064 1198.717
1746.437 1350.396
1659.650 1351.675
1710.628 1322.547
1807.480 1325.323
1709.260 1220.597
1713.069 1337.650
1790.002 1177.616
1660.150 1233.641
1832.374 1333.530
1761.181 1247.838
1800.695 1203.268
1821.964 1327.717
1785.083 1280.100
1679.589 1194.921
1787.085 1247.990
1665.710 1189.884
1835.887 1198.205
1759.051 1236.619
1755.037 1328.039
1756.607 1332.504
1716.553 1213.166
1804.644 1196.582
1749.445 1243.235
1781.456 1224.073
1786.771 1349.103
1717.642 1245.689
1836.699 1236.655
1825.521 1323.273
1713.648 1208.666
1777.271 1251.747
1694.061 1236.332
1744.997 1216.909
1811.620 1276.575
1761.460 1315.550
1687.659 1330.667
1806.723 1307.031
1803.361 1243.617
1793.048 1212.482
1739.457 1193.174
1766.272 1193.027
1826.995 1276.984
1724.428 1232.700
1828.089 1338.835
1835.111 1278.467
1816.381 1268.767
1801.781 1331.139
1790.851 1318.357
1754.219 1263.192
1742.321 1186.573
1782.145 1341.716
1782.434 1339.589
1751.460 1235.283
1756.505 1298.937
1817.897 1327.713
1731.543 1217.357
1746.872 1336.821
1715.590 1286.643
1756.252 1198.026
1722.445 1241.372
1812.396 1339.334
1703.170 1204.193
1763.982 1345.888
1805.584 1293.003
1668.767 1240.641
1805.796 1201.775
1772.472 1298.294
1659.343 1227.265
1766.226 1251.791
1730.448 1246.924
1744.106 1179.338
1745.924 1238.210
1693.632 1184.817
1774.027 1322.541
1747.781 1257.901
1767.833 1237.813
1674.211 1234.258
1785.599 1348.622
1788.960 1337.398
1828.088 1253.298
1678.570 1288.631
1808.151 1314.451
1767.437 1247.692
1686.975 1338.848
1791.130 1345.269
1675.271 1271.425
1697.239 1353.929
1825.103 1334.497
1796.096 1183.344
1833.251 1185.537
1812.207 1284.279
1702.616 1279.419
1735.233 1285.639
1688.181 1289.159
1690.217 1331.799
1836.517 1228.850
1690.099 1318.423
1827.459 1242.693
1784.194 1300.319
1675.849 1251.313
1789.175 1198.823
1808.006 1297.515
1835.193 1314.300
1758.734 1338.979
1774.168 1214.268
1801.100 1208.953
1782.649 1239.220
1678.273 1190.636
1700.101 1265.767
1837.320 1355.323
1742.303 1223.025
1709.052 1278.180
1685.902 1242.903
1755.395 1325.870
1755.125 1254.129
1705.320 1298.253
1711.336 1297.549
1760.040 1315.513
1708.235 1215.367
1760.475 1243.861
1672.349 1248.336
1696.008 1333.622
1708.816 1303.603
1690.744 1220.596
1807.260 1347.326
1715.474 1181.522
1815.042 1204.764
1754.017 1321.677
1785.564 1237.604
1783.676 1216.992
1758.223 1234.956
1667.140 1211.194
1822.898 1277.044
1708.843 1309.483
1774.414 1326.497
1780.412 1194.408
1780.756 1245.853
1695.814 1271.410
1833.922 1324.974
1748.712 1200.366
1718.504 1257.091
1733.987 1229.328
1697.058 1311.957
1812.915 1288.685
1659.271 1303.008
1829.722 1265.866
1721.638 1286.847
1782.602 1241.442
1734.591 1224.713
1803.276 1191.722
1710.736 1221.285
1700.384 1218.202
1706.521 1260.022
1706.798 1303.562
1793.542 1333.897
1744.641 1310.209
1750.589 1273.815
1777.756 1183.153
1669.375 1230.100
1836.126 1310.060
1769.979 1324.584
1670.731 1352.293
1725.380 1299.223
1712.492 1340.519
1808.589 1271.903
1730.516 1275.594
1834.998 1306.558
1833.080 1177.622
1784.943 1244.506
1797.702 1180.842
1714.366 1189.759
1761.513 1239.777
1719.652 1233.888
1672.050 1250.211
1699.389 1271.418
1726.831 1277.530
1700.150 1186.213
1760.143 1253.880
1795.483 1198.677
1666.436 1197.955
1678.086 1335.932
1738.939 1352.300
1832.767 1320.525
1740.763 1306.006
1716.093 1318.361
1709.787 1178.612
1707.259 1311.565
1766.677 1303.956
1732.990 1273.545
1833.177 1344.032
1760.833 1191.021
1701.021 1347.138
1675.492 1213.704
1741.877 1210.086
1823.025 1268.789
1672.076 1245.334
1682.562 1239.603
1713.309 1241.810
1186.501 1881.106
1175.998 1867.490
1153.245 1822.933
1139.706 1894.091
1105.100 1862.588
1182.622 1903.042
1193.694 1852.963
1161.313 1868.686
1119.536 1944.432
1199.876 1977.558
1248.430 1925.437
1187.700 1838.191
1166.105 1881.232
1175.972 1963.248
1179.488 1881.275
1244.168 1980.932
1192.327 1891.638
1159.790 1824.509
1177.218 1850.548
1224.834 1973.147
1122.522 1886.007
1217.321 1899.205
1121.864 1822.850
1226.656 1873.897
1271.508 1827.588
1209.944 1847.862
1130.356 1874.233
1115.619 1893.433
1148.277 1964.227
1103.574 1883.302
1223.673 1810.195
1245.995 1972.127
1217.875 1916.562
1155.681 1837.561
1226.356 1863.791
1247.289 1870.080
1147.179 1973.237
1101.129 1888.024
1192.172 1906.192
1249.628 1812.712
1145.575 1847.410
1217.985 1959.356
1181.614 1825.670
1161.509 1843.228
1108.221 1923.219
1148.929 1941.166
1102.491 1905.596
1132.494 1974.742
1265.416 1834.702
1173.602 1983.664
1127.203 1898.406
1201.116 1943.639
1174.677 1979.921
1205.408 1831.819
1208.892 1823.897
1137.737 1810.309
1126.258 1949.699
1143.627 1886.553
1158.397 1841.167
1202.865 1866.072
1138.098 1849.256
1149.411 1909.249
1153.344 1833.242
1200.774 1826.796
1152.861 1886.222
1138.925 1952.756
1101.607 1869.563
1229.429 1833.282
1221.108 1879.178
1105.352 1909.546
1179.373 1814.583
1124.674 1842.066
1272.268 1975.832
1161.018 1881.359
1261.789 1976.184
1154.364 1809.503
1232.440 1893.416
1227.758 1836.173
1135.148 1979.963
1172.179 1889.447
1265.356 1908.059
1115.775 1909.630
1165.972 1837.262
1158.923 1857.980
1189.100 1953.727
1134.057 1983.648
1206.771 1941.697
1264.820 1859.057
1104.735 1824.453
1175.085 1827.676
1208.022 1910.022
1162.478 1929.686
1229.188 1872.345
1104.381 1973.619
1238.612 1913.911
1213.569 1808.613
1149.303 1826.758
1107.400 1939.322
1197.772 1817.653
1245.794 1807.215
1165.404 1927.504
1172.410 1846.451
1204.211 1884.796
1111.600 1951.874
1275.037 1903.189
1148.404 1938.093
1202.490 1960.242
1213.566 1946.451
1259.283 1953.724
1183.694 1811.640
1218.731 1854.120
1206.140 1955.844
1109.659 1855.218
1202.485 1974.634
1135.542 1955.518
1112.098 1894.450
1243.657 1865.206
1235.368 1882.652
1173.534 1851.464
1162.138 1849.609
1149.873 1915.168
1265.059 1917.607
1239.098 1846.149
1134.367 1853.877
1213.406 1866.628
1105.378 1948.761
1137.233 1942.969
1110.416 1869.718
1225.008 1827.708
1207.579 1975.119
1102.882 1967.312
1141.259 1917.147
1125.984 1841.333
1152.607 1903.807
1200.387 1978.767
1193.223 1968.450
1269.218 1955.649
1169.807 1809.890
1197.023 1980.377
1132.742 1939.690
1226.642 1929.246
1143.568 1850.320
1173.576 1825.182
1269.863 1850.877
1140.720 1873.847
1106.092 1960.282
1200.175 1902.220
1251.298 1891.823
1169.371 1823.769
1214.318 1960.941
1270.030 1974.978
1102.833 1891.810
1182.087 1934.434
1142.309 1973.204
1198.586 1811.357
1141.970 1973.486
1165.378 1847.010
1166.028 1967.692
1154.375 1808.113
1115.486 1841.343
1250.310 1957.396
1231.627 1904.651
1188.238 1966.938
1143.571 1867.433
1251.905 1882.317
1132.977 1916.758
1272.599 1821.288
1146.813 1871.459
1256.000 1921.493
1214.019 1911.377
1256.841 1967.257
1253.810 1977.402
1278.358 1906.210
1265.155 1815.365
1214.041 1938.613
1175.565 1845.853
1173.190 1832.938
1156.449 1962.756
1155.886 1810.447
1138.540 1960.181
1186.247 1809.112
1129.596 1831.482
1116.429 1925.029
1121.321 1839.068
1201.747 1828.472
1201.760 1975.164
1189.871 1851.216
1230.004 1836.101
1184.736 1851.540
1220.099 1975.897
1233.253 1950.786
1148.845 1974.756
1128.557 1828.194
1143.570 1850.316
1112.036 1972.332
1135.356 1930.778
1224.402 1806.940
1211.525 1842.724
1140.543 1805.943
1157.506 1844.742
1214.232 1829.627
1162.343 1834.797
1128.079 1970.716
1268.623 1981.268
1124.924 1868.848
1116.204 1812.562
1245.199 1855.321
1193.551 1950.897
1196.985 1846.464
1172.399 1817.919
1182.039 1933.779
1216.856 1856.794
1220.233 1932.965
1114.299 1830.551
1248.389 1870.214
1140.061 1964.037
1255.185 1814.946
1189.168 1918.567
1125.476 1893.515
1133.826 1933.419
1135.429 1959.491
1192.187 1945.212
1187.055 1847.657
1168.364 1858.261
1277.852 1943.606
1236.461 1914.425
1164.572 1905.924
1100.329 1937.124
1159.676 1963.800
1170.060 1974.800
1234.239 1898.628
1100.983 1900.659
1132.863 1943.042
1164.544 1838.914
1181.369 1862.274
1177.648 1967.035
1169.276 1853.344
1193.874 1877.730
1206.649 1837.676
1251.605 1843.282
1124.977 1808.042
1140.366 1893.013
1143.131 1842.556
1170.307 1892.816
1263.646 1886.159
1184.575 1977.733
1102.889 1898.649
1230.800 1920.620
1234.229 1827.463
1234.021 1965.686
1112.194 1920.646
1145.778 1877.503
1265.840 1973.406
1236.164 1843.226
1183.494 1826.054
1102.532 1945.062
1210.024 1912.799
1206.341 1970.785
1241.540 1953.465
1164.541 1806.630
1264.895 1864.920
1268.550 1960.258
1228.165 1889.855
1121.245 1924.809
1123.260 1886.554
1228.678 1811.662
1113.388 1871.340
1196.935 1920.224
1239.957 1851.995
1188.976 1836.077
1193.825 1846.640
1246.611 1889.597
1214.364 1981.729
1147.282 1950.669
1194.422 1972.146
1207.707 1883.226
1153.801 1983.347
1185.707 1842.479
1258.873 1981.750
1173.098 1972.638
1165.896 1902.379
1208.571 1896.300
1207.463 1910.005
1174.775 1833.550
1273.444 1841.341
1119.501 1853.673
1262.038 1863.317
1109.086 1941.415
1116.328 1978.453
1264.712 1930.301
1128.488 1924.723
1114.404 1845.756
1110.149 1921.810
1168.415 1809.932
1152.252 1857.683
1211.992 1928.624
1211.658 1820.179
1111.095 1827.936
1194.674 1844.673
1169.094 1946.557
1207.106 1822.024
1125.720 1910.219
1228.753 1835.006
1104.294 1824.978
1111.788 1892.449
1198.027 1825.921
1112.798 1965.279
1245.157 1858.575
1110.292 1805.853
1156.826 1974.211
1124.501 1943.397
1210.481 1960.193
1268.205 1811.855
1275.987 1882.736
1204.294 1830.217
1102.949 1891.954
1247.766 1866.918
1121.337 1894.722
1130.918 1824.303
1206.105 1953.276
1239.806 1828.404
1182.973 1923.438
1129.318 1917.493
1106.054 1956.676
1155.625 1926.919
1118.103 1847.369
1224.573 1892.067
1123.619 1814.747
1219.866 1897.217
1216.422 1876.036
1233.562 1822.222
1136.357 1927.336
1128.795 1805.837
1196.489 1810.023
1176.950 1949.847
1176.774 1820.998
1146.084 1969.179
1211.388 1834.634
1119.639 1968.044
1266.828 1831.798
1125.464 1835.781
1270.063 1863.356
1221.668 1873.354
1212.319 1838.465
1155.731 1956.202
1178.170 1840.032
1100.750 1945.081
1206.982 1833.345
1185.514 1954.331
1224.250 1898.925
1147.662 1868.584
1202.199 1852.041
1189.515 1924.382
1250.992 1939.548
1107.017 1850.339
1276.051 1944.062
1234.424 1817.909
1118.885 1866.233
1159.064 1848.610
1164.830 1926.578
1108.711 1947.426
1206.817 1873.781
1215.364 1869.543
1216.270 1843.666
1145.920 1900.062
1242.560 1852.336
1122.898 1864.066
1198.992 1961.550
1189.233 1951.132
1258.390 1841.836
1197.154 1856.193
1254.332 1883.016
1214.132 1871.670
1239.797 1921.968
1139.513 1903.472
1206.122 1983.898
1215.721 1979.021
1220.747 1894.796
1104.799 1954.064
1137.578 1809.374
1219.941 1858.728
1220.237 1964.378
1197.944 1861.075
1243.481 1826.523
1167.018 1870.919
1139.001 1879.540
1226.055 1886.653
1192.731 1812.286
1278.097 1836.199
1231.890 1911.817
1232.716 1969.005
1182.823 1969.432
1111.729 1861.327
1108.263 1958.762
1263.339 1886.013
1105.207 1956.177
1168.866 1807.363
1175.223 1954.738
1118.475 1860.924
1256.048 1899.533
1171.485 1837.752
1103.875 1831.736
1171.089 1941.734
1214.734 1828.880
1263.463 1945.363
1110.050 1949.382
1257.788 1855.039
1166.601 1928.230
1260.792 1943.813
1135.112 1853.726
1255.794 1927.774
1144.087 1814.691
1146.608 1946.718
1204.641 1809.234
1215.872 1853.500
1206.184 1944.741
1168.997 1954.416
1237.631 1871.782
1106.886 1947.390
1140.132 1843.499
1228.251 1923.807
1183.119 1863.347
1123.883 1866.000
1224.833 1837.967
1125.419 1935.313
1219.045 1822.655
1194.286 1843.006
1234.769 1895.366
1125.335 1971.632
1275.400 1849.163
1222.803 1965.992
1267.189 1943.159
1199.468 1934.366
1102.391 1942.808
1265.575 1942.524
1185.272 1910.395
1110.859 1971.971
1100.535 1849.757
1109.463 1952.448
1108.271 1877.537
1276.706 1918.922
1259.051 1928.069
1258.693 1981.861
1159.999 1888.665
1185.689 1807.232
1197.048 1978.226
1182.406 1939.196
1186.864 1866.488
1193.677 1970.591
1266.494 1878.420
1167.204 1880.654
1266.196 1961.469
1204.297 1879.627
1275.499 1871.086
1248.372 1940.686
1103.717 1862.807
1175.591 1845.007
1210.137 1956.536
1187.229 1967.535
1197.453 1963.558
1150.024 1971.697
1176.112 1818.192
1216.427 1845.771
1242.793 1847.672
1116.649 1884.710
1270.218 1808.641
1241.451 1949.838
1143.851 1969.413
1106.900 1810.770
1158.861 1868.078
1200.042 1924.193
1145.645 1911.770
1182.894 1906.377
1201.449 1851.835
1102.357 1945.343
1165.664 1837.230
1203.207 1973.658
1204.323 1909.782
1220.285 1899.454
1209.359 1863.741
1115.348 1846.624
1158.014 1821.285
1172.213 1907.987
1189.615 1877.690
1130.053 1809.392
1148.321 1896.672
1182.499 1917.846
1219.386 1855.282
1206.034 1947.094
1103.457 1932.664
1247.518 1920.829
1245.459 1897.541
1167.790 1811.843
1181.598 1818.234
1182.832 1974.332
1229.855 1920.520
1110.707 1849.106
1241.806 1912.928
1212.797 1808.849
1248.624 1856.621
1133.806 1913.725
1152.604 1848.324
1259.195 1924.059
1272.448 1895.232
1129.476 1819.779
1101.394 1835.932
1264.960 1977.364
1143.770 1842.696
1113.396 1976.240
1103.941 1869.386
1121.333 1889.089
1154.910 1946.040
1278.299 1946.211
1136.069 1825.742
1148.678 1816.343
1216.880 1906.432
1127.489 1879.315
1210.097 1916.587
1175.703 1976.411
1190.723 1826.917
1252.822 1907.738
1182.100 1863.413
1273.144 1857.256
1237.617 1929.340
1236.653 1921.353
1232.791 1974.649
1222.954 1982.822
1166.080 1894.962
1240.696 1823.512
1197.222 1807.066
1238.063 1874.090
1244.231 1871.331
1255.990 1865.539
1195.533 1949.992
1190.016 1970.786
1152.635 1939.367
1162.154 1871.134
1153.665 1876.003
1252.162 1840.730
1174.024 1808.090
1244.557 1848.660
1261.965 1928.170
1233.919 1863.856
1227.568 1823.855
1137.362 1834.744
1162.164 1967.121
1112.712 1928.129
1141.717 1945.362
1120.467 1946.282
1113.980 1970.190
1160.214 1921.026
1146.084 1970.960
1246.736 1954.086
1104.476 1932.523
1135.656 1917.697
1209.125 1887.783
1131.261 1880.728
1239.144 1888.163
1194.455 1957.720
1233.125 1876.110
1245.760 1891.792
1257.407 1918.849
1110.779 1890.400
1173.478 1909.324
1215.868 1959.205
1182.373 1808.267
1131.783 1897.417
1166.438 1923.307
1157.717 1814.980
1142.428 1964.499
1172.218 1983.777
1213.089 1944.416
1221.374 1966.256
1273.898 1980.262
1247.329 1860.810
1211.382 1904.838
1177.618 1888.645
1139.243 1976.815
1256.571 1874.048
1166.380 1873.813
1104.086 1812.074
1264.858 1939.170
1203.593 1904.482
1166.051 1912.286
1143.495 1888.796
1275.724 1869.113
1102.329 1958.067
1273.132 1907.056
1119.807 1862.820
1182.669 1933.224
1209.415 1942.668
1232.055 1844.777
1164.843 1839.260
1224.965 1952.292
1180.568 1958.986
1210.137 1870.711
1201.765 1873.308
1228.531 1868.055
1223.949 1908.300
1203.252 1897.523
1197.936 1831.897
1231.601 1955.731
1217.309 1823.523
1145.049 1859.814
1258.637 1832.420
1101.091 1812.806
1166.085 1890.390
1106.208 1955.712
1229.046 1865.062
1126.542 1970.930
1194.552 1859.158
1169.738 1827.041
1224.366 1850.039
1252.466 1841.224
1212.193 1813.883
1162.322 1976.493
1154.560 1968.608
1104.816 1935.365
1178.714 1854.317
1122.855 1922.494
1222.398 1847.869
1201.857 1867.565
1125.239 1845.243
1146.364 1876.158
1242.455 1965.063
1144.451 1948.070
1155.667 1962.719
1222.168 1916.071
1197.926 1897.894
1263.430 1949.673
1159.915 1872.992
1136.848 1962.886
1128.078 1948.511
1137.369 1862.018
1148.405 1812.952
1114.474 1814.606
1202.031 1866.326
1273.012 1936.160
1110.495 1842.906
1151.948 1948.200
1132.195 1888.335
1128.027 1948.179
1244.918 1887.892
1228.565 1825.707
1226.971 1871.544
1124.135 1950.291
1154.045 1943.113
1203.577 1828.455
1263.729 1939.566
1258.174 1851.669
1265.331 1896.133
1140.092 1898.471
1217.391 1806.451
1139.139 1852.370
1165.889 1847.767
1250.956 1981.286
1153.205 1928.859
1277.135 1882.383
1243.799 1839.496
1252.781 1928.050
1141.621 1807.305
1202.929 1807.986
1218.803 1948.277
1120.767 1941.936
1208.810 1948.988
1233.545 1879.470
1205.665 1852.198
1111.445 1973.856
1167.155 1952.691
1199.655 1950.589
1243.344 1828.342
1116.324 1830.560
1175.341 1872.216
1254.112 1920.367
1261.663 1978.610
1128.211 1840.110
1155.186 1888.137
1213.956 1809.880
1240.394 1914.674
1249.891 1926.579
1170.071 1874.191
1143.536 1947.120
1194.499 1963.854
1253.387 1832.090
1169.794 1846.221
1161.697 1962.214
1170.318 1877.843
1102.631 1807.514
1239.671 1970.879
1212.858 1983.830
1123.741 1831.707
1133.243 1931.120
1106.564 1853.193
1274.533 1910.279
1204.502 1908.428
1105.940 1936.497
1108.614 1939.874
1202.399 1901.488
1214.687 1824.515
1176.681 1931.334
1189.294 1877.888
1180.551 1980.531
1215.358 1929.563
1141.145 1833.565
1203.522 1942.399
1138.195 1915.166
1250.485 1829.561
1159.316 1940.278
1272.698 1818.383
1269.888 1945.509
1243.351 1921.802
1150.039 1973.378
1205.118 1934.877
1148.452 1971.310
1208.170 1877.937
1252.454 1916.611
1187.640 1851.131
1254.165 1975.352
1189.679 1842.147
1143.019 1818.652
1190.981 1811.919
1116.429 1872.606
1229.916 1881.806
1273.657 1859.634
1135.868 1968.778
1152.586 1958.885
1110.979 1842.436
1139.518 1975.400
1255.732 1902.018
1196.501 1979.573
1175.653 1867.453
1184.023 1898.234
1127.884 1864.762
1216.356 1977.209
1245.385 1908.090
1148.071 1838.446
1137.242 1901.424
1222.302 1868.339
1241.997 1905.094
1239.748 1899.936
1196.193 1965.483
1122.373 1810.536
1145.797 1972.688
1217.651 1851.870
1130.315 1815.293
1154.770 1956.782
1239.037 1845.633
1265.235 1925.219
1153.979 1983.581
1268.399 1861.060
1106.900 1827.335
1264.996 1851.177
1141.544 1873.255
1124.362 1939.226
1127.685 1960.435
1230.618 1900.931
1164.024 1929.556
1122.466 1886.961
1180.890 1976.744
1181.587 1980.923
1171.549 1833.689
1164.508 1839.101
1212.279 1907.455
1269.354 1886.539
1188.916 1927.312
1214.742 1834.048
1259.347 1888.492
1138.643 1891.918
1115.443 1977.663
1198.748 1921.079
1264.390 1866.274
1274.975 1935.060
1135.550 1906.935
1131.415 1854.379
1237.900 1929.028
1180.719 1874.663
1149.441 1910.225
1162.059 1882.140
1271.409 1979.230
1105.160 1942.316
1223.441 1851.185
1210.063 1868.329
1250.210 1954.785
1146.325 1809.980
1188.555 1838.593
1255.336 1954.949
1191.033 1923.787
1198.567 1813.291
1262.441 1956.998
1119.931 1894.290
1137.248 1975.207
1133.455 1873.126
1152.869 1881.449
1175.276 1849.385
1277.709 1972.058
1224.907 1881.044
1197.744 1890.984
1186.661 1975.308
1242.890 1823.822
1217.786 1882.890
1228.044 1837.319
1268.010 1941.524
1156.577 1855.258
1216.677 1918.535
1250.119 1816.954
1155.649 1931.952
1151.000 1919.129
1237.888 1872.016
1133.774 1817.821
1121.630 1893.238
1184.004 1886.411
1135.826 1983.030
1192.635 1919.486
1211.082 1967.249
1221.636 1922.637
1182.936 1911.442
1111.737 1863.124
1181.440 1857.000
1225.581 1852.648
1249.679 1876.640
1260.743 1897.073
1276.876 1887.322
1264.557 1946.426
1151.707 1858.576
1257.996 1967.200
1242.996 1881.831
1258.403 1904.154
1168.333 1963.498
1162.390 1825.346
1237.401 1962.325
1197.233 1847.614
1140.644 1948.122
1128.328 1906.350
1195.217 1954.021
1158.691 1816.325
1237.293 1828.895
1261.016 1919.437
1192.021 1889.572
1146.678 1972.534
1237.050 1962.904
1189.953 1880.946
1190.014 1818.139
1202.561 1840.487
1250.517 1974.466
1248.481 1847.416
1198.264 1920.008
1191.999 1962.296
1244.369 1843.456
1135.826 1875.830
1253.324 1865.957
1123.324 1944.149
1149.434 1926.553
1144.353 1973.623
1171.161 1895.755
1243.937 1848.581
1215.700 1911.838
1167.239 1830.677
1153.097 1918.420
1166.203 1866.223
1222.900 1838.546
1274.643 1918.224
1128.798 1937.636
1161.179 1953.908
1212.495 1970.078
1265.968 1961.815
1265.378 1820.997
1122.832 1900.814
1147.300 1839.560
1253.588 1936.127
1229.979 1826.712
1146.686 1820.674
1278.050 1849.566
1240.939 1806.010
1264.528 1921.128
1251.498 1879.166
1252.172 1872.232
1147.658 1983.604
1276.732 1922.394
1263.416 1846.663
1241.328 1939.644
1241.595 1866.377
1112.314 1979.330
1139.846 1924.342
1220.106 1959.197
1148.677 1981.619
1207.650 1977.306
1201.574 1848.053
1269.003 1888.131
1176.993 1842.316
1217.820 1865.839
1274.487 1922.443
1148.001 1841.561
1159.476 1826.509
1174.868 1925.017
1200.394 1908.173
1240.619 1940.689
1137.323 1979.707
1130.809 1830.485
1135.487 1971.454
1232.173 1843.063
1244.464 1870.020
1277.191 1901.015
1122.821 1957.135
1156.066 1888.349
1181.006 1890.896
1204.240 1844.816
1200.463 1951.867
1268.607 1854.295
1104.546 1826.188
1164.817 1837.166
1141.188 1951.100
1272.120 1835.975
1139.589 1934.568
1144.381 1909.794
1247.129 1951.005
1113.996 1867.196
1112.359 1968.867
1249.869 1887.058
1236.766 1960.087
1137.226 1871.110
1166.700 1923.410
1211.715 1939.952
1178.646 1832.599
1131.027 1928.402
1145.128 1811.219
1142.493 1841.681
1194.870 1911.635
1201.589 1814.691
1266.708 1888.389
1104.639 1883.073
1110.033 1946.107
1154.971 1822.999
1186.664 1981.911
1273.419 1961.120
1225.642 1894.744
1231.215 1813.887
1274.183 1852.781
1173.051 1919.521
1123.673 1977.314
1250.947 1850.600
1120.720 1861.044
1119.064 1889.716
1145.673 1877.846
1119.773 1915.135
1149.485 1951.030
1141.029 1959.095
1247.776 1861.564
1246.465 1937.558
1221.564 1919.941
1224.550 1874.721
1113.501 1870.683
1193.947 1945.770
1219.203 1874.428
1109.147 1840.620
1262.073 1833.981
1170.621 1949.856
1277.569 1821.203
1149.462 1913.191
1156.797 1829.567
1138.340 1899.607
1131.785 1961.572
1243.589 1833.487
1233.338 1825.337
1166.466 1978.538
1220.794 1878.886
1115.223 1970.993
1204.443 1957.545
1187.252 1864.202
1270.266 1880.727
1224.609 1851.367
1250.380 1951.050
1215.999 1859.074
1152.588 1848.890
1191.463 1864.386
1135.423 1975.574
1115.330 1933.030
1194.718 1949.149
1162.803 1884.563
1128.675 1958.405
1194.931 1842.813
1241.428 1893.421
1154.331 1911.523
1129.682 1858.192
1184.404 1971.156
1158.801 1836.150
1257.197 1910.370
1212.183 1946.422
1209.769 1915.355
1101.861 1949.696
1106.215 1836.804
1204.186 1900.077
1224.267 1899.740
1164.294 1914.110
1103.752 1915.619
1112.243 1870.873
1124.463 1969.355
1198.935 1893.343
1111.363 1819.837
1199.416 1975.293
1265.151 1949.542
1193.462 1971.064
1188.702 1891.626
1218.604 1856.666
1113.241 1813.252
1152.685 1847.983
1223.359 1934.080
1260.551 1871.114
1160.556 1879.716
1265.968 1867.224
1249.367 1821.785
1183.352 1899.561
1203.023 1895.651
1126.171 1888.554
1195.775 1878.036
1197.267 1864.700
1141.603 1861.126
1216.317 1952.653
1213.090 1856.259
1208.370 1949.353
1111.359 1835.374
1221.073 1832.689
1266.224 1965.984
1204.909 1917.658
1121.300 1932.584
1203.581 1962.883
1262.975 1846.253
1243.579 1977.751
1268.672 1895.864
1199.504 1952.808
1221.261 1975.717
1138.377 1920.248
1225.646 1864.745
1199.095 1869.735
1200.837 1916.495
1262.893 1922.107
1176.130 1852.608
1182.958 1904.465
1265.137 1981.222
1215.320 1962.379
1143.736 1830.164
1203.246 1875.859
1149.488 1823.478
1257.066 1966.105
1178.352 1862.609
1179.713 1842.732
1245.524 1822.581
1206.942 1906.144
1149.567 1905.376
1151.752 1916.366
1143.232 1893.504
1175.387 1830.423
1127.805 1828.343
1187.303 1909.327
1259.813 1927.510
1137.682 1812.111
1141.062 1973.307
1180.379 1827.553
1119.651 1843.314
1251.927 1978.116
1101.375 1981.028
1120.902 1938.720
1202.490 1945.963
1106.393 1905.126
1156.778 1909.500
1233.321 1982.113
1233.665 1981.405
1267.080 1835.942
1275.157 1864.664
1226.980 1963.469
1174.734 1954.465
1266.105 1965.924
1121.470 1829.127
1177.328 1960.272
1212.357 1833.180
1182.336 1964.858
1204.369 1905.464
1131.205 1918.403
1137.867 1810.132
1220.834 1971.511
1125.260 1963.066
1206.838 1882.868
1190.557 1900.170
1278.667 1889.507
1160.689 1914.253
1248.834 1833.521
1105.018 1902.613
1133.262 1956.606
1239.434 1928.457
1106.652 1924.411
1162.792 1919.274
1197.505 1825.941
1165.532 1889.921
1141.326 1876.074
1114.013 1863.958
1123.075 1824.484
1202.031 1854.499
1234.087 1983.475
1123.224 1857.176
1101.478 1965.308
1108.652 1973.255
1109.269 1897.026
1163.397 1967.178
1265.091 1950.859
1188.964 1946.005
1274.410 1845.307
1234.048 1924.965
1205.953 1945.059
1132.378 1921.411
1141.115 1940.658
1233.535 1980.050
1101.652 1870.826
1157.499 1849.579
1173.589 1915.897
1207.333 1916.198
1128.136 1812.328
1245.228 1866.917
1107.606 1923.454
1172.181 1903.134
1151.561 1896.899
1239.687 1826.674
1261.501 1910.623
1259.129 1894.556
1157.967 1931.190
1158.352 1835.517
1258.183 1830.482
1108.036 1917.916
1200.421 1920.470
1239.087 1806.701
1142.984 1849.116
1113.669 1819.397
1117.274 1818.772
1148.108 1910.015
1201.044 1879.707
1227.561 1888.023
1113.235 1885.151
1221.437 1812.819
1223.679 1815.256
1174.741 1918.034
1257.799 1868.431
1153.796 1817.198
1145.030 1981.348
1167.905 1972.484
1244.737 1973.316
1177.040 1865.927
1129.976 1935.077
1275.113 1941.072
1210.772 1863.905
1115.606 1838.466
1114.590 1894.490
1145.283 1861.934
1206.114 1973.556
1239.674 1888.452
1167.235 1921.230
1182.925 1834.865
1258.942 1847.915
1231.172 1935.246
1204.844 1951.029
1217.739 1854.681
1218.983 1980.559
1268.706 1812.853
1244.700 1814.517
1250.034 1891.027
1209.126 1938.063
1218.154 1840.521
1109.099 1890.197
1146.256 1967.537
1189.740 1832.935
1268.229 1911.584
1134.163 1899.708
1257.586 1977.227
1214.420 1863.747
1125.303 1813.453
1122.389 1937.970
1234.386 1878.722
1121.192 1949.977
1120.447 1865.381
1133.542 1830.595
1204.612 1965.262
1251.453 1971.444
1199.987 1942.702
1165.244 1825.950
1244.465 1936.376
1107.520 1813.591
1231.107 1904.136
1275.544 1956.903
1245.661 1822.061
1112.781 1903.439
1173.869 1946.818
1121.440 1905.262
1109.993 1946.415
1218.047 1892.075
1219.162 1864.475
1103.369 1943.136
1181.975 1834.185
1206.165 1954.694
1127.040 1829.880
1188.879 1905.073
1233.897 1902.967
1110.267 1902.071
1269.881 1962.153
1176.998 1806.646
1273.405 1954.147
1233.725 1854.788
1277.643 1888.582
1234.275 1973.148
1140.094 1971.523
1154.551 1941.590
1117.335 1879.807
1201.378 1922.886
1229.832 1966.968
1208.202 1844.330
1244.891 1878.305
1231.972 1958.467
1136.109 1898.684
1184.176 1972.682
1232.155 1861.573
1276.517 1938.055
1161.251 1967.280
1255.915 1817.813
1184.216 1885.899
1260.685 1948.165
1253.197 1879.459
1213.658 1965.404
1155.626 1921.482
1201.987 1927.929
1226.479 1855.171
1236.312 1875.453
1161.945 1927.593
1124.396 1835.733
1112.538 1849.202
1155.514 1875.455
1203.608 1971.472
1150.855 1890.917
1209.041 1918.101
1171.743 1847.240
1179.769 1916.632
1162.653 1907.896
1253.134 1909.343
1267.899 1914.244
1231.376 1880.594
1175.422 1922.267
1275.946 1974.400
1214.815 1966.107
1151.852 1825.746
1194.385 1903.880
1168.423 1951.695
1209.012 1851.384
1237.702 1829.857
1216.523 1932.686
1238.199 1886.511
1219.827 1824.120
1173.640 1877.213
1245.337 1817.536
1214.593 1873.738
1177.622 1854.360
1241.039 1898.958
1250.955 1955.933
1228.223 1970.106
1120.463 1931.699
1171.880 1913.399
1112.809 1855.574
1190.126 1968.323
1260.126 1850.804
1206.979 1974.400
1204.468 1923.081
1150.398 1901.037
1253.118 1850.710
1229.087 1974.743
1179.821 1915.887
1219.838 1972.538
1148.123 1873.513
1145.570 1977.377
1241.109 1862.089
1138.719 1918.760
1196.864 1885.105
1205.309 1892.174
1208.662 1864.376
1269.798 1848.679
1171.090 1816.095
1247.063 1828.400
1211.510 1823.934
1231.885 1811.193
1105.010 1876.346
1179.311 1952.313
1228.724 1953.761
1181.634 1922.138
1155.082 1966.899
1253.959 1914.292
1242.435 1949.956
1274.604 1903.348
1180.824 1809.590
1177.415 1824.406
1114.352 1966.677
1264.565 1910.643
1262.163 1863.510
1204.998 1921.941
1214.940 1809.083
1273.789 1838.786
1137.139 1918.840
1239.004 1883.512
1240.438 1908.920
1144.864 1969.629
1228.229 1909.029
1230.994 1905.236
1118.410 1947.414
1149.273 1926.895
1253.203 1869.646
1133.245 1886.582
1107.546 1893.772
1119.838 1830.060
1257.515 1830.672
1212.357 1932.227
1222.188 1899.760
1260.860 1852.210
1260.878 1850.484
1232.140 1902.783
1233.628 1836.852
1260.243 1880.779
1220.953 1956.002
1246.527 1830.719
1143.489 1910.227
1214.411 1850.637
1128.203 1968.332
1195.767 1811.525
1271.227 1927.116
1200.934 1935.993
1184.893 1862.649
1156.476 1830.506
1101.706 1850.969
1164.274 1858.635
1103.041 1868.312
1171.365 1956.917
1180.727 1975.595
1187.314 1881.275
1168.827 1834.048
1160.674 1830.119
1140.805 1831.097
1178.633 1856.717
1191.465 1882.672
1276.413 1859.745
1171.293 1866.572
1255.811 1810.529
1103.716 1857.254
1270.015 1829.900
1186.786 1971.503
1148.546 1873.103
1234.369 1814.393
1117.802 1973.851
1125.543 1859.493
1218.903 1852.242
1262.578 1963.153
1201.094 1903.693
1123.974 1841.717
1230.139 1965.081
1260.107 1842.161
1268.554 1819.328
1178.423 1865.660
1141.954 1973.043
1120.466 1891.574
1111.528 1807.005
1267.694 1943.984
1197.372 1950.154
1236.848 1948.345
1188.159 1837.250
1150.213 1867.233
1231.244 1813.517
1185.882 1978.165
1113.573 1942.160
1271.926 1877.515
1255.764 1834.019
1246.188 1853.074
1157.729 1973.123
1172.229 1831.412
1107.549 1814.602
1157.216 1962.143
1256.362 1976.739
1269.092 1880.540
1174.603 1972.968
1216.098 1982.409
1144.712 1812.223
1148.139 1978.456
1121.102 1929.415
1158.966 1817.131
1147.890 1970.495
1240.186 1817.385
1125.435 1944.011
1133.078 1953.691
1214.569 1857.863
1244.786 1937.892
1236.042 1858.350
1244.138 1936.914
1278.111 1813.323
1210.315 1915.899
1258.266 1868.705
1216.169 1980.137
1191.388 1909.184
1162.185 1882.324
1185.829 1868.348
1217.889 1970.474
1137.639 1837.914
1122.158 1963.714
1255.039 1839.068
1171.907 1844.883
1205.118 1927.779
1173.590 1891.218
1109.515 1960.627
1138.186 1887.115
1160.594 1912.183
1253.615 1892.574
1259.332 1947.932
1194.689 1874.465
1126.006 1837.600
1167.025 1908.955
1272.443 1891.987
1253.109 1942.037
1217.879 1824.767
1153.887 1839.450
1185.717 1946.515
1206.838 1879.579
1181.144 1975.159
1228.322 1876.194
1178.472 1961.270
1207.486 1865.730
1239.528 1882.342
1177.375 1928.147
1106.567 1875.587
1171.678 1940.649
1273.860 1867.017
1210.615 1921.449
1166.542 1858.307
1258.446 1893.856
1155.709 1896.733
1120.269 1858.156
1148.235 1840.257
1192.379 1955.443
1150.053 1822.211
1250.802 1954.069
1113.403 1861.257
1249.707 1826.779
1156.716 1813.180
1187.010 1882.346
1104.104 1916.642
1218.120 1953.283
1139.294 1943.241
1261.275 1850.468
1209.133 1870.735
1191.168 1885.834
1204.185 1824.526
1166.008 1846.108
1189.559 1869.092
1256.021 1823.910
1207.184 1944.144
1127.866 1817.752
1275.663 1835.413
1151.088 1946.949
1138.036 1946.727
1225.407 1913.895
1240.720 1857.346
1248.856 1909.289
1188.307 1821.806
1174.181 1852.222
1262.151 1906.093
1143.647 1957.669
1154.021 1825.382
1263.670 1951.595
1249.080 1928.097
1226.383 1918.944
1229.371 1858.210
1193.334 1931.427
1237.652 1962.728
1108.185 1906.591
1202.441 1938.267
1178.846 1908.567
1136.331 1851.822
1215.523 1898.059
1241.685 1815.505
1262.424 1828.693
1266.510 1983.498
1272.217 1888.238
1150.407 1818.536
1172.369 1822.654
1249.063 1839.325
1269.720 1896.992
1256.538 1836.443
1121.864 1971.682
1247.995 1978.395
1130.154 1971.753
1176.156 1862.781
1172.880 1869.257
1225.157 1892.126
1252.005 1871.505
1209.938 1965.658
1153.457 1816.098
1156.994 1851.578
1250.535 1943.213
1120.469 1825.422
1119.043 1856.258
1128.257 1808.219
1201.483 1805.977
1208.812 1942.792
1132.823 1967.687
1182.355 1938.248
1127.621 1809.362
1167.253 1806.643
1189.075 1930.037
1256.166 1856.954
1245.349 1861.418
1152.998 1821.057
1174.102 1841.546
1176.303 1815.270
1207.096 1941.392
1128.311 1864.187
1265.108 1972.258
1256.298 1941.199
1219.993 1830.854
1144.157 1820.221
1252.794 1917.845
1194.382 1944.638
1262.287 1828.668
1184.908 1885.872
1252.170 1983.169
1252.406 1958.025
1171.090 1909.588
1123.545 1808.693
1272.825 1839.536
1212.027 1935.818
1146.604 1822.719
1275.421 1887.026
1118.842 1962.537
1212.543 1903.200
1133.424 1955.548
1147.328 1852.940
1243.733 1882.686
1150.726 1921.174
1192.375 1848.196
1167.277 1923.925
1247.673 1865.462
1136.850 1945.014
1235.149 1825.347
1174.622 1814.814
1251.859 1964.549
1109.194 1813.056
1240.871 1822.077
1238.846 1970.794
1274.887 1847.498
1131.541 1940.791
1139.422 1893.478
1169.514 1894.756
1117.431 1814.352
1200.216 1812.330
1142.260 1943.721
1163.597 1889.930
1161.746 1809.472
1108.309 1812.548
1226.353 1847.894
1267.421 1964.889
1109.421 1909.895
1125.193 1814.151
1135.818 1906.993
1197.571 1859.726
1248.934 1833.121
1120.302 1862.718
1191.937 1884.486
1241.410 1818.179
1205.027 1822.005
1196.817 1927.835
1199.110 1859.279
1170.498 1896.290
1142.371 1855.729
1271.876 1976.915
1195.365 1819.380
1185.050 1807.386
1130.202 1959.045
1212.884 1941.940
1167.497 1900.273
1136.672 1866.533
1116.423 1969.735
1212.259 1971.528
1250.745 1826.378
1163.562 1848.786
1276.803 1939.331
1203.053 1845.295
1145.491 1970.944
1247.255 1836.427
1137.472 1819.423
1165.183 1883.847
1123.794 1913.241
1150.730 1854.038
1202.591 1918.756
1211.403 1935.565
1142.870 1827.755
1226.311 1895.405
1166.374 1949.753
1206.333 1970.925
1110.896 1847.490
1253.067 1873.482
1183.196 1957.163
1252.481 1904.561
1251.829 1809.360
1100.671 1914.523
1122.433 1825.731
1159.249 1981.501
1213.854 1931.699
1188.381 1864.404
1244.552 1819.721
1136.333 1914.590
1149.770 1950.470
1238.468 1925.241
1138.815 1981.626
1153.382 1925.148
1223.076 1982.523
1145.008 1880.424
1199.351 1807.116
1270.208 1847.137
1278.438 1897.745
1246.024 1881.921
1258.726 1915.474
1108.811 1861.246
1166.844 1822.076
1181.583 1821.124
1200.962 1957.167
1188.768 1929.215
764.799 1180.706
816.820 1250.697
821.161 1176.797
783.922 1300.541
688.421 1140.025
684.896 1143.562
735.880 1207.658
748.077 1288.343
794.977 1276.060
732.914 1285.698
762.732 1249.934
660.698 1141.366
792.317 1295.091
727.959 1267.682
738.749 1151.674
680.354 1205.445
681.809 1220.655
695.284 1231.764
767.358 1272.810
795.781 1165.851
724.573 1177.205
659.864 1269.439
696.755 1153.873
732.636 1314.318
670.246 1201.814
830.634 1152.893
720.942 1153.177
750.583 1282.358
729.454 1189.056
795.500 1184.365
720.397 1228.144
730.080 1308.879
798.870 1317.789
779.919 1288.200
732.699 1265.259
726.268 1192.405
792.662 1141.310
730.795 1152.753
815.556 1162.118
708.733 1304.968
797.284 1222.045
662.125 1193.979
682.466 1232.713
722.504 1214.278
713.774 1269.642
830.425 1263.275
824.974 1153.050
781.131 1207.880
789.652 1144.788
692.406 1212.653
810.953 1309.919
794.879 1303.237
738.122 1309.655
766.437 1266.808
754.233 1270.339
814.392 1221.662
783.202 1192.664
750.545 1292.835
831.190 1154.815
705.502 1285.344
729.308 1216.337
683.534 1148.925
771.979 1208.690
735.881 1231.943
824.110 1219.157
800.339 1249.031
782.584 1173.361
808.873 1243.472
738.219 1303.683
767.197 1168.428
697.372 1153.914
790.581 1200.956
773.917 1227.155
688.870 1238.205
769.844 1183.219
747.792 1187.573
736.700 1153.841
672.330 1140.642
809.410 1171.186
784.226 1161.496
832.589 1231.684
808.496 1300.869
720.737 1220.831
710.315 1155.684
711.230 1242.756
689.837 1179.449
812.569 1142.369
784.087 1144.059
658.603 1144.226
694.890 1282.305
828.119 1147.941
661.919 1291.023
762.176 1174.245
746.490 1267.561
773.557 1255.541
756.024 1244.265
796.741 1292.993
699.777 1160.151
725.752 1263.395
730.142 1208.652
789.199 1204.415
787.887 1298.520
751.167 1222.169
764.756 1215.822
766.144 1212.267
795.867 1272.929
710.651 1302.931
797.578 1238.138
811.525 1156.376
823.547 1244.091
685.270 1241.409
687.362 1238.420
825.595 1301.503
741.039 1221.352
688.609 1171.171
810.033 1213.678
716.903 1225.232
684.163 1237.191
739.155 1262.170
747.074 1271.804
802.422 1157.273
666.750 1168.880
771.358 1153.016
664.556 1144.398
771.636 1200.018
794.825 1202.925
720.866 1144.111
795.760 1302.382
830.290 1262.911
673.797 1311.077
668.661 1139.937
751.921 1204.561
789.328 1309.929
819.031 1148.573
832.640 1187.130
808.252 1141.681
791.540 1179.873
657.909 1195.780
751.071 1179.963
827.448 1310.794
779.045 1224.564
809.233 1222.839
793.000 1189.703
767.812 1237.348
677.080 1204.008
758.106 1241.433
747.810 1294.087
715.563 1256.159
732.928 1259.211
829.117 1158.860
657.724 1212.398
779.857 1247.515
750.440 1294.804
767.113 1244.750
738.547 1292.112
834.928 1295.206
674.957 1159.745
827.998 1197.450
802.136 1166.633
668.955 1259.565
678.298 1243.268
807.858 1195.682
809.125 1162.538
715.039 1197.759
745.325 1317.620
730.336 1317.138
672.141 1174.311
666.765 1236.197
714.241 1195.188
793.726 1221.893
834.325 1236.666
671.460 1177.175
730.947 1295.017
754.979 1182.524
764.011 1258.146
773.146 1165.708
670.529 1297.641
818.114 1191.965
754.040 1153.197
757.811 1271.588
692.821 1178.135
714.444 1256.658
668.378 1173.269
719.077 1167.346
813.147 1299.377
667.376 1151.748
833.822 1273.793
791.648 1297.725
696.984 1197.683
788.628 1255.192
660.021 1224.035
760.530 1272.833
758.237 1275.137
795.242 1253.607
659.871 1243.063
680.392 1145.706
810.922 1152.125
755.258 1191.565
707.251 1227.827
773.828 1213.416
757.301 1258.753
772.218 1277.450
662.672 1281.684
807.350 1211.235
673.817 1180.414
750.265 1270.868
785.332 1165.102
787.795 1210.693
794.712 1143.653
754.491 1287.772
658.122 1246.818
685.125 1148.211
694.613 1172.204
714.434 1177.877
771.765 1208.454
721.148 1247.735
725.219 1222.137
665.316 1256.440
743.417 1298.775
675.581 1297.235
724.932 1282.222
799.437 1299.901
813.096 1191.610
709.215 1207.996
702.375 1167.860
745.715 1299.285
819.448 1284.443
797.871 1143.599
742.004 1216.592
808.403 1155.649
711.262 1171.388
697.287 1262.527
729.873 1229.277
659.930 1275.621
768.138 1167.248
775.182 1143.033
826.812 1303.720
767.689 1252.358
783.537 1314.228
801.115 1192.446
783.740 1188.595
787.286 1308.834
675.980 1246.053
755.622 1312.995
779.108 1172.889
673.764 1220.707
829.879 1156.127
676.199 1191.652
757.773 1206.408
758.624 1188.986
813.897 1241.159
748.791 1183.332
682.936 1280.594
790.486 1224.047
824.232 1181.670
677.471 1225.016
691.421 1235.908
742.660 1219.511
668.179 1302.268
760.213 1154.045
746.449 1161.858
774.208 1261.184
812.092 1251.078
698.138 1237.817
770.458 1268.676
809.049 1188.275
768.671 1277.549
793.337 1148.204
730.920 1229.612
831.093 1268.114
791.656 1149.823
700.328 1175.007
737.138 1175.255
660.852 1160.724
677.645 1171.967
766.017 1259.523
716.129 1208.699
730.476 1231.243
661.705 1260.858
674.781 1313.853
828.447 1210.042
772.440 1317.458
782.524 1139.839
751.116 1230.259
665.748 1228.398
656.681 1142.726
830.272 1261.012
752.782 1302.491
796.646 1200.688
830.030 1313.748
830.932 1288.331
713.592 1238.441
834.486 1190.239
673.964 1246.916
707.069 1313.961
717.202 1241.979
708.952 1251.455
770.114 1168.887
797.845 1266.074
812.111 1257.544
699.005 1219.438
674.248 1308.786
682.132 1213.736
809.355 1226.000
714.519 1171.753
753.775 1275.901
670.805 1289.162
741.518 1147.018
724.053 1142.572
664.005 1177.770
729.391 1262.678
822.910 1184.712
708.428 1223.133
679.974 1145.173
795.068 1196.005
788.077 1311.936
717.773 1184.894
758.105 1189.928
694.597 1310.503
780.004 1205.293
719.664 1227.295
780.373 1226.967
761.078 1305.105
821.693 1195.198
783.869 1182.730
745.689 1279.878
739.179 1153.782
682.231 1279.835
775.803 1195.095
708.255 1273.053
787.323 1163.688
688.540 1272.725
762.136 1233.418
739.789 1190.424
794.271 1305.014
747.272 1263.556
729.477 1249.404
680.649 1244.726
818.441 1265.451
823.830 1178.558
746.266 1148.237
829.104 1242.467
806.918 1253.912
675.016 1198.379
712.260 1210.466
805.712 1144.176
693.248 1280.336
663.793 1282.633
656.922 1167.101
703.618 1230.283
776.996 1145.084
740.409 1174.459
680.000 1303.869
663.017 1226.067
715.456 1312.543
743.652 1253.729
805.805 1246.150
730.227 1291.522
695.226 1262.228
678.846 1261.091
803.705 1221.453
783.206 1150.778
686.466 1198.737
806.921 1216.772
805.117 1276.072
817.853 1299.551
695.379 1212.993
761.512 1254.356
679.712 1293.913
812.170 1269.400
752.959 1248.828
832.889 1278.781
696.468 1171.742
666.771 1265.123
758.193 1262.166
678.608 1267.537
683.179 1284.703
715.967 1220.154
680.714 1174.260
834.648 1141.104
785.840 1197.278
683.192 1308.987
769.247 1244.094
729.866 1151.092
784.043 1152.354
786.417 1292.090
769.802 1259.958
705.924 1235.698
719.823 1269.026
738.762 1233.243
695.161 1192.666
817.763 1282.205
718.910 1223.961
785.268 1266.553
786.697 1241.996
690.618 1240.510
714.826 1143.042
773.982 1305.912
784.786 1212.847
675.476 1169.228
685.501 1189.067
804.868 1284.111
702.921 1218.243
824.881 1190.719
699.013 1198.535
755.326 1247.063
818.070 1192.621
754.336 1155.437
782.222 1262.120
799.270 1311.156
791.041 1225.327
731.079 1300.637
814.907 1143.781
780.616 1204.621
821.489 1303.830
740.391 1274.939
675.577 1143.001
692.793 1240.786
697.139 1232.699
688.592 1315.754
749.372 1206.812
756.430 1257.650
738.856 1274.391
707.301 1275.471
714.303 1229.160
672.216 1223.904
768.532 1176.945
722.029 1266.126
805.738 1241.070
819.130 1172.496
672.227 1157.518
737.244 1145.990
781.022 1227.710
716.375 1185.919
796.055 1168.956
761.940 1304.836
675.819 1207.318
807.464 1276.642
685.860 1258.684
743.522 1161.318
726.258 1200.947
819.330 1223.459
742.140 1141.336
679.380 1293.127
825.830 1194.935
714.555 1266.307
782.515 1141.713
772.798 1226.227
705.307 1226.296
704.126 1172.654
762.983 1283.494
829.191 1234.560
736.189 1306.687
766.459 1235.112
731.794 1188.937
827.963 1264.225
790.567 1185.190
699.379 1290.575
666.887 1308.307
784.669 1156.784
730.468 1218.594
826.458 1213.735
743.144 1221.803
738.674 1198.946
676.038 1302.138
671.106 1177.948
737.511 1241.930
691.408 1285.962
751.372 1257.214
725.004 1289.899
818.271 1278.158
758.692 1264.281
724.913 1219.467
829.720 1304.208
687.282 1206.167
815.537 1204.753
676.405 1226.364
667.070 1207.322
688.782 1202.059
759.612 1294.745
754.003 1199.218
810.509 1284.534
752.817 1263.463
832.409 1156.203
681.855 1190.732
706.769 1238.357
737.764 1152.949
803.815 1267.103
687.564 1311.421
690.515 1282.981
762.168 1313.426
663.402 1152.412
765.995 1192.095
670.212 1308.572
698.032 1237.353
712.455 1164.091
783.251 1238.661
759.617 1245.731
722.854 1280.730
777.448 1284.288
669.381 1185.313
736.828 1268.662
763.463 1264.662
715.494 1290.946
751.771 1154.863
720.283 1261.599
763.747 1287.546
800.593 1246.696
686.421 1263.641
694.337 1145.971
743.280 1313.198
818.272 1151.044
738.074 1204.318
748.145 1179.693
798.152 1241.867
789.866 1282.857
762.960 1258.369
732.243 1310.809
821.615 1205.057
699.152 1224.738
804.575 1221.015
663.381 1139.386
733.986 1166.550
788.048 1276.591
720.317 1271.423
743.034 1244.464
708.560 1313.971
688.685 1311.100
801.711 1183.333
686.903 1241.963
788.769 1290.595
741.289 1314.140
807.702 1182.190
683.953 1220.444
785.782 1239.764
764.744 1302.778
688.163 1187.789
688.834 1175.233
793.657 1197.492
833.967 1231.414
735.349 1165.851
692.875 1242.488
775.400 1206.405
657.965 1247.223
723.094 1294.631
814.659 1297.564
811.475 1233.580
736.063 1267.519
785.540 1283.257
659.815 1311.079
692.018 1153.777
756.178 1245.274
748.942 1312.865
663.379 1269.687
708.018 1181.514
694.571 1173.898
825.919 1244.877
754.489 1287.314
791.683 1245.423
764.128 1242.124
755.463 1274.384
790.659 1212.802
685.756 1248.028
743.500 1217.462
749.609 1149.305
819.981 1203.027
724.171 1308.192
757.711 1295.755
668.860 1153.689
808.553 1201.750
795.613 1210.453
665.079 1225.203
713.713 1200.202
811.633 1251.615
691.543 1277.425
747.858 1150.898
808.241 1236.181
817.499 1181.845
680.639 1241.822
710.094 1216.753
730.914 1223.855
740.466 1243.261
757.542 1215.820
745.677 1230.635
728.426 1226.424
700.696 1162.302
746.956 1286.989
795.020 1199.520
764.364 1203.322
833.629 1176.391
767.281 1287.012
780.967 1308.954
815.424 1270.394
824.582 1226.434
672.300 1205.401
710.637 1187.597
660.850 1307.940
710.887 1263.991
750.234 1214.171
818.384 1206.348
728.484 1144.386
705.892 1231.398
813.704 1172.864
812.676 1221.662
699.887 1290.041
832.652 1307.482
756.363 1218.329
737.530 1249.996
764.098 1309.924
683.430 1270.920
672.990 1263.178
760.374 1255.966
684.723 1221.759
834.153 1139.438
801.993 1219.195
788.805 1301.921
800.088 1148.159
774.087 1187.468
810.621 1189.975
710.030 1308.563
746.517 1210.044
742.440 1174.405
793.446 1299.129
677.676 1276.741
745.399 1177.983
694.572 1157.678
708.143 1200.706
791.863 1157.740
791.236 1218.222
700.769 1313.078
792.156 1231.516
678.879 1197.049
834.568 1166.284
662.033 1166.220
736.894 1143.086
698.257 1287.159
742.521 1252.867
716.703 1153.691
787.066 1190.681
717.697 1187.255
732.293 1217.236
788.345 1246.459
774.034 1244.883
808.006 1291.170
677.916 1191.544
657.255 1256.176
745.682 1316.104
693.658 1315.994
706.382 1151.429
731.179 1197.977
713.420 1253.511
671.159 1308.008
723.616 1220.406
778.735 1265.715
762.916 1139.969
696.089 1245.047
716.201 1234.063
735.363 1309.443
819.113 1195.173
727.492 1211.719
703.161 1249.220
736.762 1196.380
696.343 1228.827
768.718 1214.244
778.171 1219.346
783.815 1274.616
788.923 1225.338
756.245 1252.611
685.533 1247.530
794.516 1250.759
673.532 1274.356
702.628 1273.131
774.671 1297.290
783.022 1283.361
765.360 1233.937
815.927 1193.687
706.979 1223.768
662.903 1267.731
813.965 1287.973
790.264 1262.985
793.790 1187.747
754.288 1201.541
801.942 1204.566
749.977 1286.106
716.202 1254.856
704.250 1205.883
669.959 1198.737
809.277 1292.917
712.612 1201.288
663.628 1306.524
791.669 1313.099
815.548 1265.897
710.502 1221.621
732.083 1162.547
695.354 1183.345
675.034 1275.039
772.299 1220.389
807.874 1178.395
698.101 1291.683
666.146 1281.769
688.108 1242.698
829.694 1236.772
768.213 1164.938
673.131 1227.712
726.252 1252.002
720.582 1224.556
657.438 1201.308
780.235 1179.181
744.514 1261.830
679.569 1269.024
690.881 1146.575
820.110 1301.897
734.369 1299.720
701.521 1274.550
805.093 1218.109
697.657 1141.706
738.110 1268.574
749.394 1256.802
710.269 1268.239
741.791 1223.013
812.596 1315.347
659.995 1210.958
751.069 1216.953
672.588 1170.980
822.782 1151.349
686.782 1304.032
782.903 1314.850
703.895 1193.165
765.926 1306.678
826.040 1221.945
821.207 1268.091
824.770 1317.366
700.570 1250.158
767.138 1301.457
703.313 1162.327
661.039 1203.049
696.321 1151.917
753.026 1163.648
758.711 1285.305
818.393 1236.608
788.443 1179.308
681.943 1186.847
682.574 1211.409
709.558 1268.300
790.176 1255.901
787.681 1165.797
656.651 1183.586
753.397 1173.514
724.320 1226.250
822.954 1178.425
790.394 1186.241
799.211 1203.004
713.568 1190.639
705.236 1163.946
723.848 1228.469
727.895 1297.113
769.222 1223.896
699.545 1254.274
675.426 1143.353
764.961 1165.488
698.040 1305.505
707.604 1259.970
679.956 1188.086
726.554 1263.021
814.756 1140.705
760.357 1155.557
659.656 1170.274
656.594 1181.138
767.600 1305.434
797.316 1147.978
714.079 1290.888
666.787 1284.098
677.401 1240.818
833.781 1164.376
826.116 1268.627
745.128 1251.983
775.205 1204.662
698.300 1268.164
794.287 1263.024
762.012 1258.859
691.577 1157.946
728.048 1170.398
819.662 1310.527
700.862 1200.026
827.921 1276.060
793.925 1207.757
789.510 1211.302
781.387 1219.381
711.827 1190.403
804.782 1301.673
667.755 1261.992
704.505 1230.677
771.141 1258.634
813.556 1269.892
1297.864 677.045
1345.719 681.404
1358.367 556.558
1404.540 597.577
1381.885 665.023
1348.739 534.521
1368.033 613.621
1338.627 642.522
1262.647 686.138
1323.335 582.422
1390.569 675.733
1385.074 649.422
1338.324 677.088
1339.146 588.539
1421.575 634.704
1386.383 598.963
1245.939 581.796
1282.212 641.715
1305.253 670.133
1401.626 664.938
1345.452 665.278
1313.202 685.750
1393.784 630.460
1328.945 542.678
1415.555 613.018
1362.780 670.328
1283.594 689.630
1280.582 652.232
1352.363 569.115
1315.954 697.697
1300.832 531.426
1289.443 664.308
1337.197 542.249
1386.617 690.666
1382.707 542.651
1363.433 666.400
1266.675 630.074
1313.437 546.929
1342.127 629.049
1327.523 593.915
1245.934 674.921
1398.032 661.789
1323.812 666.775
1408.053 596.019
1252.073 574.634
1410.541 680.987
1395.335 670.996
1391.762 659.212
1379.075 610.697
1286.441 529.098
1330.225 618.098
1277.804 684.294
1342.565 639.570
1273.178 678.168
1342.520 698.742
1266.925 603.960
1411.355 530.719
1363.849 684.401
1281.834 577.280
1390.475 699.296
1272.261 595.348
1285.849 601.160
1301.034 663.134
1323.500 683.700
1365.435 581.162
1259.406 555.536
1268.468 593.453
1295.841 701.243
1327.611 589.163
1402.278 587.391
1280.450 593.175
1317.532 536.512
1292.491 534.525
1396.441 630.170
1397.497 606.864
1278.857 651.594
1373.901 536.989
1404.298 574.305
1329.476 697.425
1312.799 535.206
1373.039 586.931
1368.244 693.313
1289.836 698.277
1332.563 623.219
1318.286 590.323
1326.667 595.913
1421.544 657.325
1335.026 609.137
1334.546 642.619
1296.623 582.280
1328.190 574.718
1309.708 628.563
1362.775 537.980
1405.593 600.560
1360.560 601.440
1338.504 692.418
1381.864 685.695
1281.154 584.125
1334.035 641.416
1387.304 623.059
1263.733 600.688
1413.940 670.696
1403.338 657.773
1415.772 636.573
1255.850 532.260
1295.312 607.388
1303.051 692.258
1375.877 694.223
1253.063 557.100
1276.201 569.357
1279.484 586.701
1420.743 549.453
1357.795 631.104
1410.387 682.219
1388.860 593.697
1407.234 695.291
1275.687 662.600
1357.942 571.470
1253.051 577.201
1388.185 628.377
1303.758 629.602
1318.570 663.423
1355.740 605.653
1285.952 581.893
1275.179 619.298
1401.971 664.788
1287.280 604.057
1391.307 699.298
1321.040 702.756
1350.644 694.736
1327.586 653.387
1332.910 650.978
1281.324 668.272
1259.654 669.317
1276.666 562.505
1360.607 670.296
1391.283 559.080
1274.291 670.498
1247.871 690.075
1413.350 624.698
1258.819 540.389
1402.757 647.163
1352.866 680.456
1292.627 689.275
1379.578 566.057
1360.907 584.855
1396.921 681.495
1396.784 557.507
1387.059 679.089
1310.433 681.194
1413.148 636.058
1414.791 641.817
1340.110 686.696
1330.543 678.772
1293.287 689.352
1420.426 587.688
1297.987 633.367
1355.025 667.233
1333.072 695.046
1411.059 671.634
1309.883 582.435
1349.517 680.808
1295.063 616.212
1277.792 545.101
1344.905 633.856
1348.015 597.019
1332.913 675.862
1395.168 646.169
1268.996 642.034
1261.444 540.680
1404.139 637.110
1344.165 608.899
1344.669 548.868
1314.866 563.497
1271.495 650.761
1394.544 547.966
1374.067 666.237
1274.978 631.305
1403.410 576.431
1331.452 630.585
1295.672 547.061
1295.651 586.092
1375.695 616.525
1369.963 578.878
1275.430 579.915
1267.385 694.144
1249.817 665.972
1259.566 533.119
1321.714 631.623
1317.372 695.712
1345.784 648.106
1381.242 567.812
1414.378 650.114
1338.610 547.635
1304.904 631.898
1422.093 538.060
1303.783 543.075
1258.613 650.003
1395.544 605.536
1378.349 620.210
1410.187 637.812
1248.117 582.720
1282.203 677.136
1384.036 649.734
1359.644 575.016
1263.041 587.045
1291.740 546.338
1258.814 644.263
1364.388 572.160
1327.253 587.342
1379.949 624.952
1341.954 624.180
1381.275 645.592
1284.857 696.907
1372.711 614.849
1288.101 652.281
1417.199 659.913
1382.196 532.845
1272.829 526.313
1323.614 592.947
1294.647 698.096
1288.325 585.263
1356.842 589.846
1419.090 581.168
1349.090 548.770
1384.544 559.641
1397.004 695.004
1248.231 639.757
1285.668 601.572
1321.826 630.958
1329.606 680.089
1419.789 683.209
1313.275 624.039
1259.752 625.177
1311.972 568.334
1272.047 540.821
1373.835 534.483
1330.634 600.852
1421.826 534.959
1394.412 561.968
1272.963 664.403
1349.535 613.438
1328.068 665.151
1394.843 569.504
1419.895 695.028
1330.842 561.076
1314.934 538.353
1338.797 630.258
1288.826 623.903
1370.602 568.054
1347.634 599.734
1410.096 641.943
1279.092 703.327
1414.575 613.483
1314.118 586.373
1389.422 555.597
1341.594 698.912
1248.376 668.411
1319.918 602.680
1415.317 540.546
1370.635 633.553
1310.324 615.209
1412.641 657.574
1261.737 547.309
1292.207 573.143
1380.685 681.030
1366.748 636.761
1359.843 605.691
1304.096 634.288
1388.917 686.003
1365.669 675.070
1305.839 654.483
1346.333 530.113
1284.855 556.975
1348.004 540.580
1252.350 611.078
1370.159 685.473
1369.133 631.061
1331.586 536.446
1252.201 533.766
1398.528 644.263
1372.091 546.318
1351.995 636.693
1342.333 621.405
1297.693 567.903
1280.828 595.438
1380.693 679.389
1343.233 579.422
1289.300 548.115
1284.478 653.356
1292.277 596.354
1349.478 686.782
1278.795 662.435
1385.386 670.244
1268.654 529.054
1410.520 559.849
1416.479 636.256
1302.738 674.352
1363.641 617.265
1405.937 664.887
1363.414 611.896
1270.555 629.090
1341.224 690.691
1398.500 606.816
1369.050 554.230
1264.862 584.150
1289.148 595.578
1385.631 573.590
1411.091 597.009
1377.991 630.634
1382.619 598.632
1277.682 624.593
1313.650 643.772
1410.376 660.139
1267.763 693.040
1322.989 610.438
1414.952 639.842
1402.722 630.295
1383.796 640.599
1332.220 689.256
1404.940 605.858
1244.087 535.890
1257.041 543.717
1396.043 596.258
1418.330 542.698
1386.835 531.575
1292.129 650.213
1391.999 632.274
1278.180 617.829
1318.467 572.068
1284.547 604.461
1386.466 654.192
1369.244 556.447
1419.699 549.453
1324.583 555.508
1312.580 564.118
1354.951 587.243
1328.965 596.758
1268.367 689.880
1301.870 527.826
1307.811 540.141
1269.680 648.338
1290.079 569.753
1335.075 531.241
1401.811 663.100
1285.608 656.566
1309.026 693.303
1381.940 568.052
1291.402 566.927
1272.285 586.010
1310.697 692.922
1389.621 648.960
1291.321 587.437
1338.559 561.483
1369.534 670.178
1297.357 602.120
1419.179 692.794
1351.915 609.263
1345.206 615.699
1357.532 581.067
1367.903 571.606
1339.610 547.863
1245.987 578.058
1261.164 546.834
1399.178 614.151
1339.362 620.705
1411.864 604.737
1392.833 529.738
1394.725 633.876
1406.642 529.862
1398.685 679.146
1282.655 611.904
1374.570 677.998
1299.911 635.215
1283.812 639.409
1412.149 695.738
1365.783 584.218
1299.051 593.870
1380.852 679.432
1344.545 687.548
1334.335 557.501
1286.121 615.375
1385.359 590.737
1386.538 528.520
1315.657 558.895
1245.547 674.971
1344.301 678.123
1287.315 646.261
1369.244 618.022
1368.879 528.617
1400.519 683.142
1402.869 571.642
1362.630 654.090
1298.792 678.485
1398.069 579.518
1406.008 621.120
1414.819 690.839
1280.272 656.778
1299.253 683.002
1250.309 690.028
1337.973 561.301
1249.575 631.850
1314.587 599.721
1285.045 547.258
1363.809 655.578
1292.074 670.912
1332.354 592.019
1382.244 547.068
1393.946 683.611
1247.383 551.598
1267.888 660.992
1399.122 690.199
1407.277 554.093
1394.593 540.955
1344.093 548.672
1374.278 527.979
1400.648 609.401
1396.886 557.567
1287.700 606.326
1406.848 677.392
1355.900 688.476
1421.698 687.849
1324.032 657.163
1289.086 624.959
1308.392 672.740
1283.477 531.351
1249.246 692.157
1371.284 561.264
1343.097 701.093
1277.178 688.244
1260.971 561.713
1320.639 577.888
1344.560 688.112
1292.428 641.345
1282.812 688.550
1368.105 587.922
1273.706 668.939
1300.539 549.891
1300.008 531.384
1284.950 646.758
1376.542 637.554
1421.643 583.057
1372.191 666.940
1357.412 625.435
1296.614 632.518
1244.907 591.816
1273.077 693.784
1333.223 626.618
1272.439 546.900
1385.210 595.289
1249.547 683.564
1354.847 676.866
1359.560 582.339
1354.345 542.854
1335.190 692.526
1268.110 530.227
1395.636 529.651
1378.572 527.627
1378.969 551.506
1397.635 537.255
1299.331 629.626
1417.512 620.953
1263.776 698.737
1343.547 543.680
1346.774 673.089
1420.350 639.245
1372.647 659.795
1286.378 556.819
1337.943 633.643
1303.950 673.973
1337.660 559.515
1332.114 590.585
1345.233 571.703
1352.577 656.227
1322.958 630.004
1422.221 620.749
1270.838 531.878
1383.521 536.296
1397.431 701.500
1292.383 619.165
1357.068 547.500
1312.370 696.909
1411.454 685.213
1315.851 555.677
1271.070 681.412
1266.031 635.850
1370.063 679.367
1276.609 625.403
1345.608 607.794
1417.799 652.044
1251.781 702.603
1372.244 704.299
1300.117 552.195
1398.748 583.767
1316.074 631.473
1358.766 615.903
1323.415 607.841
1333.554 545.993
1289.588 561.146
1282.438 692.746
1416.165 544.949
1320.889 564.258
1382.617 569.872
1336.179 601.233
1391.982 663.356
1267.913 533.803
1339.478 687.285
1272.939 532.993
1286.043 595.912
1342.878 633.959
1333.499 640.786
1321.888 655.916
1316.025 572.768
1334.713 606.830
1269.684 574.947
1381.247 682.176
1416.340 603.610
1272.987 539.510
1360.648 657.303
1361.698 682.966
1272.270 646.946
1364.789 549.479
1342.733 610.102
1315.347 572.315
1308.297 544.009
1399.509 527.600
1345.281 701.432
1341.896 581.082
1277.510 583.427
1310.828 600.339
1348.884 703.006
1327.008 583.666
1299.054 561.035
1333.614 582.999
1372.149 677.636
1349.195 526.659
1403.222 533.969
1392.796 687.727
1286.667 693.506
1362.939 558.466
1369.758 543.740
1385.628 632.949
1323.638 662.651
1297.995 674.967
1270.371 641.190
1352.932 652.456
1249.673 555.701
1260.893 527.358
1329.619 579.228
1263.820 682.185
1246.166 543.747
1385.040 656.737
1280.411 640.627
1295.222 636.596
1409.233 632.678
1271.599 698.357
1418.216 577.509
1390.014 662.221
1331.699 622.390
1366.072 629.176
1271.467 653.967
1309.560 624.143
1343.233 547.976
1301.499 587.174
1279.323 531.244
1318.546 557.369
1409.089 532.546
1281.917 572.233
1247.152 604.482
1397.199 639.017
1397.966 633.001
1376.240 685.016
1276.345 633.377
1308.008 646.828
1256.482 680.838
1284.445 674.425
1402.221 590.864
1332.022 664.994
1409.124 551.730
1357.330 541.780
1352.101 635.777
1322.097 656.596
1294.895 652.561
1325.123 526.617
1348.017 604.247
1348.701 697.582
1347.135 594.752
1304.394 647.879
1409.692 563.955
1398.005 576.614
1383.955 667.798
1247.377 534.650
1353.028 610.081
1274.799 704.162
1364.342 565.063
1322.945 619.778
1268.480 541.978
1369.600 656.266
1341.420 571.178
1311.179 593.141
1414.240 558.076
1277.519 677.806
1291.855 531.460
1411.992 588.542
1253.994 662.212
1243.999 627.517
1408.933 669.464
1306.208 551.928
1385.244 679.720
1275.840 624.953
1287.049 646.620
1412.580 653.258
1299.012 531.422
1287.897 582.460
1341.146 603.235
1271.877 546.420
1398.916 642.216
1350.542 570.454
1334.182 585.615
1324.924 574.756
1367.753 703.715
1319.765 562.652
1262.134 526.379
1397.357 579.766
1246.866 685.403
1318.239 576.191
1293.961 695.335
1318.353 599.807
1294.119 565.069
1357.541 692.626
1358.583 651.384
1248.282 697.451
1379.864 538.767
1249.398 529.726
1259.472 634.244
1292.174 536.720
1361.595 685.836
1301.450 650.945
1403.486 553.494
1252.303 654.136
1253.103 622.694
1272.748 596.632
1339.707 605.217
1394.281 652.734
1407.831 548.587
1337.860 619.444
1290.650 626.459
1421.378 704.474
1297.055 638.600
1288.562 690.040
1335.171 660.634
1285.498 700.994
1401.630 566.533
1321.066 661.935
1316.014 667.781
1410.100 638.332
1316.746 528.104
1334.208 670.587
1350.609 679.712
1370.266 531.377
1323.400 567.259
1282.191 619.830
1350.778 651.780
1287.780 548.485
1326.326 661.371
1369.787 648.401
1265.326 532.656
1356.428 594.404
1365.464 660.810
1369.948 591.188
1418.808 681.299
1352.140 625.517
1292.120 685.435
1269.612 572.062
1375.296 571.138
1280.501 642.607
1244.209 577.767
1307.535 610.159
1274.842 618.703
1293.508 581.141
1386.461 581.410
1283.176 541.140
1368.375 539.214
1324.629 699.632
1388.016 633.006
1316.770 567.781
1420.822 631.321
1310.353 528.902
1283.257 623.838
1314.164 587.675
1421.410 575.570
1372.823 570.039
1372.201 527.722
1293.191 689.519
1260.184 559.565
1378.880 670.510
1350.932 641.311
1341.130 587.993
1401.412 633.449
1417.035 550.996
1409.309 680.719
1369.139 536.542
1284.603 644.842
1373.634 651.678
1259.828 612.666
1268.390 670.584
1337.381 661.692
1409.784 556.230
1361.740 654.308
1402.377 649.401
1369.810 529.814
1303.792 702.832
1406.623 533.965
1280.122 686.007
1338.998 642.824
1249.913 609.187
833.029 1189.402
985.369 1168.966
1676.136 1261.859
1650.142 1241.224
1363.214 1020.910
1231.792 1811.740
816.755 1207.344
1345.119 1119.802
1415.339 1130.033
1306.760 1145.046
1201.360 1851.079
1288.220 1482.978
817.853 1218.052
1265.959 1533.404
1263.713 1127.275
1366.376 797.235
1278.877 1705.280
1266.430 1648.550
1179.252 1132.378
1117.126 1176.598
1346.960 1042.563
1467.950 1128.432
1582.737 1175.281
1325.336 987.174
1076.026 1190.560
1732.390 1261.852
1344.251 948.146
1002.171 1171.394
1689.350 1254.918
1322.369 1193.715
1139.994 1139.955
1186.930 1147.413
1346.540 747.872
1013.781 1149.695
1279.452 1441.098
1367.480 827.603
1244.541 1531.392
972.184 1203.103
1314.499 750.500
1405.502 1163.505
1381.228 885.428
1084.437 1182.898
1532.290 1207.424
1456.163 1125.006
1320.754 874.133
1101.956 1210.385
981.356 1174.855
1513.466 1174.937
1602.216 1219.374
913.288 1227.276
768.954 1216.009
1353.898 1055.704
1576.660 1208.015
1223.724 1798.403
1558.072 1209.169
841.604 1193.994
1654.810 1241.889
1261.081 1591.642
853.467 1213.379
826.218 1255.928
1376.300 831.367
1333.997 918.638
999.680 1195.548
947.625 1218.533
1180.917 1825.462
1707.196 1253.508
1237.108 1759.526
1368.809 1043.201
1741.324 1288.875
1347.528 965.860
1387.599 1117.860
1326.080 1277.645
1332.469 984.961
1265.379 1563.005
1345.138 784.617
1357.509 1220.996
1290.094 1406.235
1387.460 1110.422
1365.716 1183.445
1561.709 1208.867
1335.395 1191.881
1244.621 1574.779
1383.703 975.786
1310.138 1125.581
1190.014 1135.081
1335.443 789.438
1375.876 1030.404
1291.264 1144.930
1349.139 795.940
1313.523 680.773
1214.120 1758.025
1273.447 1601.878
1337.683 1062.679
1024.644 1168.867
1676.039 1216.685
1349.138 864.116
1384.424 1176.861
1325.705 679.402
1273.492 1168.050
1735.464 1265.153
1211.310 1834.549
1487.466 1161.519
1365.607 1164.378
1422.342 1106.098
1260.964 1172.273
1105.739 1145.626
1098.627 1201.037
1321.160 815.475
1361.129 720.220
1345.624 769.080
1476.585 1180.865
1552.263 1196.716
1605.638 1209.579
1687.440 1233.527
1328.340 827.745
1329.766 775.808
1735.521 1270.547
1351.478 980.982
802.573 1178.423
1384.753 1084.863
1656.609 1259.112
861.702 1224.412
1481.156 1201.265
1366.605 1066.540
1197.657 1772.691
1319.676 1482.666
1363.427 1317.815
924.745 1224.666
1374.812 715.897
1200.489 1796.669
1444.718 1123.286
1362.766 776.920
1306.231 611.973
1067.924 1166.540
1200.334 1165.269
1689.252 1259.864
1253.933 1131.699
1557.009 1172.889
1382.656 834.388
1319.285 837.286
1371.237 948.550
1332.824 1441.466
1309.742 694.252
1326.735 1339.670
1672.730 1244.387
1744.587 1237.113
1451.880 1129.256
1315.622 752.965
1248.248 1110.093
1349.527 856.640
1270.514 1647.527
1343.614 793.577
1329.450 950.561
1362.623 707.567
1372.506 705.308
1349.659 1040.185
988.608 1213.054
1599.441 1182.609
855.752 1181.253
1321.056 807.483
1352.721 1166.387
800.993 1210.159
1252.570 1598.540
1282.477 1116.434
1252.274 1807.529
1113.168 1193.411
1601.574 1181.091
1193.061 1785.957
823.404 1187.221
1256.393 1503.178
1717.425 1226.204
1278.188 1565.218
1288.168 1609.073
1586.011 1197.743
1460.228 1133.494
1309.426 1528.200
1316.504 724.087
1608.613 1233.099
1389.064 917.822
1333.619 935.287
1314.231 1551.814
1212.776 1167.624
1225.996 1653.499
1379.706 957.639
1333.308 1079.259
1467.380 1158.667
1536.859 1197.859
755.773 1251.589
1667.686 1232.276
922.413 1203.307
1332.137 889.547
1293.583 1432.539
1274.972 1517.632
824.082 1178.274
1274.264 1165.739
886.051 1240.091
1696.977 1216.627
1184.146 1187.018
1295.044 1600.302
1344.812 1014.508
900.763 1205.412
1625.148 1249.807
1279.312 1668.343
1585.142 1169.263
1305.435 1164.053
1232.925 1796.668
1290.656 1429.860
1126.952 1155.904
1525.881 1166.340
939.933 1187.799
1077.871 1150.199
1331.158 655.393
885.926 1235.128
1617.464 1203.812
1243.382 1652.924
1330.869 1026.393
1658.486 1267.475
1229.684 1139.544
1474.897 1146.700
1250.716 1135.264
1522.085 1198.856
1568.307 1219.944
1364.168 843.098
1266.173 1644.247
1359.850 1123.148
1165.802 1174.649
1336.696 1050.541
1347.805 739.028
1226.921 1109.448
1339.862 1223.367
1358.007 973.744
1322.541 894.093
1265.034 1178.596
1588.068 1202.041
1372.568 896.550
1339.700 737.325
1302.706 1484.914
900.729 1208.090
1298.912 1129.682
1368.890 732.352
1232.776 1175.301
930.427 1210.753
1346.668 914.346
1364.371 1074.088
1710.475 1234.273
1383.910 1085.163
1234.893 1708.030
1613.633 1225.371
1262.233 1173.546
1228.173 1776.575
1428.017 1107.698
1299.899 1162.663
1337.218 936.042
1423.208 1149.684
1323.154 806.931
1209.624 1130.535
945.480 1220.942
1319.801 1297.484
964.010 1179.873
1294.002 1420.542
1677.265 1218.661
923.800 1220.067
1573.764 1162.441
1370.937 1156.738
1568.520 1152.365
1309.720 729.899
1359.809 861.103
1486.636 1166.592
1339.933 1189.300
1091.488 1136.230
1270.037 1656.842
1178.331 1160.032
1334.324 878.533
1607.005 1219.732
1204.208 1713.466
1521.679 1156.225
1195.722 1684.195
1275.752 1694.056
850.612 1222.692
1508.344 1153.410
1009.768 1159.815
1332.462 1359.069
1032.658 1211.151
954.064 1183.230
1674.025 1232.992
1564.546 1196.235
1470.944 1147.930
1198.978 1885.535
1009.818 1203.184
1267.253 1171.697
1377.030 1247.084
1456.828 1161.515
1292.956 1136.433
1370.765 1027.328
1487.091 1135.894
1354.176 1179.370
865.595 1227.587
1202.981 1716.289
1322.213 1117.118
1318.986 1480.913
1626.174 1225.016
1361.133 1016.990
1025.325 1207.606
1344.705 686.596
1305.676 1532.615
1320.328 1203.209
1266.460 1702.346
1466.747 1162.681
1309.576 1167.223
1277.160 1476.200
1343.661 693.162
1195.337 1124.272
1374.043 1046.997
1541.167 1172.821
1284.509 1158.086
1339.661 1272.131
960.925 1184.637
1045.582 1156.808
1691.829 1264.977
1379.937 806.686
1216.139 1846.716
1201.349 1836.598
1376.530 773.109
1403.959 1031.899
1349.805 842.659
1625.832 1197.223
1534.482 1200.897
1227.138 1173.601
1344.735 1345.354
747.993 1216.674
1362.293 845.367
1235.865 1123.627
1179.210 1825.256
1233.950 1815.682
1167.565 1177.260
1449.323 1181.052
899.700 1215.377
1232.874 1723.251
1037.973 1181.240
1725.436 1282.214
779.873 1240.309
1361.815 758.799
1350.284 1312.010
1352.616 1283.054
1231.730 1791.132
871.775 1198.446
921.173 1204.299
1618.815 1196.221
1652.410 1238.976
1267.176 1572.990
1348.540 1275.213
1346.320 780.795
1501.388 1179.213
1334.113 1007.839
959.417 1187.844
1255.864 1517.264
1335.243 644.413
1725.181 1254.553
1657.820 1204.769
1328.294 810.599
1265.095 1528.755
1126.337 1171.845
1367.727 1052.543
772.370 1222.344
1363.603 1023.049
1687.693 1243.795
1352.761 1039.150
1437.601 1144.748
1421.699 1151.200
1175.932 1154.932
1566.473 1199.140
1219.942 1775.205
1359.680 1050.537
1195.723 1826.132
847.174 1237.908
1563.862 1178.476
1371.410 637.169
1311.825 684.436
1399.094 1054.319
772.398 1250.572
1206.502 1781.133
1186.164 1191.898
1264.876 1550.198
1296.444 1138.009
1252.504 1140.226
929.477 1183.129
1292.840 1386.752
1476.287 1156.701
1255.477 1671.075
1319.939 840.389
1246.919 1679.114
834.498 1215.595
1486.398 1208.578
1307.361 740.536
1494.845 1213.923
1002.586 1177.200
1347.676 1085.884
1326.497 1389.818
1368.393 713.314
1174.846 1829.579
1579.075 1225.370
1327.787 1127.400
1319.697 1219.244
1274.669 1499.077
1120.184 1150.293
1194.514 1161.197
1311.731 750.252
1219.012 1718.325
1368.053 750.549
1387.456 809.294
796.367 1256.437
1304.085 1482.547
985.426 1176.775
1389.997 1162.646
1382.600 930.170
1239.986 1153.317
1300.469 1436.917
1344.965 750.021
1462.339 1141.487
1236.197 1688.000
1340.731 1043.482
1332.113 959.271
1341.637 1098.578
1031.411 1170.910
1209.488 1165.202
1605.188 1221.262
1378.770 923.425
1385.234 1079.289
1412.028 1127.925
1621.477 1231.650
1350.976 944.791
1332.175 896.493
1597.565 1203.508
1300.135 1309.529
1328.893 1371.039
1694.397 1229.856
1402.739 1074.070
1334.034 805.540
1476.228 1158.629
1274.976 1131.764
1477.719 1179.111
1253.003 1703.022
1193.878 1797.298
1235.969 1741.551
1324.168 1177.332
1310.645 1132.774
1383.491 1229.044
1356.268 723.355
1010.331 1171.901
1010.940 1164.991
1187.775 1164.844
1591.773 1232.031
989.399 1162.164
1403.570 1113.279
999.928 1158.142
1340.432 995.441
1225.863 1163.445
1681.081 1280.471
1331.652 1385.782
1219.186 1143.604
1318.737 1212.242
1378.243 795.484
1331.454 1298.479
1197.400 1144.908
1062.059 1212.503
1361.633 769.131
1356.592 1106.333
1395.584 968.304
1304.965 1530.518
1268.037 1483.609
1449.013 1133.934
1429.356 1162.791
968.711 1206.111
1494.283 1171.505
1601.996 1188.255
1352.938 942.180
1204.518 1153.824
1242.240 1745.663
1283.906 1134.700
1212.621 1149.628
1532.239 1220.875
1256.820 1598.523
1465.367 1168.801
1309.274 1479.819
1167.983 1866.329
1336.312 857.716
1400.781 1112.125
810.079 1224.694
948.643 1233.331
1361.577 752.929
1309.425 1387.907
1661.223 1242.888
1347.431 819.592
1377.937 1196.482
860.269 1209.106
1178.434 1114.423
1372.168 1057.594
1425.012 1147.746
1334.634 713.712
1366.988 893.852
1370.656 1256.869
1400.833 1151.928
986.132 1169.854
1100.961 1166.924
1247.231 1788.785
1325.231 792.951
1474.851 1183.042
1320.414 657.425
1580.000 1195.830
1732.418 1268.916
1454.011 1133.264
911.498 1207.874
1358.085 916.175
1249.531 1811.610
1347.114 691.921
917.887 1184.150
1253.439 1462.934
781.857 1205.642
1669.248 1218.100
1312.397 668.567
872.192 1176.565
1456.997 1183.679
1185.100 1782.290
1302.117 1498.132
1374.423 813.547
1474.545 1151.407
1595.703 1194.092
1586.963 1190.289
1362.274 829.918
1275.261 1180.132
1254.815 1791.465
1183.634 1162.745
1199.641 1178.475
1232.958 1121.963
985.483 1216.544
942.882 1227.510
1664.326 1204.456
1327.523 1010.062
1331.214 869.517
1483.427 1148.382
1375.822 820.617
1251.429 1731.412
1702.475 1264.264
1647.807 1247.973
1036.998 1153.572
1486.194 1188.308
1053.408 1143.365
1345.270 808.729
974.500 1224.534
1313.649 1153.435
1367.204 707.415
1540.859 1164.767
1275.595 1566.652
1357.375 960.654
1230.396 1692.604
1247.216 1669.091
1278.962 1637.771
1180.767 1156.862
1376.245 777.747
1255.590 1475.242
1349.172 687.990
1207.865 1750.418
1693.809 1246.221
1710.206 1278.454
1693.669 1222.286
1543.735 1170.263
886.875 1231.126
967.111 1167.992
1443.020 1121.717
1269.173 1445.539
1335.182 795.910
1469.328 1184.142
1285.966 1615.423
1260.431 1607.275
1226.229 1732.196
818.551 1257.750
1359.208 1108.186
1040.904 1185.387
1330.609 756.090
1221.796 1175.353
1238.182 1619.714
1468.991 1161.009
1331.000 1245.762
1327.806 804.457
1374.686 1256.827
1716.746 1251.019
1043.856 1142.204
1203.073 1702.333
1338.298 1003.031
1375.525 750.437
1610.983 1216.951
1438.071 1156.521
1120.259 1140.968
1184.226 1810.988
1419.745 1153.777
1664.443 1202.853
986.850 1205.200
1583.097 1237.709
1347.502 682.345
1738.241 1258.406
189.005 679.219
247.143 1302.306
1346.955 1889.491
1246.010 2496.708
42.353 1147.028
298.559 2212.410
575.055 378.083
2308.510 626.901
242.729 842.837
196.176 2075.792
1955.348 1613.106
403.528 1925.358
560.788 2109.614
2137.979 510.681
1020.866 2096.750
1944.022 2257.385
565.889 2329.957
2442.380 2254.319
800.257 104.430
783.265 318.241
121.637 1762.116
466.979 804.227
221.104 2460.484
1634.895 1897.159
430.245 1420.334
633.925 1895.064
1179.885 2052.547
75.897 1665.777
1975.784 16.584
739.090 2350.098
198.461 789.608
1691.698 1939.267
546.099 1082.531
266.359 1693.608
2205.362 1438.504
1147.392 171.519
2087.026 750.565
2090.828 1249.583
249.764 852.506
636.030 1824.587
1191.686 212.663
782.956 1902.801
2154.770 2273.920
1397.310 1920.536
588.048 1001.665
91.852 639.512
569.394 1279.066
1176.102 1992.928
1066.101 2421.797
1313.827 63.808
285.206 863.632
2404.575 2073.565
2391.347 2031.892
416.162 1524.479
2104.102 1211.453
534.601 1807.858
174.915 507.944
2111.895 1767.360
1009.206 449.422
2291.909 1779.264
95.629 886.517
576.818 1812.323
2364.452 43.534
211.352 77.148
264.724 879.703
338.757 847.171
763.778 2382.095
2099.652 413.365
629.892 2353.260
1972.894 2480.604
2231.938 134.115
421.567 1193.047
2104.494 531.757
380.396 973.039
884.842 1716.843
2460.793 2267.486
2498.116 992.694
818.489 1704.381
2016.098 2303.861
2060.379 1668.367
1356.910 34.942
2061.966 2453.545
1740.805 1877.364
1001.367 1960.449
2401.301 1409.821
2060.430 2334.400
1605.486 262.895
693.692 2268.981
260.774 1508.538
646.991 1098.452
2055.105 1675.677
200.117 1674.982
2413.276 361.915
427.772 389.742
677.705 423.586
2378.190 2220.923
1023.204 301.648
9.886 1645.579
49.351 2414.721
58.617 1073.865
82.264 1418.869
1209.415 194.348
629.893 425.323
1672.006 2285.228
1931.186 1587.166
2486.071 2143.001
547.820 661.138
365.024 2404.757
2393.378 426.941
106.762 1800.297
927.259 227.791
992.688 39.632
1925.395 517.429
122.525 1098.251
473.972 1597.969
1752.310 2158.704
645.431 879.807
1010.395 1.716
249.339 668.406
400.970 918.169
2258.199 2084.794
219.835 2439.990
1392.687 96.550
583.967 927.587
2262.433 2113.724
1419.546 2194.038
1865.249 2300.276
2355.181 1960.204
1773.997 172.302
2369.868 190.410
24.397 2371.182
599.154 739.014
298.740 690.769
101.944 1251.400
1920.356 2317.060
1314.148 228.066
2218.099 1456.168
2372.251 2358.694
2092.685 1561.121
43.085 2107.776
1067.703 266.930
2308.271 1550.831
677.770 2418.602
1425.729 2427.252
1418.544 2399.319
410.098 2375.637
1545.067 2143.576
690.440 1954.038
161.725 16.450
1947.397 187.693
677.247 2105.877
216.073 28.640
2490.178 672.528
811.196 262.276
574.392 598.498
1222.878 1938.783
374.323 881.510
562.227 285.732
736.371 2409.315
782.355 264.700
2280.371 194.787
389.952 1930.133
244.785 2082.688
1247.395 328.509
2180.573 2126.520
63.478 501.315
2463.304 2064.810
1540.468 1917.351
381.830 1199.782
2307.689 2176.916
318.898 711.138
2085.899 1934.920
1082.044 207.148
1144.987 2208.601
2043.005 414.294
2277.340 1019.378
867.976 570.176
843.976 2050.112
29.795 1988.637
2222.205 1679.339
129.472 1060.767
93.820 1102.762
191.505 904.593
811.452 1913.873
1193.267 2491.607
302.323 430.610
716.470 707.719
295.686 1072.131
373.890 99.996
809.231 2461.532
1305.598 2184.211
318.705 1221.251
2443.166 144.775
653.902 52.801
1006.010 384.617
1791.058 1746.808
261.452 139.033
1173.611 87.989
2079.045 100.408
862.986 1661.958
2200.829 1621.067
1965.014 1784.920
2248.871 2449.956
2346.470 7.370
2312.613 2343.412
1991.345 2249.177
2273.157 432.248
1805.783 2434.367
2356.433 1757.934
1464.025 242.032
2006.257 776.866
1717.395 382.264
696.502 1770.636
744.127 1540.581
584.623 1700.963
1008.972 183.000
1249.509 2149.672
2489.169 56.172
45.316 1016.382
427.533 2402.828
140.953 1449.009
392.610 277.371
948.159 1738.483
157.850 1885.611
1661.426 2240.210
121.978 500.224
1624.945 50.483
2078.128 2335.224
70.506 1636.779
2050.249 2038.976
8.261 1815.862
1138.614 379.582
126.447 97.524
2137.242 1073.612
482.686 1044.057
285.390 2025.947
2286.088 579.027
1712.353 29.844
533.840 1076.547
240.183 1095.233
1923.658 2416.126
484.408 658.039
999.587 2408.021
926.522 1704.515
426.025 633.140
1841.218 2126.732
586.641 2019.447
1456.559 2171.452
612.494 2150.750
1619.988 1891.242
2191.058 423.136
963.355 1921.458
473.945 1527.519
391.632 2215.474
863.507 380.075
509.571 1919.706
1358.312 375.408
1314.499 2081.701
2370.763 2393.364
1250.890 1857.126
2144.230 2449.452
585.846 933.348
423.444 586.227
2296.385 1648.865
2471.082 1596.642
1351.541 2022.111
478.977 1084.927
391.023 1454.547
1968.923 1518.481
1588.396 2120.909
2346.757 578.398
901.821 1962.329
855.187 10.027
2010.742 2345.778
329.231 1081.446
227.388 1842.883
634.679 21.382
533.328 1714.349
565.896 4.853
27.115 357.083
383.306 281.481
319.131 1020.228
2434.143 2254.052
238.658 18.265
790.050 2229.814
2261.477 1247.624
861.145 1768.249
1682.695 395.736
2313.177 1543.066
53.270 794.315
536.182 413.057
824.506 1927.360
504.394 1405.089
2107.095 747.618
36.105 1742.807
2445.300 968.528
2307.171 1650.808
2368.378 238.082
1612.578 2099.156
206.145 2022.024
1954.710 2010.537
2193.820 1530.065
541.541 1404.096
1004.537 2150.581
142.008 522.474
1354.505 2078.066
2142.143 2408.382
2322.394 459.563
2216.019 1145.527
2410.843 1972.135
431.740 736.911
282.502 448.139
896.988 387.752
759.615 410.062
1839.049 2361.351
383.751 1100.922
2066.086 2400.059
960.531 517.009
307.590 2139.677
1725.236 1953.819
1856.735 234.608
1597.937 2335.090
1485.536 58.914
2331.372 167.529
166.949 46.776
269.272 2074.887
619.006 1158.545
499.212 1344.566
2147.638 828.890
458.324 1639.640
299.613 1738.711
952.716 1717.603
644.615 2365.846
1883.725 2448.253
718.528 853.553
2121.263 2411.967
590.061 1832.086
352.712 1060.450
1723.928 2342.914
336.023 1023.243
1160.363 2072.746
139.707 2215.730
985.383 429.896
1759.824 2003.702
2130.505 1020.504
506.785 55.114
1851.149 1794.535
1263.546 1843.212
966.438 428.517
2185.572 736.681
594.926 542.082
2295.469 2028.327
193.673 442.742
1489.551 50.403
38.555 836.067
1197.846 28.469
808.577 684.907
2295.680 1255.458
2241.021 2304.302
588.987 1503.501
536.842 33.150
2006.742 1526.743
2253.577 1900.441
1678.487 298.365
2080.374 1653.289
2134.692 1587.095
1485.667 1841.193
916.856 2074.050
813.112 78.879
1134.386 171.132
1314.910 107.422
2138.472 2325.375
951.330 521.873
770.817 1578.118
1522.140 63.034
514.223 1772.684
11.645 1638.726
1787.576 2281.368
277.726 1774.938
1879.360 375.373
608.282 2400.261
2412.035 436.122
26.878 2042.406
2319.231 648.598
2437.941 2424.076
2007.055 773.152
995.523 1816.408
1104.014 1862.259
39.790 412.003
1090.312 2229.681
462.681 2040.672
102.205 1955.970
276.806 784.057
1431.193 220.966
2351.196 1501.766
782.882 2464.840
438.497 2423.778
1831.442 1692.154
257.353 1248.099
1337.808 63.074
