200 5
50.000 50.000
72.074 56.628
67.526 49.385
71.717 56.800
64.692 51.880
73.025 52.744
73.958 56.441
71.047 51.656
68.157 49.794
74.334 49.303
70.535 55.637
65.191 57.167
69.888 49.785
67.909 51.116
67.260 53.027
71.656 54.357
71.853 49.131
66.476 54.704
66.536 51.945
67.520 57.613
68.101 53.225
68.874 57.807
65.189 55.279
72.078 58.343
66.560 50.520
65.416 53.668
72.103 57.846
72.304 54.737
71.243 55.300
68.393 55.555
72.476 56.911
72.386 57.211
74.461 57.922
73.398 51.884
71.534 53.027
72.601 55.263
69.397 58.143
70.425 51.205
73.611 55.494
73.895 52.865
64.981 52.352
66.165 57.625
70.348 54.090
64.850 50.580
68.126 50.665
64.645 49.190
70.371 53.751
66.842 50.485
71.248 56.109
73.939 54.585
67.450 53.597
73.097 50.421
73.127 57.498
72.250 52.086
68.398 56.277
71.199 55.886
67.377 50.110
73.502 53.758
73.695 49.617
68.329 55.344
65.634 50.734
65.909 51.646
65.613 50.999
66.212 50.292
72.411 53.360
68.288 52.493
70.318 56.103
66.870 54.207
67.169 50.149
71.705 54.751
71.558 53.855
72.110 54.544
71.214 49.605
71.321 53.089
69.762 52.894
45.905 64.316
46.020 70.016
46.448 64.905
41.399 68.594
41.862 63.959
47.601 68.443
47.419 70.728
43.878 72.400
39.298 72.538
44.925 66.246
45.024 65.971
42.914 66.007
38.860 64.368
47.622 64.965
38.928 67.086
42.239 73.794
41.487 69.277
47.065 71.489
46.365 66.108
46.439 64.411
39.638 66.229
46.357 67.134
42.466 65.802
41.888 73.052
38.694 72.019
47.316 70.520
40.355 68.626
39.833 71.116
47.393 70.794
47.224 71.755
47.730 72.819
38.944 65.169
39.058 64.236
46.152 68.083
47.401 64.578
46.076 69.366
40.043 64.551
41.313 69.414
46.720 72.062
40.206 66.459
40.134 68.282
41.081 67.671
46.501 72.784
40.357 65.654
42.382 71.527
44.228 69.814
40.927 39.730
39.421 30.518
37.351 37.597
40.780 37.287
40.156 31.918
37.963 30.629
33.443 37.982
41.425 36.562
35.302 39.907
37.468 35.197
34.548 34.437
32.737 37.658
38.416 31.241
31.646 31.186
40.295 39.161
32.538 30.869
36.043 37.301
39.683 35.908
40.992 39.726
41.267 39.386
38.648 39.156
38.874 34.483
40.521 36.001
40.179 37.974
40.326 30.884
34.424 30.563
35.051 30.210
39.171 38.723
34.829 39.373
37.221 38.897
33.606 31.123
34.632 31.076
34.555 31.864
31.674 35.954
39.385 35.225
41.034 33.919
40.795 30.203
39.178 32.010
31.572 37.938
34.265 35.153
35.503 34.302
32.426 33.849
33.650 31.520
35.533 31.008
37.256 34.045
97.881 49.237
14.175 52.131
67.579 16.462
63.683 96.735
14.850 27.309
42.039 88.790
98.067 32.004
8.615 9.660
93.146 74.164
83.353 9.850
89.127 2.002
48.817 15.697
12.312 53.215
77.156 18.492
23.354 87.487
29.207 9.139
66.172 86.355
85.495 98.686
16.898 62.117
24.338 7.725
98.502 83.127
47.150 9.322
87.898 81.123
22.755 77.431
97.367 47.158
9.394 4.219
94.353 57.127
11.174 38.260
84.649 94.059
23.221 91.098
95.327 24.459
88.071 26.163
24.139 17.389
24.581 99.938
