200 2
50.000 50.000
72.238 51.276
72.090 46.732
74.332 46.908
69.777 44.854
71.547 50.153
65.458 45.902
72.517 47.996
65.902 52.702
73.419 43.035
71.967 49.852
67.697 50.260
68.617 50.315
71.398 51.918
72.411 47.019
66.463 45.368
71.556 48.305
70.931 46.344
71.149 50.272
71.272 49.214
70.000 44.213
67.604 51.510
72.514 50.156
72.920 48.138
65.680 49.262
65.607 43.151
73.251 48.590
68.385 48.959
73.751 44.901
72.753 44.040
66.888 50.094
66.656 46.639
73.867 52.235
74.574 43.107
65.569 49.780
67.947 50.884
74.261 43.671
71.475 51.162
72.676 47.063
72.365 52.562
66.922 51.499
50.393 72.717
52.018 64.809
53.521 66.899
50.732 71.040
58.319 68.583
53.167 64.964
56.969 68.454
57.884 69.804
50.178 66.060
56.863 67.398
55.413 74.061
54.261 65.519
58.841 68.562
53.048 67.956
53.541 68.162
50.748 70.742
52.289 69.529
54.373 74.099
51.768 72.323
56.172 74.282
54.710 71.143
50.591 66.929
58.159 70.564
51.250 71.593
52.270 71.135
54.831 70.584
53.354 71.719
52.923 69.199
59.055 69.965
54.936 69.607
49.931 72.538
55.975 69.974
53.665 70.790
58.965 68.809
58.346 68.661
50.817 67.921
53.576 70.203
51.029 72.383
57.771 68.665
50.975 70.029
55.998 68.625
50.254 73.363
50.932 66.527
34.683 43.705
32.373 48.747
31.061 48.075
28.196 49.554
28.979 49.492
31.010 49.082
29.241 43.687
34.292 52.001
34.536 50.252
25.653 45.544
25.253 43.456
27.006 50.712
33.164 46.715
34.917 52.973
28.331 51.661
33.789 49.389
28.536 47.004
34.218 43.141
32.490 45.598
33.071 46.693
26.614 48.956
25.320 46.535
26.048 49.566
34.969 48.771
32.590 51.527
27.035 49.705
27.730 51.749
27.929 44.867
31.888 50.227
31.767 52.334
53.902 30.298
46.842 30.849
49.125 27.497
49.840 28.255
45.796 33.194
51.675 34.914
51.028 27.758
51.530 34.176
52.992 25.718
52.395 28.868
47.560 32.146
53.327 26.218
50.669 33.078
53.439 26.425
51.224 33.007
46.651 32.651
47.908 25.047
46.633 31.614
46.463 32.725
45.439 34.386
47.740 33.617
52.750 26.394
51.634 34.403
46.694 26.227
53.737 30.921
54.787 25.747
54.423 27.333
47.006 29.367
45.434 33.420
50.786 29.244
47.798 31.716
51.940 32.229
51.807 25.997
51.244 27.298
51.765 29.982
46.304 34.288
50.423 29.939
54.238 32.152
52.374 33.282
48.409 31.521
47.297 34.573
47.314 25.046
52.407 25.497
51.778 33.524
48.935 31.011
47.544 33.017
48.147 28.924
5.846 40.664
25.289 89.596
19.133 2.370
16.711 60.599
17.096 91.084
1.083 35.276
12.768 56.454
74.702 95.692
81.448 73.362
9.331 75.176
95.249 1.388
11.805 69.973
89.578 59.990
19.788 0.348
64.817 10.494
68.830 17.066
9.467 41.285
66.477 98.932
1.235 43.674
29.610 20.060
54.845 93.391
11.700 11.057
84.758 81.414
6.386 58.651
74.970 95.134
97.749 96.916
0.613 14.711
92.082 94.928
86.147 93.882
97.293 84.353
6.206 65.678
90.585 47.375
95.415 0.753
89.049 31.792
88.437 44.233
56.445 92.611
40.551 1.190
3.810 70.972
11.970 37.944
