50 3
12.500 12.500
23.021 11.513
24.112 4.829
21.361 10.594
22.342 8.520
23.868 5.664
20.624 8.410
25.000 10.507
25.000 12.504
25.000 10.202
5.181 25.000
10.589 25.000
10.254 23.935
5.275 22.194
4.226 25.000
3.893 25.000
3.754 23.645
6.428 25.000
12.453 25.000
10.172 25.000
5.657 25.000
0.000 19.522
0.000 15.614
0.496 11.473
0.000 16.559
0.000 10.594
4.415 13.106
0.000 16.459
4.500 14.133
3.219 17.589
3.935 9.976
0.000 18.604
2.004 12.703
20.303 0.939
14.731 0.331
16.375 0.000
13.767 2.853
16.828 1.631
13.893 2.994
12.560 0.000
17.900 2.886
21.079 4.367
0.568 21.540
4.290 19.409
10.852 1.622
4.198 17.701
2.240 24.051
1.461 23.489
17.972 21.032
16.856 22.815
