200 3
50.000 50.000
65.666 54.834
72.052 56.302
72.779 59.401
64.900 57.935
68.155 51.427
66.160 52.252
72.618 52.763
65.266 54.050
71.907 56.314
66.465 59.293
73.441 59.404
64.535 56.278
67.430 57.220
71.549 53.173
73.891 57.552
71.333 49.907
69.358 54.859
72.784 54.394
71.476 52.593
72.923 50.229
74.101 50.981
72.613 58.021
70.605 56.539
67.311 59.734
66.462 53.761
70.564 55.197
66.562 53.476
64.677 59.590
65.935 56.846
66.073 51.526
72.823 50.137
73.420 52.627
65.347 55.707
64.762 53.093
45.494 66.425
46.091 73.747
42.819 73.044
41.951 74.042
46.575 74.390
45.766 69.221
43.965 65.740
46.067 68.681
50.098 74.659
48.386 69.468
42.850 73.677
43.734 65.183
42.940 67.413
49.046 73.149
46.744 70.685
49.329 68.621
46.751 69.289
49.075 67.785
48.186 69.758
48.665 68.420
41.805 70.943
43.724 68.661
50.029 69.053
50.033 68.827
50.089 72.504
43.754 67.271
42.698 71.279
48.643 72.208
42.825 69.546
49.965 65.549
47.057 66.884
45.904 69.690
50.853 64.696
45.833 67.820
46.401 68.136
46.791 68.136
51.250 67.078
50.019 71.416
45.934 66.542
30.462 50.127
31.848 54.114
27.054 51.119
28.471 51.466
28.869 53.143
34.943 52.434
27.171 52.939
26.821 48.702
27.869 53.811
30.380 57.118
29.578 48.009
29.361 54.658
31.068 51.047
34.532 55.275
28.672 48.829
30.606 54.542
25.654 50.534
31.523 53.639
33.339 50.073
34.305 53.479
27.702 52.417
32.324 53.066
29.332 57.064
34.474 54.558
33.255 54.662
34.855 51.756
34.487 56.733
26.811 49.718
32.818 48.510
33.519 56.448
29.221 55.095
35.023 57.342
25.913 56.356
34.079 52.834
31.750 54.848
25.264 54.509
33.952 54.196
32.771 48.610
29.606 53.394
26.079 56.431
26.120 47.650
25.485 50.998
27.622 56.929
27.790 52.089
48.196 34.342
46.355 32.634
48.893 25.767
41.131 32.968
49.388 26.962
46.155 25.775
46.694 26.739
46.545 34.484
43.350 34.759
47.484 30.852
41.096 26.920
50.632 34.687
44.092 33.343
46.046 31.011
45.336 29.022
41.294 33.111
45.454 27.292
45.141 32.870
45.485 28.396
43.239 26.984
45.525 32.065
42.830 27.523
43.583 31.798
49.932 34.090
48.387 31.599
46.991 29.357
42.894 26.270
44.822 26.871
46.521 32.569
48.535 30.513
44.092 29.289
48.865 32.087
46.607 26.380
46.715 32.810
43.560 31.413
43.643 27.503
43.366 27.753
41.529 26.566
44.435 33.055
50.999 33.813
44.743 27.095
49.484 25.923
50.434 29.528
50.872 28.733
45.035 30.671
45.014 33.295
42.295 31.120
42.327 25.701
45.626 28.447
49.143 26.901
47.077 28.911
45.784 35.263
45.390 33.516
41.490 35.207
41.584 30.472
45.842 32.851
96.242 91.562
67.833 9.372
78.472 81.144
10.143 19.268
98.893 68.306
69.319 15.737
38.469 1.211
31.193 99.777
5.380 34.830
0.466 58.581
6.433 73.869
59.286 6.687
22.247 81.750
1.955 21.467
0.025 56.376
1.575 45.872
49.804 91.782
92.509 37.666
86.859 93.436
33.270 89.847
41.266 92.282
3.841 80.551
77.380 23.199
6.253 2.109
92.845 70.940
57.089 92.236
