5000 7
1250.000 1250.000
1642.659 1188.333
1812.752 1247.327
1687.878 1238.543
1701.992 1123.242
1661.507 1120.885
1820.737 1148.093
1662.077 1119.754
1755.600 1123.792
1839.561 1178.506
1649.274 1153.230
1843.559 1178.408
1639.930 1090.452
1711.487 1202.967
1797.800 1219.044
1828.077 1068.058
1643.984 1195.640
1808.458 1220.181
1634.569 1162.458
1683.839 1071.839
1630.175 1205.063
1817.656 1257.775
1663.223 1150.245
1697.506 1209.223
1838.787 1082.794
1816.703 1259.867
1699.958 1170.136
1812.311 1212.793
1702.922 1259.370
1777.468 1200.684
1769.771 1189.169
1685.239 1222.562
1824.718 1160.952
1639.145 1047.844
1847.605 1221.625
1850.410 1174.270
1757.687 1084.149
1734.770 1184.249
1666.652 1136.215
1685.180 1098.538
1636.715 1195.389
1781.289 1065.103
1650.467 1256.762
1813.961 1165.579
1647.052 1195.502
1638.329 1045.524
1828.121 1049.345
1735.672 1050.855
1708.097 1053.685
1815.231 1250.529
1646.481 1102.915
1627.151 1233.229
1767.856 1125.003
1773.207 1234.357
1657.873 1265.876
1699.216 1165.613
1706.712 1251.754
1716.670 1133.398
1655.679 1238.535
1811.379 1194.986
1724.831 1238.903
1838.538 1176.496
1641.524 1070.510
1764.303 1239.821
1763.297 1182.145
1660.236 1051.886
1805.563 1197.564
1630.326 1066.648
1803.344 1098.833
1637.222 1078.737
1806.202 1209.197
1814.368 1100.319
1679.065 1087.185
1653.180 1223.655
1845.054 1108.471
1712.014 1234.885
1704.135 1148.768
1715.737 1218.417
1778.455 1149.702
1754.473 1196.883
1793.468 1231.278
1721.078 1091.503
1667.235 1101.069
1642.063 1198.324
1796.008 1175.847
1850.813 1211.476
1747.281 1063.819
1634.748 1261.911
1813.070 1102.231
1783.520 1101.166
1672.283 1105.662
1735.515 1044.532
1688.107 1238.646
1780.756 1144.779
1637.280 1262.061
1708.262 1223.035
1772.602 1070.776
1712.591 1250.509
1679.974 1061.904
1708.703 1144.865
1795.774 1060.197
1776.148 1151.479
1685.919 1138.403
1673.757 1042.125
1793.528 1086.297
1841.341 1227.277
1834.072 1064.172
1740.329 1238.869
1639.183 1041.993
1732.872 1174.497
1649.450 1209.716
1654.673 1079.385
1823.776 1136.078
1720.718 1052.696
1788.171 1076.101
1770.998 1198.337
1629.033 1048.132
1681.499 1197.542
1634.157 1200.331
1772.218 1154.575
1643.968 1259.896
1833.501 1186.229
1833.986 1141.655
1692.434 1191.708
1757.329 1236.066
1735.203 1208.081
1812.033 1190.786
1666.633 1166.392
1781.472 1074.513
1788.053 1161.440
1799.621 1074.336
1762.591 1092.292
1680.243 1121.786
1847.414 1171.402
1772.918 1188.025
1762.135 1078.216
1648.435 1080.154
1685.967 1203.180
1702.567 1048.699
1723.803 1142.924
1748.426 1164.277
1648.410 1125.883
1688.201 1087.897
1667.737 1228.578
1749.205 1187.071
1814.235 1254.634
1852.852 1156.063
1737.302 1264.122
1753.987 1248.999
1714.476 1111.659
1852.820 1152.786
1674.319 1188.576
1746.156 1235.269
1774.069 1215.434
1723.643 1072.716
1667.491 1172.735
1734.795 1077.992
1690.668 1050.096
1704.486 1135.797
1815.202 1263.666
1778.189 1220.010
1646.522 1122.702
1694.319 1129.276
1707.179 1087.481
1707.413 1046.931
1823.936 1157.296
1840.873 1148.346
1773.472 1181.361
1655.093 1184.057
1798.268 1050.098
1753.693 1251.809
1832.748 1257.655
1689.456 1198.529
1796.200 1084.026
1742.137 1195.991
1676.198 1129.106
1814.546 1258.668
1687.688 1148.973
1750.164 1142.131
1820.744 1094.367
1746.669 1243.626
1832.619 1042.244
1700.852 1044.047
1847.110 1167.284
1729.948 1057.167
1817.788 1174.035
1645.306 1105.044
1812.338 1162.169
1788.468 1142.714
1708.198 1214.695
1843.401 1109.723
1772.250 1248.135
1731.824 1118.248
1637.818 1243.400
1743.503 1162.290
1701.484 1244.691
1837.297 1075.581
1782.810 1187.486
1716.358 1234.416
1831.957 1063.233
1732.333 1199.902
1848.588 1242.854
1749.378 1259.462
1818.207 1188.174
1708.186 1206.358
1849.973 1122.571
1821.348 1106.881
1674.660 1170.215
1836.836 1052.639
1806.596 1168.467
1667.526 1061.192
1827.670 1124.616
1803.057 1101.129
1669.640 1169.449
1708.926 1255.328
1627.751 1101.872
1643.680 1256.451
1678.285 1233.724
1797.902 1143.535
1787.947 1217.312
1802.451 1193.386
1801.765 1168.776
1808.954 1118.205
1824.827 1115.893
1841.666 1164.273
1851.247 1064.071
1828.441 1079.276
1647.114 1090.638
1761.766 1193.789
1814.355 1075.317
1735.197 1250.825
1660.552 1052.257
1815.183 1118.185
1836.844 1182.187
1841.572 1047.678
1742.193 1205.882
1848.867 1210.999
1717.694 1236.827
1662.703 1047.619
1702.914 1218.067
1801.396 1089.728
1654.013 1088.344
1757.321 1206.674
1707.020 1135.274
1806.524 1195.422
1842.856 1116.785
1654.735 1262.149
1811.259 1072.924
1749.317 1241.689
1678.128 1131.472
1726.303 1226.733
1695.849 1199.863
1775.537 1199.221
1828.662 1119.656
1742.532 1127.434
1786.470 1242.639
1631.990 1259.724
1785.712 1207.632
1719.021 1202.606
1755.423 1176.419
1739.286 1254.703
1675.523 1210.920
1822.560 1109.452
1646.560 1110.455
1789.118 1200.870
1806.819 1117.382
1756.664 1109.902
1636.767 1077.414
1821.606 1105.540
1630.355 1085.727
1825.815 1113.486
1765.098 1234.326
1671.596 1041.321
1774.845 1234.189
1831.000 1110.771
1818.484 1050.131
1694.961 1091.642
1840.534 1089.530
1807.371 1149.985
1719.345 1041.536
1743.266 1075.703
1649.360 1132.700
1645.587 1099.395
1646.272 1152.301
1793.686 1133.673
1756.559 1174.892
1631.111 1097.609
1852.590 1170.357
1801.639 1093.175
1785.185 1106.853
1673.694 1136.664
1784.241 1047.038
1716.700 1244.954
1845.291 1191.764
1761.037 1171.932
1850.682 1040.586
1740.995 1045.781
1757.661 1221.863
1638.199 1265.345
1807.353 1214.020
1714.472 1075.479
1783.813 1051.305
1830.025 1242.872
1632.377 1074.411
1711.431 1123.697
1654.492 1165.840
1755.474 1116.336
1760.825 1085.059
1684.812 1246.419
1698.082 1047.725
1814.659 1145.790
1696.428 1058.705
1800.120 1064.034
1839.782 1117.857
1705.240 1222.238
1628.210 1262.220
1777.537 1141.650
1671.865 1256.440
1664.748 1264.934
1683.897 1089.465
1824.254 1149.022
1725.738 1132.038
1735.197 1237.431
1762.707 1130.569
1731.174 1114.377
1778.401 1162.962
1804.848 1139.267
1647.920 1118.211
1670.759 1198.723
1754.868 1142.865
1671.138 1241.585
1825.284 1257.886
1805.062 1132.079
1780.074 1044.770
1822.890 1211.095
1642.690 1216.504
1807.189 1108.655
1639.291 1217.000
1689.900 1100.651
1704.868 1100.323
1647.049 1169.176
1628.425 1120.472
1665.421 1071.317
1744.106 1226.757
1706.213 1094.173
1760.891 1228.100
1829.187 1049.078
1797.675 1117.207
1849.912 1252.739
1662.663 1150.868
1784.601 1181.697
1722.805 1093.251
1753.156 1160.078
1666.853 1111.419
1791.967 1137.881
1693.363 1097.352
1627.663 1113.312
1745.728 1240.570
1680.419 1242.151
1743.690 1232.509
1636.830 1203.141
1721.734 1199.335
1832.674 1137.890
1771.407 1198.687
1836.080 1225.273
1838.931 1052.791
1840.589 1136.882
1710.533 1264.044
1684.489 1175.490
1730.132 1202.153
1780.816 1136.958
1719.561 1119.876
1659.541 1250.066
1763.027 1085.227
1847.380 1208.605
1771.239 1068.670
1662.587 1208.677
1732.153 1265.262
1850.327 1194.209
1687.101 1191.311
1797.746 1255.979
1664.342 1222.539
1663.774 1092.594
1778.235 1047.943
1769.030 1134.022
1813.354 1228.316
1662.124 1127.062
1795.562 1220.373
1839.429 1236.361
1659.416 1142.908
1732.797 1212.460
1824.755 1055.712
1736.752 1231.292
1733.658 1230.314
1665.462 1224.784
1832.249 1201.901
1766.749 1078.900
1696.712 1209.163
1751.974 1172.298
1767.919 1235.895
1649.748 1074.466
1759.453 1202.740
1645.549 1191.351
1796.182 1175.183
1791.605 1178.033
1703.219 1204.887
1703.260 1122.913
1745.768 1197.791
1741.742 1234.230
1678.318 1061.100
1779.279 1055.659
1766.552 1249.586
1743.107 1228.903
1711.540 1093.044
1652.304 1133.260
1661.592 1107.946
1691.293 1212.040
1733.350 1182.345
1727.403 1059.996
1821.938 1127.129
1657.938 1192.984
1825.038 1076.834
1787.624 1092.155
1725.555 1200.795
1816.178 1147.772
1802.839 1225.348
1823.681 1250.356
1663.845 1231.981
1744.051 1048.412
1701.019 1247.237
1760.236 1211.976
1754.194 1228.770
1671.541 1210.916
1654.821 1131.877
1664.929 1254.647
1779.611 1216.215
1713.657 1250.391
1726.610 1097.985
1686.456 1251.930
1665.785 1168.529
1769.996 1252.126
1645.982 1186.558
1783.166 1173.731
1676.613 1058.600
1847.963 1079.063
1727.517 1221.673
1633.065 1193.174
1653.195 1210.849
1784.762 1088.229
1739.390 1170.367
1826.302 1257.645
1635.896 1217.134
1813.190 1083.446
1724.155 1083.654
1758.885 1068.116
1758.964 1047.524
1636.956 1155.086
1693.467 1094.210
1636.295 1062.421
1754.295 1053.917
1732.964 1116.074
1696.894 1060.360
1686.249 1053.074
1827.560 1123.953
1676.349 1125.458
1736.084 1188.533
1816.660 1164.902
1661.421 1152.476
1731.750 1145.785
1695.000 1146.137
1653.206 1080.113
1843.554 1117.838
1777.821 1215.427
1646.509 1104.681
1678.660 1119.557
1730.713 1075.582
1848.567 1176.223
1792.882 1117.884
1730.227 1175.724
1676.979 1139.793
1812.749 1208.748
1693.247 1113.931
1793.218 1169.200
1815.406 1127.844
1801.617 1147.135
1744.930 1054.018
1725.267 1249.990
1746.389 1155.274
1765.787 1242.697
1664.706 1159.634
1659.782 1155.830
1777.638 1084.445
1828.822 1111.176
1730.390 1080.509
1666.858 1079.773
1652.867 1223.006
1836.719 1097.782
1778.401 1204.250
1809.254 1223.492
1718.476 1044.646
1813.761 1041.402
1831.754 1138.472
1827.355 1203.006
1707.811 1130.849
1724.775 1227.725
1771.481 1257.616
1726.879 1255.169
1707.473 1051.571
1666.704 1096.918
1655.834 1059.693
1850.191 1199.362
1630.191 1221.701
1790.380 1100.613
1745.011 1063.741
1828.743 1138.065
1679.768 1121.164
1662.206 1166.748
1638.883 1194.410
1842.334 1141.461
1698.884 1116.306
1717.931 1137.585
1713.605 1158.953
1687.988 1175.065
1683.119 1177.059
1828.566 1068.239
1721.191 1142.734
1734.478 1093.877
1789.056 1231.659
1850.918 1120.653
1758.760 1193.050
1707.776 1047.098
1636.257 1187.665
1699.807 1203.322
1798.958 1161.095
1631.052 1048.734
1843.177 1202.492
1688.647 1144.857
1676.381 1086.725
1838.911 1157.219
1657.662 1068.361
1705.088 1220.930
1652.728 1077.836
1698.967 1247.627
1846.671 1116.328
1642.559 1066.681
1691.335 1262.508
1708.210 1254.388
1713.277 1178.556
1840.973 1079.975
1845.663 1223.755
1791.616 1149.597
1814.219 1083.976
1738.487 1137.003
1808.349 1180.106
1754.434 1063.018
1757.626 1072.099
1834.901 1200.375
1853.883 1093.497
1839.969 1182.460
1719.847 1216.373
1781.476 1050.146
1724.156 1061.053
1773.962 1102.509
1665.459 1165.480
1649.752 1242.445
1743.235 1153.133
1758.270 1126.429
1740.599 1177.170
1665.356 1223.738
1678.089 1212.912
1706.427 1158.058
1691.044 1112.767
1708.000 1075.547
1802.202 1051.577
1818.795 1129.334
1839.715 1132.494
1806.122 1214.634
1805.536 1234.648
1800.045 1131.610
1845.208 1050.251
1817.296 1157.536
1835.845 1168.038
1631.699 1112.999
1749.720 1097.346
1669.253 1124.687
1776.562 1196.224
1753.639 1209.044
1654.447 1198.308
1846.325 1222.148
1646.424 1120.204
1700.129 1062.639
1720.021 1258.037
1798.583 1098.184
1802.513 1179.135
1836.879 1141.530
1752.473 1172.848
1846.189 1156.376
1806.173 1146.419
1673.046 1202.908
1711.819 1174.205
1795.191 1229.926
1838.017 1195.421
1669.664 1226.314
1711.659 1237.061
1843.408 1156.145
1661.590 1253.253
1677.050 1061.078
1831.042 1125.447
1714.821 1039.247
1718.181 1042.589
1759.622 1260.833
1833.610 1189.060
1672.010 1114.531
1693.055 1222.227
1647.261 1153.884
1758.485 1137.025
1749.730 1115.998
1810.371 1127.523
1809.106 1057.224
1664.726 1103.367
1723.186 1222.291
1772.310 1217.944
1845.748 1190.495
1763.029 1104.708
1791.471 1040.471
1674.396 1174.631
1627.091 1049.009
1782.107 1235.923
1851.555 1176.605
1782.908 1153.081
1820.481 1136.682
1811.623 1254.158
1781.293 1074.764
1742.119 1043.385
1720.420 1175.089
1660.576 1102.066
1813.971 1178.269
1628.796 1091.059
1740.133 1229.484
1807.184 1167.166
1800.921 1145.136
1655.737 1161.688
1817.791 1128.687
1791.996 1210.549
1627.474 1188.004
1786.631 1263.677
1793.870 1131.505
1672.821 1221.374
1758.335 1152.628
1668.771 1093.443
1758.603 1073.557
1742.392 1178.339
1725.100 1159.747
1684.291 1192.770
1835.850 1094.575
1689.511 1072.246
1685.459 1199.739
1672.263 1157.177
1743.995 1244.537
1800.052 1239.040
1835.790 1085.786
1817.214 1261.744
1798.536 1119.787
1708.795 1107.192
1704.304 1246.726
1847.900 1058.519
1680.697 1135.579
1680.222 1052.048
1671.623 1067.352
1815.361 1234.998
1702.833 1066.168
1783.980 1158.895
1694.197 1064.060
1802.175 1257.143
1792.025 1073.115
1628.684 1192.861
1632.015 1224.269
1719.116 1151.473
1663.107 1085.874
1788.711 1078.814
1649.474 1216.366
1831.249 1158.450
1668.506 1169.302
1848.486 1137.218
1838.982 1148.942
1643.585 1145.798
1818.749 1168.745
1660.785 1205.392
1744.434 1159.012
1715.921 1248.307
1841.651 1234.814
1818.912 1061.591
1766.134 1245.749
1774.372 1247.833
1729.816 1061.470
1658.415 1208.578
1778.873 1055.665
1719.098 1230.478
1716.425 1142.867
1792.315 1129.316
1697.086 1101.917
1634.678 1092.021
1796.099 1191.964
1709.269 1049.314
1825.087 1180.346
1791.255 1247.504
1738.689 1220.987
1747.545 1126.090
1748.542 1158.769
1807.373 1170.311
1741.578 1224.695
1835.876 1186.144
1851.676 1079.384
1694.486 1133.153
1700.686 1153.104
1743.845 1125.308
1631.749 1051.450
1673.564 1171.208
1645.467 1142.754
1738.383 1117.844
1742.590 1130.505
1650.470 1069.397
1744.718 1263.599
1721.941 1192.940
1848.614 1144.095
1827.222 1220.391
1757.571 1052.194
1751.636 1182.423
1820.629 1040.510
1809.158 1250.064
1753.380 1067.019
1845.857 1115.094
1827.459 1079.079
1660.110 1138.863
1753.511 1201.137
1633.853 1101.240
1643.183 1101.603
1732.882 1098.819
1665.598 1159.936
1629.807 1087.127
1684.242 1133.124
1698.801 1205.129
1653.739 1148.022
1847.256 1048.905
1847.416 1261.066
1670.086 1143.206
1803.161 1141.214
1644.309 1180.891
1800.553 1189.966
1743.009 1084.104
1676.917 1179.186
1653.515 1176.524
1770.202 1221.193
1792.420 1251.469
1729.652 1122.760
1687.639 1263.527
1760.715 1206.759
1845.825 1138.587
1783.146 1224.828
1642.205 1077.414
1663.595 1129.531
1728.202 1202.826
1838.992 1062.268
1692.996 1080.563
1788.916 1137.832
1817.092 1056.917
1844.611 1232.532
1682.056 1229.380
1756.634 1208.399
1828.628 1057.298
1836.503 1178.285
1655.161 1140.409
1776.709 1261.678
1820.396 1186.710
1792.425 1262.056
1682.675 1071.322
1651.340 1233.634
1835.624 1261.238
1663.313 1183.631
1750.268 1072.886
1803.380 1215.358
1658.294 1243.091
1822.140 1191.109
1692.836 1196.069
1711.134 1170.260
1721.799 1217.544
1672.942 1092.087
1797.174 1215.849
1671.719 1183.649
1807.670 1086.626
1629.504 1188.257
1646.280 1151.816
1689.068 1047.376
1682.003 1133.270
1691.994 1095.384
1682.201 1108.380
1636.118 1156.817
1652.353 1091.123
1713.223 1212.602
1708.562 1207.014
1662.055 1124.700
1741.554 1151.453
1838.476 1123.051
1833.271 1051.707
1676.525 1078.912
1812.920 1239.640
1799.255 1240.809
1638.992 1172.899
1661.662 1114.095
1693.493 1185.272
1703.703 1243.296
1636.903 1194.167
1661.411 1254.794
1661.086 1230.921
1679.672 1162.421
1649.524 1130.012
1779.692 1135.865
1659.046 1243.803
1798.362 1206.817
1796.611 1196.954
1738.383 1152.374
1629.528 1074.291
1643.396 1087.696
1819.415 1214.176
1632.343 1149.241
1725.322 1075.115
1731.805 1121.201
1808.618 1076.762
1666.676 1130.288
1755.175 1185.338
1777.245 1236.025
1628.616 1061.138
1760.666 1148.536
1735.077 1141.122
1698.410 1159.551
1813.376 1161.123
1815.154 1079.418
1722.229 1226.305
1731.607 1108.513
1830.596 1232.410
1745.044 1054.062
1706.460 1136.359
1718.033 1114.375
1709.444 1228.488
1814.133 1158.762
1727.080 1086.083
1774.409 1200.507
1660.703 1113.605
1849.730 1144.804
1746.578 1217.597
1842.552 1252.505
1768.275 1245.871
1719.596 1223.656
1834.508 1247.569
1761.434 1132.293
1768.512 1102.987
1686.650 1041.598
1799.086 1161.180
1734.277 1115.149
1647.000 1053.043
1793.538 1075.404
1641.091 1144.214
1792.978 1189.700
1650.327 1197.831
1836.272 1195.455
1806.579 1221.686
1675.465 1127.547
1804.344 1113.613
1776.689 1178.241
1735.838 1135.061
1674.127 1102.887
1754.839 1233.673
1853.102 1051.174
1805.901 1071.985
1767.135 1233.402
1801.016 1172.606
1697.792 1211.262
1791.071 1221.089
1635.520 1150.158
1788.714 1119.910
1738.031 1123.184
1661.506 1237.608
1750.683 1237.612
1703.068 1240.159
1846.715 1089.210
1723.408 1146.081
1757.305 1051.460
1723.159 1107.737
1811.308 1235.065
1796.535 1157.844
1751.652 1062.294
1732.891 1106.620
1691.663 1091.621
1809.526 1151.734
1665.458 1104.265
1780.356 1232.462
1778.965 1079.706
1707.174 1190.010
1672.723 1121.900
1637.723 1149.460
1748.146 1239.183
1708.404 1063.692
1665.351 1170.669
1792.651 1160.280
1698.138 1265.338
1847.598 1225.433
1834.658 1189.258
1738.422 1236.161
1674.282 1209.017
1852.410 1246.079
1729.326 1092.080
1682.475 1248.278
1645.078 1211.357
1736.337 1210.132
1798.720 1227.574
1669.213 1224.509
1741.599 1137.534
1706.116 1263.376
1703.253 1159.063
1727.779 1144.261
1792.452 1109.583
1774.938 1252.079
1795.182 1090.673
1630.334 1095.074
1755.819 1086.296
1788.798 1213.568
1747.299 1046.958
1653.182 1096.013
1724.310 1212.229
1826.677 1094.744
1711.635 1143.183
1713.364 1263.530
1665.202 1257.786
1763.795 1078.531
1792.081 1222.278
1801.194 1232.347
1719.692 1116.105
1708.323 1072.447
1694.318 1118.332
1771.803 1230.266
1709.143 1206.426
1820.511 1126.049
1710.305 1071.455
1849.555 1204.421
1792.168 1199.184
1632.284 1223.357
1839.819 1189.238
1845.393 1176.791
1778.177 1065.596
1670.667 1103.742
1780.281 1192.137
1786.517 1240.228
1792.484 1047.276
1672.665 1126.080
1781.018 1193.155
1714.427 1096.425
1775.351 1182.467
1762.845 1217.857
1799.842 1226.074
1663.934 1246.042
1720.531 1056.337
1645.493 1061.891
1818.978 1197.513
1841.527 1186.325
1828.053 1163.074
1852.963 1116.935
1827.821 1073.189
1661.052 1206.423
1752.983 1098.245
1842.801 1206.288
1629.811 1069.736
1784.479 1257.033
1726.624 1208.083
1699.651 1087.539
1730.504 1065.522
1659.952 1236.665
1764.892 1045.096
1832.121 1083.579
1645.569 1223.335
1794.048 1116.010
1688.717 1040.017
1737.793 1185.955
1759.785 1217.542
1681.259 1187.880
1768.372 1232.808
1764.891 1193.083
1734.764 1151.881
1696.038 1105.353
1646.796 1243.003
1748.471 1044.327
1654.888 1054.542
1787.763 1136.804
1655.864 1120.928
1742.436 1211.876
1738.489 1068.247
1801.971 1245.036
1754.760 1165.462
1748.667 1130.035
1814.305 1100.837
1634.508 1209.158
1676.022 1189.994
1702.416 1085.740
1787.540 1212.187
1805.736 1136.265
1851.225 1070.689
1653.312 1191.337
1650.694 1104.660
1740.813 1160.705
1750.834 1106.186
1845.201 1063.020
1644.604 1196.165
1788.592 1128.856
1821.343 1043.337
1742.728 1224.722
1732.878 1099.717
1807.865 1146.761
1731.830 1113.159
1747.617 1263.541
1751.334 1232.222
1720.909 1125.543
1650.986 1132.746
1696.409 1084.942
1806.885 1122.843
1810.963 1141.611
1698.911 1113.919
1849.023 1133.957
1684.770 1195.186
1657.004 1146.754
1825.931 1173.179
1712.163 1254.729
1807.285 1246.416
1697.513 1242.736
1786.098 1078.326
1762.000 1084.280
1682.813 1166.422
1824.707 1062.890
1687.940 1233.182
1808.546 1154.737
1810.039 1206.728
1659.505 1193.384
1762.623 1112.548
1690.556 1167.282
1770.023 1231.967
1672.796 1223.121
1683.310 1064.038
1636.085 1230.831
1730.887 1156.261
1744.455 1064.567
1631.264 1119.390
1780.992 1073.391
1760.465 1136.828
1827.803 1198.918
1716.952 1166.415
1820.464 1124.237
1753.622 1042.976
1842.030 1080.943
1833.786 1095.920
1752.048 1265.275
1771.132 1125.001
1683.645 1201.327
1728.634 1255.095
1801.063 1208.537
1844.390 1159.834
1636.256 1192.070
1786.556 1061.820
1773.647 1161.283
1785.500 1076.076
1692.784 1228.652
1626.988 1122.065
1847.385 1157.398
1732.711 1165.999
1796.833 1045.229
1763.002 1166.121
1818.320 1193.302
1664.198 1193.163
1647.912 1200.371
1634.222 1051.867
1679.898 1203.107
1835.114 1183.400
1685.695 1140.237
1717.987 1066.559
1758.450 1102.354
1634.973 1175.219
1849.569 1194.528
1648.153 1185.072
1638.196 1220.425
1841.941 1184.419
1836.658 1258.461
1809.301 1055.668
1695.869 1104.054
1648.404 1198.751
1658.941 1056.147
1759.267 1105.181
1679.006 1163.971
1765.104 1083.001
1728.895 1160.869
1715.419 1157.129
1650.955 1234.593
1747.116 1198.076
1794.499 1045.315
1840.880 1074.682
1780.543 1109.571
1841.866 1200.985
1769.559 1106.107
1798.736 1092.534
1747.655 1062.114
1710.952 1239.781
1627.006 1050.316
1654.053 1039.257
1844.397 1184.083
1708.055 1153.389
1700.486 1081.670
1747.554 1064.995
1780.741 1109.821
1710.785 1045.276
1826.990 1156.945
1800.942 1061.242
1818.253 1066.017
1659.559 1263.931
1723.035 1167.801
1773.502 1257.592
1773.750 1257.843
1718.155 1137.293
1726.993 1211.627
1682.562 1045.903
1849.886 1201.583
1688.909 1219.009
1837.411 1098.986
1808.061 1212.651
1788.737 1087.005
1668.326 1194.927
1692.581 1241.834
1832.179 1192.814
1808.260 1174.828
1695.407 1056.983
1853.241 1046.998
1694.396 1110.125
1648.718 1233.239
1739.681 1144.636
1726.510 1151.385
1802.700 1217.413
1653.028 1099.218
1828.355 1225.982
1835.912 1180.544
1640.074 1068.502
1811.511 1186.735
1793.319 1223.346
1656.826 1155.194
1683.239 1079.794
1642.178 1044.729
1831.704 1097.278
1677.078 1071.577
1782.798 1042.527
1844.982 1219.479
1724.186 1246.191
1766.424 1167.248
1705.089 1162.743
1783.329 1223.650
1828.816 1132.973
1674.130 1054.272
1816.684 1147.117
1706.350 1225.578
1664.519 1061.842
1703.176 1070.421
1780.899 1209.683
1804.584 1257.504
1633.499 1242.019
1658.796 1048.187
1765.631 1169.005
1685.940 1182.765
1814.760 1094.193
1752.440 1153.510
1805.493 1040.741
1695.610 1185.665
1839.656 1054.440
1695.853 1132.861
1767.943 1069.275
1730.019 1179.469
1630.721 1257.288
1649.633 1174.732
1798.774 1262.357
1765.382 1218.779
1751.832 1249.933
1633.796 1203.399
1698.861 1141.665
1785.916 1185.826
1639.178 1203.589
1651.031 1247.908
1705.434 1041.997
1851.436 1127.727
1794.375 1127.377
1715.819 1095.721
1752.073 1154.985
1730.459 1137.958
1707.172 1253.539
1762.662 1199.679
1852.236 1060.864
1730.834 1151.161
1681.059 1149.103
1649.449 1248.588
1805.380 1151.606
1739.860 1042.439
1847.767 1055.498
1839.673 1046.060
1723.464 1140.812
1840.807 1262.785
1768.886 1168.712
1656.392 1190.306
1734.661 1236.755
1643.164 1069.198
1772.002 1176.868
1821.054 1091.700
1812.422 1111.115
1654.751 1246.606
1731.640 1249.897
1671.542 1128.078
1689.297 1085.455
1690.447 1134.711
1842.162 1123.540
1848.842 1099.385
1627.658 1084.723
1820.741 1216.097
1724.650 1173.885
1708.287 1125.743
1715.166 1218.812
1638.326 1253.306
1839.453 1125.132
1778.821 1192.333
1768.490 1061.381
1634.638 1246.792
1657.734 1052.032
1725.969 1056.210
1781.334 1239.370
1694.150 1119.219
1750.891 1157.303
1818.366 1211.215
1770.384 1124.054
1707.757 1207.892
1849.598 1133.643
1765.037 1210.336
1826.775 1053.526
1702.047 1255.512
1823.937 1193.465
1729.086 1247.427
1647.135 1226.579
1704.730 1134.489
1836.518 1073.334
1741.812 1051.599
1711.394 1042.648
1687.536 1094.755
1768.923 1098.024
1752.076 1236.032
1699.818 1055.594
1708.685 1176.427
1845.095 1220.956
1643.045 1236.630
1680.693 1211.859
1712.537 1156.584
1735.530 1126.981
1744.940 1262.125
1660.106 1185.882
1804.624 1098.319
1805.204 1222.045
1673.062 1213.477
1732.097 1143.400
1771.874 1119.445
1662.968 1090.788
1652.768 1077.569
1662.776 1109.228
1638.694 1124.899
1722.803 1098.454
1704.387 1117.929
1655.782 1054.270
1808.882 1104.640
1759.291 1058.035
1767.380 1160.041
1717.181 1121.915
1847.447 1096.130
1738.833 1207.038
1838.068 1043.048
1811.401 1163.866
1822.134 1073.465
1694.885 1083.251
1815.668 1112.076
1662.559 1239.468
1682.899 1145.092
1742.339 1042.026
1832.947 1070.188
1684.665 1073.188
1845.415 1131.966
1671.628 1145.988
1824.788 1071.931
1753.043 1135.376
1723.489 1115.258
1679.289 1212.050
1785.113 1179.970
1655.751 1049.631
1828.377 1082.272
1775.836 1198.986
1635.795 1159.428
1632.123 1181.878
1844.558 1123.110
1843.236 1047.084
1751.898 1154.280
1769.508 1200.487
1710.811 1153.666
1853.570 1118.381
1695.623 1226.107
1709.315 1229.585
1830.880 1264.518
1682.997 1102.384
1732.685 1066.755
1666.606 1205.368
1838.371 1112.747
1797.350 1252.604
1662.347 1058.626
1850.621 1141.195
1747.956 1143.513
1795.443 1192.828
1816.364 1222.096
1673.815 1214.303
1804.457 1177.542
1757.665 1260.034
1736.221 1236.384
1803.366 1108.169
1787.170 1166.138
1776.439 1180.363
1739.046 1185.224
1767.454 1241.715
1832.632 1181.078
1727.388 1184.047
1677.481 1184.998
1675.222 1173.451
1831.838 1168.591
1783.384 1076.986
1822.494 1097.154
1736.050 1064.238
1785.500 1260.293
1744.457 1178.115
1847.468 1042.089
1826.001 1070.789
1710.611 1210.273
1822.683 1249.836
1834.563 1070.807
1653.342 1114.186
1645.865 1061.128
1679.674 1108.003
1683.430 1166.774
1711.224 1170.142
1784.482 1076.338
1839.503 1216.952
1797.048 1087.821
1785.253 1118.570
1713.468 1256.802
1806.548 1260.242
1813.966 1051.727
1659.146 1096.688
1707.802 1079.857
1702.498 1186.342
1667.132 1142.055
1844.774 1163.927
1763.786 1213.209
1757.810 1152.670
1638.555 1131.359
1797.996 1097.866
1735.567 1066.550
1661.832 1062.494
1678.043 1241.677
1800.682 1085.993
1748.492 1237.357
1661.033 1145.727
1743.404 1100.697
1848.171 1176.053
1681.875 1199.893
1775.656 1088.523
1796.160 1073.645
1759.696 1146.037
1635.531 1151.952
1794.295 1149.604
1729.818 1041.346
1691.820 1142.636
1691.299 1142.771
1759.734 1259.005
1692.334 1163.418
1707.218 1260.603
1790.489 1146.662
1659.359 1077.982
1719.310 1209.448
1850.229 1256.837
1676.322 1244.854
1704.745 1226.414
1710.844 1188.916
1662.413 1196.842
1738.321 1153.350
1823.678 1216.225
1804.781 1127.070
1723.674 1186.919
1654.938 1070.155
1674.934 1120.934
1828.283 1242.916
1702.453 1175.698
1763.496 1125.488
1772.106 1087.736
1673.029 1147.346
1818.981 1176.520
1850.145 1199.788
1630.417 1210.517
1631.392 1132.167
1832.076 1195.365
1688.739 1045.223
1820.402 1083.501
1714.626 1061.591
1654.815 1074.071
1852.515 1121.958
1697.971 1176.658
1818.870 1057.054
1695.375 1264.643
1688.448 1132.215
1707.835 1044.779
1817.771 1162.916
1651.610 1091.943
1632.207 1089.684
1687.289 1089.999
1688.156 1221.747
1804.919 1163.080
1792.436 1045.316
1853.482 1105.905
1787.750 1247.884
1849.672 1247.879
1653.802 1253.912
1711.366 1051.161
1775.894 1095.444
1834.204 1126.426
1674.970 1067.571
1771.100 1101.579
1752.377 1145.238
1839.497 1043.023
1769.958 1169.168
1753.347 1072.750
1696.232 1145.651
1806.471 1258.067
1851.411 1147.889
1670.459 1228.461
1750.122 1157.807
1735.839 1246.687
1648.636 1235.938
1732.199 1149.307
1660.172 1211.087
1780.625 1113.026
1682.050 1044.002
1819.047 1265.031
1654.776 1242.853
1848.938 1215.228
1786.024 1069.000
1748.478 1131.720
1762.496 1219.782
1815.587 1061.851
1781.172 1039.945
1822.495 1066.533
1815.190 1170.737
1685.169 1163.604
1751.945 1193.292
1633.881 1093.195
1776.440 1234.757
1654.876 1147.243
1814.006 1046.892
1694.189 1138.816
1643.904 1221.819
1711.225 1198.900
1680.511 1065.311
1682.365 1228.716
1749.812 1191.806
1685.679 1080.593
1713.556 1171.025
1647.242 1191.269
1742.304 1257.720
1799.048 1229.429
1805.554 1190.705
1808.228 1068.138
1845.945 1174.748
1798.174 1183.993
1733.805 1266.409
1647.131 1128.478
1768.253 1046.036
1664.944 1178.493
1803.235 1235.981
1758.979 1154.492
1687.872 1176.732
1664.552 1128.360
1627.541 1144.351
1738.989 1063.558
1761.759 1050.731
1687.515 1185.652
1637.837 1082.901
1686.991 1201.263
1698.928 1233.220
1655.629 1265.845
1773.580 1083.882
1673.012 1190.147
1714.222 1105.558
1718.474 1157.329
1769.922 1245.656
1737.068 1081.912
1646.439 1148.381
1838.684 1147.254
1805.687 1183.924
1714.170 1067.780
1752.274 1130.424
1633.452 1086.869
1694.045 1094.184
1631.538 1226.686
1744.654 1148.518
1675.688 1173.722
1631.239 1223.091
1820.238 1253.356
1677.203 1118.747
1819.147 1158.772
1840.261 1165.085
1715.244 1177.926
1851.883 1132.756
1656.471 1176.079
1844.539 1060.737
1710.039 1236.902
1752.923 1115.279
919.309 1578.595
833.951 1577.507
944.494 1672.755
974.282 1710.681
999.081 1683.128
914.244 1731.302
998.822 1671.909
1005.218 1605.207
962.199 1593.401
828.661 1584.383
986.284 1742.589
1051.415 1724.197
875.213 1729.056
1019.986 1549.325
838.175 1699.816
883.140 1617.755
830.694 1666.567
843.573 1706.469
913.372 1684.030
918.888 1624.571
1037.198 1610.787
855.114 1708.188
942.884 1705.215
909.741 1674.796
1001.017 1699.372
828.381 1554.422
901.022 1636.244
829.365 1737.021
831.178 1531.280
900.766 1559.543
943.398 1540.634
944.214 1681.485
929.772 1729.990
939.117 1670.209
1006.674 1579.095
936.248 1544.891
995.908 1637.030
1021.733 1540.236
954.839 1719.705
862.137 1654.023
880.473 1658.380
939.463 1718.996
988.104 1738.339
958.636 1616.281
1003.671 1674.343
875.818 1749.684
834.829 1660.743
922.078 1695.297
870.065 1672.933
860.896 1547.789
1009.341 1662.505
995.700 1537.944
860.522 1634.806
850.707 1698.968
933.525 1547.765
1018.912 1610.038
843.788 1618.199
950.879 1559.809
976.141 1655.096
986.381 1586.303
971.466 1586.286
1018.491 1541.746
900.929 1706.665
855.053 1595.921
978.213 1535.766
848.747 1664.801
912.079 1660.824
994.595 1665.480
894.331 1736.023
1006.209 1663.003
1030.411 1729.641
829.312 1538.092
1012.785 1625.973
1035.440 1678.604
834.839 1600.467
986.041 1673.744
857.843 1720.979
922.476 1680.139
866.461 1716.333
1047.295 1656.141
1001.499 1577.819
905.653 1602.296
1015.015 1602.466
890.342 1627.079
1040.334 1701.328
1050.250 1669.266
997.497 1570.528
1039.229 1662.051
857.743 1737.507
873.895 1691.309
881.309 1713.492
855.418 1692.159
932.745 1569.739
923.117 1700.066
895.056 1662.381
872.159 1531.760
1026.053 1652.456
1037.966 1669.785
849.985 1652.213
910.914 1609.187
991.643 1705.929
911.120 1644.702
928.827 1741.371
931.606 1580.162
828.854 1598.997
898.250 1721.155
1017.018 1548.958
935.337 1674.005
859.476 1617.137
922.308 1665.629
1045.897 1710.537
985.788 1613.111
900.988 1567.458
998.067 1751.688
960.367 1690.019
987.965 1552.517
853.670 1608.497
863.398 1691.213
913.178 1743.572
851.344 1725.540
968.240 1544.006
874.266 1732.727
924.674 1652.935
989.591 1619.709
862.836 1580.593
970.474 1612.147
973.129 1532.330
878.937 1623.922
933.529 1661.659
938.041 1744.798
898.569 1740.623
942.380 1685.986
1029.366 1686.402
967.491 1679.109
904.875 1747.335
883.970 1699.449
921.966 1587.723
830.108 1675.500
996.203 1692.382
908.992 1688.816
863.111 1600.595
889.080 1599.090
990.654 1677.099
1010.721 1551.544
868.579 1718.665
966.000 1746.459
975.529 1559.193
868.960 1539.032
860.187 1741.519
914.104 1740.494
1009.203 1646.319
870.305 1731.851
925.037 1534.538
926.571 1715.356
889.110 1706.765
1023.780 1617.075
1022.541 1695.911
952.758 1656.047
986.867 1695.258
958.445 1707.111
884.948 1750.861
850.366 1574.004
875.584 1753.016
941.880 1645.499
994.869 1540.432
848.450 1616.143
894.904 1660.633
926.451 1741.280
941.825 1646.432
888.798 1552.033
896.518 1546.592
1005.940 1720.891
842.309 1729.312
828.107 1712.170
1007.044 1747.198
909.392 1704.910
1003.393 1672.893
976.452 1721.638
1010.265 1659.787
914.405 1683.779
918.724 1704.415
884.592 1541.525
845.958 1688.445
891.453 1653.610
936.527 1605.442
880.739 1549.001
988.790 1624.015
846.356 1601.452
984.749 1741.058
907.648 1540.804
977.809 1602.885
917.197 1604.039
904.814 1621.282
959.323 1756.538
1036.610 1582.471
940.328 1639.563
930.790 1665.709
888.250 1613.568
968.982 1643.341
1018.959 1604.058
1026.411 1730.982
907.336 1716.462
999.545 1673.758
859.988 1584.348
898.496 1544.123
995.207 1667.967
925.326 1567.275
861.893 1576.223
833.048 1645.378
891.322 1677.915
863.898 1727.159
985.897 1633.911
935.342 1565.891
962.973 1720.572
895.490 1615.488
992.666 1632.080
968.592 1716.260
833.136 1742.133
996.622 1566.991
946.371 1720.650
862.545 1589.220
830.492 1651.104
981.060 1540.814
911.223 1733.411
961.602 1739.874
905.199 1538.502
863.247 1699.947
935.452 1697.137
1042.789 1679.696
873.773 1580.124
828.150 1666.136
974.334 1573.470
1044.373 1598.713
933.254 1601.349
1009.090 1748.705
890.210 1563.490
1041.196 1635.396
989.136 1714.534
837.618 1606.215
958.284 1539.162
872.030 1716.607
978.660 1686.085
892.983 1563.619
830.129 1615.090
888.248 1742.616
1009.084 1595.968
913.609 1690.481
1021.704 1681.693
862.388 1534.877
847.018 1530.308
927.377 1569.490
1053.036 1616.463
1008.914 1659.179
850.650 1580.754
1036.028 1615.027
957.178 1529.853
946.718 1617.945
830.762 1672.550
1011.824 1578.174
925.202 1568.149
1042.030 1551.290
906.769 1709.340
843.626 1652.206
944.867 1641.673
845.575 1736.956
885.260 1649.511
1016.507 1534.842
860.653 1535.760
957.064 1609.526
979.295 1746.665
1000.539 1671.329
926.734 1589.934
841.284 1650.877
954.737 1608.121
830.408 1583.026
914.579 1584.687
916.042 1639.508
955.299 1674.041
988.372 1652.283
904.773 1570.698
893.264 1587.501
856.280 1577.551
1044.124 1658.647
995.461 1694.740
876.116 1680.553
916.511 1676.445
921.230 1621.786
1037.557 1597.864
834.924 1670.783
893.020 1599.769
1016.251 1581.922
997.603 1556.745
837.283 1724.752
1028.025 1687.316
855.713 1664.348
912.277 1728.701
873.835 1539.766
865.559 1560.916
1027.439 1687.332
993.450 1690.764
993.518 1741.411
922.978 1636.127
1012.046 1680.761
998.725 1655.289
933.157 1612.567
884.707 1710.684
875.975 1697.106
1011.068 1655.593
934.205 1713.879
990.168 1547.859
980.226 1552.064
931.427 1536.644
978.991 1643.296
913.816 1631.314
917.703 1610.433
955.184 1576.684
844.433 1668.749
1021.312 1678.481
884.962 1645.944
908.601 1649.844
1002.769 1566.632
860.500 1612.934
883.900 1721.072
847.804 1704.503
1053.678 1654.802
937.646 1739.957
1032.639 1620.247
912.465 1674.270
874.140 1747.880
956.218 1590.726
829.355 1648.417
872.802 1746.156
927.447 1754.797
951.331 1615.901
871.663 1603.851
880.086 1652.620
941.211 1733.093
976.302 1674.907
1032.995 1603.243
995.490 1607.222
843.544 1580.392
925.011 1533.797
1046.865 1685.884
854.540 1754.314
914.448 1561.754
1010.570 1561.017
1031.954 1689.353
1015.051 1672.931
880.997 1672.116
1024.913 1568.033
1031.219 1728.266
882.518 1616.522
834.815 1609.331
867.749 1685.965
1049.545 1599.429
1046.554 1647.981
829.018 1580.559
1019.195 1543.180
1020.339 1546.818
970.410 1626.267
863.317 1539.535
1020.280 1537.460
1022.093 1597.733
1002.831 1547.919
862.395 1572.525
841.467 1678.967
835.474 1615.427
1026.100 1664.972
927.696 1673.199
974.477 1710.596
842.615 1725.607
1009.556 1601.954
889.457 1691.294
1012.570 1591.304
1003.262 1666.076
1042.559 1728.028
846.999 1715.403
1038.957 1678.954
850.640 1596.548
1021.073 1608.180
1047.435 1596.107
1012.956 1725.585
991.325 1581.326
1034.507 1568.301
901.014 1594.310
908.265 1661.844
874.965 1561.245
1042.374 1691.652
888.477 1751.977
1042.725 1556.925
834.478 1642.354
980.742 1572.933
1036.344 1670.506
838.284 1598.123
933.336 1578.412
897.730 1604.269
855.849 1580.445
911.117 1597.275
836.457 1686.850
989.601 1666.123
893.349 1592.576
831.149 1648.983
924.122 1549.657
949.755 1539.160
1013.211 1532.617
946.139 1683.758
1030.278 1663.272
965.304 1600.762
835.678 1692.455
989.015 1560.203
983.055 1614.204
908.748 1736.891
953.897 1717.239
923.772 1682.156
972.439 1600.884
935.592 1694.553
856.694 1579.461
977.737 1719.905
859.288 1619.343
833.403 1568.552
1031.518 1704.552
994.329 1679.172
853.963 1736.419
898.215 1643.947
844.504 1686.959
943.686 1586.073
992.366 1609.350
864.978 1606.136
864.627 1638.969
886.824 1672.633
1030.469 1711.385
1044.597 1696.194
860.827 1532.055
901.194 1623.672
1033.932 1712.787
1032.993 1546.606
1049.065 1581.451
959.848 1712.710
962.267 1731.441
915.319 1629.746
1012.508 1609.467
869.670 1632.313
961.872 1674.931
953.161 1566.278
980.175 1600.879
893.384 1571.449
943.452 1602.569
830.623 1544.993
989.139 1558.485
945.910 1674.212
898.481 1672.729
988.417 1731.186
988.904 1548.271
828.350 1750.895
876.361 1554.625
1022.008 1725.288
888.697 1532.871
1039.670 1616.517
1015.699 1692.186
997.920 1679.884
987.002 1754.576
992.030 1679.342
918.448 1701.028
829.200 1606.107
907.910 1537.476
989.618 1693.407
915.953 1602.295
835.123 1687.063
963.058 1654.852
1012.836 1598.430
1054.405 1589.220
963.304 1668.503
933.765 1700.640
855.011 1531.717
929.733 1587.548
984.520 1572.702
953.158 1747.303
1020.574 1591.737
932.735 1672.933
862.083 1566.492
942.102 1710.513
907.706 1728.910
1023.306 1660.098
828.969 1585.870
1027.706 1675.336
918.246 1707.774
982.446 1604.461
923.052 1736.954
829.311 1690.557
942.446 1673.046
869.627 1658.011
969.550 1737.281
988.391 1738.304
850.561 1620.673
934.642 1661.644
945.664 1752.463
1016.873 1529.796
917.916 1599.914
888.800 1679.935
852.339 1592.191
901.007 1603.756
917.392 1540.543
896.647 1617.317
1004.821 1610.733
987.435 1561.546
1041.697 1532.714
963.398 1554.692
967.460 1676.523
1015.685 1567.334
987.872 1754.242
927.435 1663.783
999.139 1690.095
1050.595 1635.668
971.321 1655.716
865.371 1531.561
1024.330 1581.757
1007.601 1697.550
919.242 1680.245
1017.554 1613.297
850.598 1725.049
868.529 1591.825
862.059 1700.404
852.347 1628.954
1029.931 1623.798
888.198 1653.640
996.902 1725.208
1003.988 1756.973
976.443 1579.852
998.218 1596.944
1024.379 1651.081
963.396 1599.086
950.529 1715.202
1011.372 1680.962
884.217 1561.429
852.991 1588.696
994.060 1715.208
1014.775 1567.909
831.656 1587.580
875.890 1577.935
1003.479 1729.050
865.321 1652.791
915.635 1685.429
950.599 1563.867
893.202 1542.074
1009.202 1591.757
886.389 1579.693
1046.481 1662.387
893.713 1535.981
1049.398 1636.231
1025.543 1539.870
965.995 1609.998
915.553 1594.974
877.399 1752.755
857.973 1745.771
944.691 1692.878
879.338 1633.144
998.246 1741.984
903.971 1712.333
953.416 1705.235
1025.729 1754.848
986.766 1751.011
857.704 1678.939
1005.467 1665.028
1051.338 1568.913
976.603 1685.251
1045.867 1556.661
905.488 1586.275
920.372 1703.267
883.635 1534.894
903.988 1713.838
1037.780 1720.058
991.671 1606.690
869.821 1726.086
848.249 1748.452
934.395 1730.467
1039.897 1590.304
876.304 1560.191
892.253 1638.372
883.247 1701.693
962.805 1616.647
924.051 1615.872
959.078 1661.329
914.249 1611.286
1020.344 1715.367
998.761 1535.596
853.764 1557.664
1050.631 1627.682
970.671 1557.904
975.069 1681.289
1046.653 1656.777
889.213 1616.806
1028.042 1622.447
946.204 1666.581
850.642 1730.974
1043.302 1734.799
897.361 1539.131
857.973 1542.444
964.706 1640.804
1000.195 1588.123
947.616 1574.837
927.730 1667.138
917.823 1664.149
1050.128 1665.093
968.868 1640.175
932.864 1679.166
1042.159 1595.986
1042.885 1637.393
975.043 1718.547
844.301 1650.109
1048.678 1708.556
916.972 1611.126
927.074 1562.470
923.765 1607.951
866.425 1529.932
1012.323 1612.652
889.243 1706.089
1050.469 1649.241
886.651 1549.495
974.727 1596.552
883.387 1645.384
927.416 1539.679
974.040 1550.286
949.686 1624.315
938.451 1714.108
915.934 1548.148
971.534 1715.175
1027.448 1631.787
1012.983 1618.232
989.178 1548.066
931.587 1588.854
1002.221 1549.594
836.646 1587.825
899.336 1704.830
1009.213 1546.996
956.684 1639.029
883.602 1639.579
925.125 1536.710
1032.778 1643.165
862.905 1671.585
956.185 1697.094
897.589 1662.550
875.331 1560.534
976.700 1696.729
972.659 1724.953
934.933 1697.077
1043.983 1689.986
888.405 1687.420
885.048 1747.410
992.391 1572.901
834.330 1755.957
889.023 1557.395
951.329 1624.949
876.471 1720.669
867.794 1715.994
863.685 1699.238
958.960 1635.748
917.573 1655.458
943.225 1722.137
1015.867 1716.724
987.441 1692.700
1024.863 1658.322
972.194 1673.794
955.048 1694.262
873.007 1754.244
966.922 1739.458
948.047 1713.544
829.566 1565.547
907.723 1630.127
970.646 1638.435
882.961 1664.621
860.589 1564.442
931.487 1754.084
918.715 1544.380
980.640 1559.014
996.266 1597.304
955.931 1690.428
1033.429 1543.780
1028.455 1611.138
856.946 1623.893
969.015 1544.502
989.580 1617.236
964.451 1730.250
1018.978 1565.805
963.084 1723.569
902.037 1580.655
963.887 1641.731
833.199 1551.602
967.757 1589.460
870.799 1661.661
1038.340 1712.830
1033.874 1638.005
917.800 1654.496
903.665 1738.861
974.163 1741.306
882.978 1580.841
926.824 1652.540
948.410 1672.354
1016.499 1737.241
1031.439 1725.486
1033.691 1535.058
902.276 1549.583
843.952 1617.357
1007.537 1587.965
956.414 1542.657
944.241 1733.992
955.171 1726.384
1036.451 1602.053
916.181 1609.355
1052.832 1621.700
1049.932 1694.661
831.347 1716.930
839.947 1529.840
991.006 1706.678
910.211 1614.694
900.125 1623.851
1033.630 1567.476
965.151 1713.973
872.869 1606.476
921.325 1668.395
889.483 1584.052
941.685 1673.404
1001.186 1735.211
1025.814 1593.288
888.150 1700.185
850.397 1542.643
845.988 1562.794
943.759 1636.899
921.349 1689.085
969.633 1626.486
929.792 1650.358
868.434 1714.177
861.858 1631.283
1006.142 1735.638
996.060 1710.511
963.176 1709.449
1008.104 1717.413
949.085 1689.980
899.207 1538.643
942.256 1699.561
907.904 1616.563
884.076 1666.946
1033.183 1712.163
865.775 1547.286
1005.453 1611.667
891.837 1647.646
1015.430 1699.364
1050.791 1578.103
970.604 1723.068
974.245 1666.568
918.640 1626.418
837.111 1594.597
1041.273 1736.981
997.392 1658.543
828.881 1597.459
890.404 1588.016
957.569 1652.493
894.575 1622.605
903.220 1700.231
1038.530 1699.405
895.633 1695.318
966.303 1625.789
997.711 1611.190
981.161 1716.516
976.665 1643.160
863.061 1600.728
887.364 1653.025
961.038 1709.136
949.168 1732.071
1020.860 1627.254
918.477 1727.220
1027.393 1613.298
867.017 1694.447
974.307 1588.870
894.489 1611.313
1006.333 1740.910
842.699 1644.499
903.001 1574.341
998.290 1552.818
934.283 1618.897
842.492 1591.617
988.618 1546.393
853.804 1586.270
1046.349 1556.609
900.327 1529.811
944.780 1672.149
851.374 1704.688
1027.107 1717.905
906.498 1743.020
986.003 1623.892
919.968 1607.919
830.238 1532.739
895.409 1563.015
841.376 1677.317
969.049 1691.669
971.800 1668.174
1044.034 1540.757
1000.536 1626.543
983.086 1690.738
998.965 1558.697
888.857 1654.284
1022.176 1590.690
955.188 1676.393
970.617 1756.338
1028.697 1573.310
898.046 1595.268
925.911 1725.793
884.579 1683.212
988.117 1696.378
865.757 1555.885
908.395 1648.365
1014.718 1628.544
986.967 1620.309
991.551 1698.289
977.977 1609.307
928.734 1726.029
886.409 1742.753
893.450 1645.946
933.958 1588.059
902.066 1537.607
1030.605 1569.490
989.796 1630.843
1040.153 1662.624
938.364 1566.060
956.795 1604.557
924.971 1589.894
892.216 1636.490
1007.381 1662.562
875.538 1568.997
928.591 1697.764
1026.040 1620.986
893.151 1598.631
872.506 1684.448
880.089 1665.069
980.686 1679.699
880.058 1637.340
992.593 1714.622
837.991 1658.464
1032.169 1626.084
893.050 1724.410
1014.304 1677.945
960.906 1677.551
1004.491 1546.741
844.943 1727.736
938.266 1541.538
933.959 1543.982
1015.619 1629.501
923.526 1729.814
947.129 1574.104
883.020 1579.994
961.359 1550.062
903.355 1606.735
918.456 1542.519
844.081 1632.981
968.976 1564.942
1020.280 1538.701
897.300 1602.752
959.703 1587.114
846.453 1583.042
1005.276 1733.313
1027.581 1552.502
875.672 1538.204
844.043 1568.927
979.203 1642.896
976.846 1754.270
1042.508 1573.564
864.923 1709.455
1045.219 1581.165
872.311 1681.944
859.213 1658.431
1002.157 1567.613
912.153 1605.064
1053.915 1616.135
1033.013 1725.517
1027.464 1570.095
977.008 1531.122
885.171 1696.984
917.119 1730.023
1043.876 1648.918
843.638 1720.626
883.542 1702.798
840.306 1602.801
847.368 1746.649
927.497 1610.884
1006.694 1734.432
873.347 1610.158
862.703 1622.753
988.053 1534.081
951.332 1620.760
972.127 1671.710
960.339 1556.432
987.913 1655.960
932.614 1603.352
893.448 1615.609
920.285 1600.168
868.034 1734.219
1035.875 1572.171
882.434 1677.581
869.569 1673.332
886.463 1587.017
1013.577 1679.553
988.828 1740.726
1006.988 1553.414
947.248 1540.061
887.443 1599.922
964.387 1575.706
926.733 1713.851
976.118 1709.702
902.955 1704.178
946.614 1699.444
849.471 1690.669
986.139 1587.474
923.639 1701.774
985.064 1650.150
944.552 1689.566
897.938 1603.636
884.858 1631.454
877.501 1543.538
1048.527 1744.989
914.895 1662.121
1046.689 1641.140
993.625 1539.909
924.334 1704.622
1048.716 1537.488
870.061 1737.251
1048.561 1665.651
857.769 1756.364
981.236 1753.927
904.205 1633.821
1046.124 1747.013
900.105 1553.595
999.655 1691.602
999.520 1676.396
945.534 1560.980
998.072 1700.777
976.781 1700.283
905.282 1567.918
896.545 1578.692
898.247 1582.749
1016.024 1580.065
899.381 1679.906
892.850 1664.488
986.954 1726.490
945.563 1593.299
1049.553 1696.655
860.222 1750.914
840.567 1549.190
961.628 1531.045
870.868 1593.559
862.573 1639.961
920.616 1580.244
939.746 1703.081
911.995 1573.002
922.633 1717.479
838.167 1556.802
854.090 1740.707
1016.076 1748.381
1045.467 1637.896
1037.326 1690.489
894.091 1634.803
921.635 1662.237
965.867 1756.905
1049.832 1608.634
845.288 1746.115
1045.628 1588.865
935.617 1544.367
986.689 1581.296
945.847 1749.571
918.430 1652.769
1012.600 1748.683
914.835 1535.846
956.975 1578.670
880.996 1685.446
969.876 1667.010
880.630 1646.168
973.915 1666.095
1040.591 1617.755
982.672 1555.691
831.746 1670.076
889.049 1659.063
1051.299 1639.328
1022.185 1554.948
858.686 1599.727
844.661 1687.782
1050.064 1531.853
940.638 1636.431
949.992 1625.335
840.842 1686.179
954.195 1581.555
958.227 1716.388
1018.517 1592.401
947.347 1747.455
921.883 1542.918
848.901 1563.767
894.531 1607.912
873.924 1642.312
863.245 1592.244
864.466 1546.458
973.566 1532.082
1054.217 1645.807
876.115 1744.846
1025.524 1671.132
940.362 1679.735
883.654 1727.284
884.477 1662.509
844.470 1547.488
830.903 1642.816
1045.523 1682.209
1039.480 1534.602
931.580 1718.584
858.873 1715.863
993.517 1652.592
901.173 1566.329
904.220 1554.063
1011.888 1574.932
1045.389 1660.829
964.462 1616.798
1013.312 1703.822
1001.699 1658.896
854.415 1560.872
845.594 1561.557
837.938 1738.387
998.361 1608.267
1018.769 1575.723
871.827 1623.351
879.357 1696.899
874.495 1746.996
1010.445 1629.794
1010.874 1591.790
1053.197 1576.938
1003.043 1696.861
941.646 1690.762
983.698 1627.129
881.104 1540.996
1044.559 1735.702
1053.141 1714.062
949.849 1711.233
969.638 1538.923
845.491 1707.794
874.066 1542.914
873.579 1711.006
884.992 1592.921
1039.744 1707.060
836.334 1573.991
859.639 1638.917
1032.846 1642.560
860.527 1537.841
951.365 1677.753
957.878 1734.793
1033.980 1582.509
991.075 1716.894
903.632 1657.908
859.408 1620.038
994.346 1558.234
867.221 1711.523
1009.670 1534.036
859.192 1726.626
1003.535 1712.639
840.445 1659.282
992.051 1731.943
971.907 1709.227
907.136 1744.743
1021.470 1626.633
1052.722 1615.656
928.138 1638.145
949.287 1733.738
909.914 1571.989
1028.372 1721.037
878.830 1688.275
892.491 1651.237
869.630 1577.961
839.145 1651.201
891.039 1676.084
907.935 1538.209
1022.520 1627.108
958.692 1595.133
923.620 1726.879
857.480 1677.510
919.536 1682.248
956.272 1605.333
879.444 1647.165
1008.352 1684.105
866.546 1707.946
917.160 1632.678
988.278 1631.821
1048.002 1659.128
884.370 1629.088
852.822 1723.361
829.988 1623.462
831.821 1587.565
893.183 1640.127
968.244 1617.940
931.897 1737.742
864.041 1639.473
929.848 1647.052
829.741 1702.377
946.358 1592.373
1049.818 1530.769
1038.239 1556.919
1054.290 1601.755
896.073 1603.606
833.513 1598.726
986.961 1604.507
842.096 1643.569
853.136 1604.141
854.696 1662.017
846.726 1752.564
834.759 1749.398
1019.778 1637.960
865.949 1681.696
912.552 1599.325
922.182 1688.961
928.499 1655.662
1037.718 1719.348
950.998 1551.532
830.161 1545.952
1053.280 1690.142
837.937 1598.832
856.354 1736.432
910.305 1688.744
972.326 1658.652
1038.893 1741.472
866.772 1538.028
932.054 1584.629
930.720 1552.181
1031.124 1674.681
1012.052 1656.261
964.940 1607.985
873.682 1545.033
827.943 1556.369
1050.488 1641.003
847.510 1664.986
858.523 1579.816
899.375 1715.119
871.226 1729.459
926.607 1595.235
975.476 1565.376
937.044 1535.536
969.189 1689.566
828.771 1563.734
912.295 1655.119
956.897 1691.649
1042.181 1663.829
893.423 1622.748
829.565 1595.245
914.790 1617.321
934.954 1584.412
933.844 1670.466
861.360 1643.974
1023.240 1740.592
833.830 1577.958
1007.313 1691.762
854.515 1543.140
905.556 1584.567
946.554 1542.415
931.201 1658.495
839.526 1575.108
964.020 1730.218
1001.513 1605.895
909.409 1693.635
937.767 1655.377
1007.951 1592.715
923.457 1723.300
851.453 1734.770
901.375 1602.179
845.125 1569.776
1028.129 1601.460
835.308 1756.946
1050.168 1712.059
886.189 1545.318
1003.315 1681.115
962.618 1559.772
1024.911 1563.943
869.030 1738.339
837.590 1722.903
930.724 1564.814
1012.971 1743.163
1038.795 1718.000
989.023 1587.056
910.605 1532.235
911.604 1623.821
999.051 1585.423
988.224 1665.371
925.633 1560.930
982.371 1734.382
1017.558 1617.205
999.134 1674.809
965.993 1632.586
1051.882 1749.707
939.453 1539.437
1003.021 1618.834
1020.648 1671.404
866.923 1545.516
899.595 1683.702
1050.992 1718.328
921.986 1593.944
890.032 1615.490
921.712 1564.118
939.610 1573.017
1017.778 1590.250
891.945 1647.143
881.014 1690.204
1003.213 1679.857
847.021 1551.219
1016.525 1665.599
1019.028 1558.954
978.538 1744.769
1050.431 1714.562
962.249 1691.665
881.092 1634.522
832.805 1650.687
987.394 1681.817
866.997 1669.675
979.855 1697.341
1052.583 1613.524
1024.281 1597.180
849.931 1649.890
1007.706 1718.945
953.887 1755.091
949.477 1633.572
908.979 1633.942
899.231 1641.563
1021.244 1681.616
869.073 1597.303
887.082 1548.091
1007.779 1590.390
955.746 1732.472
925.163 1682.960
841.435 1715.183
974.434 1698.373
957.441 1548.814
897.291 1564.874
861.409 1629.650
876.957 1669.801
869.405 1706.133
980.943 1677.138
884.015 1654.975
852.938 1672.765
893.657 1689.500
1033.970 1626.634
926.012 1674.255
966.680 1627.443
1041.580 1579.766
1039.607 1553.499
918.422 1664.959
1028.856 1711.482
990.606 1710.828
906.965 1699.160
950.880 1748.032
871.018 1728.798
861.270 1740.833
1035.691 1583.617
996.211 1721.821
918.006 1638.800
983.037 1663.073
859.625 1691.228
986.282 1546.826
1038.666 1543.987
919.217 1654.130
881.931 1695.637
1028.088 1738.990
839.474 1547.244
886.006 1543.850
1014.834 1664.952
979.135 1610.469
890.936 1542.400
916.452 1553.217
1048.438 1690.562
997.993 1733.055
868.625 1569.146
866.492 1571.883
1013.323 1641.509
917.187 1709.981
1004.199 1697.990
1021.258 1668.300
1041.162 1698.886
1053.553 1707.616
1039.737 1636.985
961.891 1686.012
992.380 1617.531
914.454 1648.767
958.560 1732.311
968.642 1558.608
885.273 1538.688
1012.181 1567.937
952.808 1733.164
831.267 1597.908
1019.167 1746.610
967.778 1744.186
842.966 1749.169
1024.666 1569.387
985.393 1682.619
897.819 1702.569
878.291 1680.668
907.273 1721.935
915.786 1723.948
875.003 1608.478
1042.811 1646.189
836.091 1706.442
859.646 1589.233
850.314 1707.097
882.391 1669.528
861.462 1679.732
987.725 1569.271
957.578 1699.924
855.803 1721.892
850.012 1559.372
932.190 1747.914
991.834 1667.340
931.915 1598.184
897.757 885.532
979.539 754.166
986.458 760.801
975.538 753.001
857.885 930.114
919.100 835.843
961.061 860.141
855.300 818.196
988.408 886.724
972.175 934.184
925.684 764.299
861.767 839.243
954.670 885.724
954.319 832.883
890.147 962.881
1027.391 801.691
966.247 786.617
976.638 952.474
852.426 766.246
887.137 768.256
890.043 950.801
844.061 788.248
837.441 902.319
926.100 940.158
878.995 923.416
928.154 749.795
998.067 795.284
841.807 957.096
882.463 772.233
949.053 905.386
835.913 753.087
943.790 966.225
943.655 795.386
1027.779 899.784
1032.431 757.144
959.851 842.066
964.671 848.444
855.078 949.702
839.601 839.579
1030.146 864.240
967.967 834.496
841.025 961.892
1019.633 786.235
864.482 807.102
977.230 876.753
1005.766 888.827
834.799 877.139
863.601 741.377
894.876 925.485
940.291 794.247
1035.163 749.211
1015.412 950.740
928.038 882.708
933.375 764.374
957.862 809.502
937.922 946.830
980.089 921.988
888.399 822.989
877.426 831.709
1007.880 801.600
978.557 860.264
996.310 911.315
852.375 789.568
1000.867 770.173
995.590 759.582
994.818 767.526
874.075 759.240
910.720 919.072
890.479 952.549
867.994 859.380
925.985 825.621
924.382 918.692
856.354 821.810
1010.016 935.021
996.433 776.421
1000.090 894.389
968.341 926.213
915.586 826.518
938.996 766.651
1009.632 873.821
935.539 924.053
931.267 873.035
1030.957 857.436
908.101 752.179
859.948 858.917
988.563 903.376
1051.282 917.879
969.340 746.443
1058.509 752.998
1000.705 915.001
979.844 830.818
1004.763 801.711
1000.345 779.377
899.350 807.413
1011.316 904.689
904.771 746.998
950.274 963.911
1057.934 783.859
980.703 919.277
965.898 926.399
1029.746 952.293
1023.459 812.565
847.132 780.359
840.405 918.587
1059.788 837.539
1047.395 759.584
868.367 876.251
842.523 856.967
1031.861 808.568
932.622 765.577
1036.473 852.346
841.266 836.281
1058.633 836.519
929.122 780.385
1006.740 881.834
886.419 849.629
916.358 927.054
834.250 943.751
972.472 750.471
1016.499 783.738
1058.439 843.901
1014.050 820.463
1036.757 800.664
838.040 749.245
953.187 777.836
975.038 787.500
836.158 824.649
867.195 884.399
936.259 963.011
856.580 860.509
854.663 757.495
871.141 756.862
989.097 913.763
992.086 830.604
896.525 869.179
945.956 824.753
976.200 841.671
987.103 754.003
1057.767 768.473
989.534 870.424
963.148 949.126
976.261 851.775
991.199 891.535
846.029 785.832
1029.960 915.785
936.056 955.566
997.293 921.499
932.664 946.710
834.740 796.736
955.201 786.587
1028.863 779.625
983.104 893.278
1015.137 881.446
953.202 861.630
1025.783 848.381
887.971 943.168
852.462 886.289
991.274 789.989
873.514 790.510
1019.792 883.147
1047.179 743.316
932.987 874.739
1045.709 783.942
893.859 948.859
969.494 946.999
868.957 908.302
874.788 749.893
993.098 768.917
875.901 907.037
917.031 777.588
894.042 885.974
1009.702 766.900
998.417 815.826
1028.874 889.558
915.585 793.142
903.503 906.983
897.578 801.377
1054.241 893.820
945.479 941.940
1023.894 893.039
983.552 882.741
1002.950 841.776
882.739 782.768
933.154 790.482
870.764 898.483
866.681 964.378
918.105 819.287
858.245 949.335
967.782 878.731
915.733 790.970
866.256 857.576
896.089 850.233
1017.605 747.747
1020.376 954.591
881.108 740.982
997.927 788.761
979.201 821.637
957.207 797.371
920.813 943.250
979.904 841.296
995.939 924.750
959.994 867.230
968.602 906.602
973.747 884.748
1005.831 850.026
880.538 815.440
1030.332 791.571
1029.407 956.102
974.753 933.505
940.392 739.450
985.383 948.063
1014.223 840.290
1046.731 855.007
881.116 883.874
892.809 778.427
982.142 812.496
906.952 912.346
1023.412 919.255
920.458 892.622
1001.127 920.091
836.123 792.854
849.652 934.639
866.363 782.195
1019.476 749.487
953.560 854.127
887.962 918.032
1014.622 909.955
907.136 887.790
972.042 877.126
988.995 821.516
1006.897 944.908
982.287 827.249
935.810 765.071
914.509 879.291
930.417 906.192
991.349 756.524
897.845 766.434
966.291 804.638
1002.081 964.842
985.119 959.465
966.360 827.776
997.676 870.626
944.034 821.535
975.793 937.642
914.346 832.237
1035.031 849.540
1055.296 780.747
996.947 809.044
1047.395 926.606
998.581 872.017
971.777 776.988
870.483 956.782
874.697 913.230
1024.341 836.851
890.073 768.622
913.582 841.684
1041.498 842.175
833.108 870.889
949.929 778.752
845.886 823.679
999.102 912.131
985.258 808.530
911.371 914.776
960.686 820.037
908.580 745.535
853.402 865.401
924.177 748.763
998.344 921.403
902.794 920.953
932.762 939.841
926.003 925.613
908.638 903.892
933.657 867.763
906.201 872.235
1015.390 778.605
960.309 889.160
929.779 903.689
935.421 900.274
901.302 873.527
903.933 948.095
864.812 919.486
961.740 837.301
961.898 785.713
1037.689 838.231
1001.352 913.287
932.107 916.050
853.138 888.504
868.896 937.054
858.194 838.880
966.318 867.255
972.449 871.176
954.376 854.625
940.694 741.251
980.796 751.999
881.779 755.381
966.825 806.336
839.608 773.730
1013.134 915.430
961.773 754.423
958.282 908.277
867.332 807.198
1026.667 753.079
882.570 838.453
858.774 766.719
986.468 861.165
1021.528 955.746
937.517 932.598
840.916 905.947
1042.659 888.167
1035.145 769.459
924.457 944.853
918.789 756.482
1054.920 900.132
1013.391 821.976
989.024 890.555
924.864 801.484
883.966 779.497
968.212 920.178
871.160 906.315
914.241 847.492
987.508 963.346
1050.527 890.764
853.650 815.408
967.209 943.544
959.529 918.918
1008.456 946.800
900.885 789.594
868.232 951.798
1049.357 885.310
890.998 757.950
993.558 755.940
1034.493 794.438
886.113 842.428
963.912 768.215
868.333 842.459
962.694 808.038
864.134 763.337
918.911 920.032
835.212 946.876
834.402 813.789
905.418 881.015
968.618 845.827
1027.855 916.519
1053.790 822.472
928.117 814.622
986.349 894.723
981.911 926.418
1039.563 940.177
947.559 750.050
840.067 808.370
949.305 760.056
905.255 753.449
946.588 785.027
876.867 871.891
890.446 764.598
886.433 888.833
942.759 913.608
837.122 868.189
849.545 809.375
975.348 935.094
992.381 919.900
883.870 862.004
933.059 808.180
1036.475 867.013
1012.131 927.412
904.807 748.525
1041.610 877.029
999.154 877.487
930.792 772.326
1038.358 911.552
880.532 894.524
932.447 815.897
998.032 940.117
840.473 883.667
1028.531 914.598
851.971 904.916
1002.447 876.611
946.530 934.853
838.877 802.393
938.523 914.505
862.601 837.737
858.219 909.897
935.379 834.298
1031.760 935.134
926.258 740.073
989.890 860.157
1057.169 919.137
898.859 770.837
900.481 919.725
931.051 789.670
848.070 807.795
900.632 957.894
893.909 853.393
840.004 856.278
967.274 908.007
964.240 768.349
854.748 800.657
1013.524 955.713
848.855 762.799
892.551 820.824
945.335 888.426
959.248 821.477
933.807 749.914
905.152 909.206
914.047 808.335
979.502 890.931
1043.281 864.923
912.595 778.939
897.499 936.405
857.742 784.297
903.582 938.989
864.805 757.015
852.513 790.947
886.505 948.874
918.021 945.725
1024.770 820.473
971.466 791.693
871.392 897.773
933.142 767.740
1043.029 922.097
907.962 820.430
882.894 954.982
953.179 838.676
947.679 842.407
999.565 905.178
1008.291 947.769
899.392 845.138
864.896 871.067
912.717 937.728
833.306 791.063
942.780 758.844
966.808 881.259
1029.090 805.956
1000.763 933.981
1004.015 934.665
904.555 782.138
1032.299 918.887
881.531 955.205
834.103 917.281
1009.856 926.805
944.674 860.526
844.015 920.797
900.886 963.468
1046.008 753.637
1042.565 757.321
890.966 919.424
1057.945 916.818
1017.908 843.051
854.949 927.873
1044.579 947.010
870.195 936.043
1037.005 944.182
890.417 901.435
956.596 942.587
1003.154 943.461
972.235 901.209
928.360 863.731
893.289 752.052
993.188 915.658
869.432 788.173
1034.617 867.431
983.837 804.820
838.830 751.520
886.443 854.474
907.738 893.098
939.374 959.103
1019.462 878.444
1024.703 758.019
941.894 886.493
884.458 864.132
1041.494 862.472
846.923 962.656
1046.486 778.979
945.797 962.430
883.636 776.151
1039.345 888.493
844.901 938.040
1007.944 894.933
983.708 855.153
1004.344 914.682
896.103 958.872
941.472 962.624
837.026 910.478
892.843 772.929
1011.995 919.276
1028.461 841.735
956.218 817.068
870.692 767.084
955.558 906.222
898.453 780.118
836.782 942.472
1007.909 828.096
935.197 888.248
909.644 866.577
904.890 826.680
944.432 750.434
929.294 953.345
866.314 926.936
876.929 778.362
866.724 753.030
846.088 929.243
1003.962 764.466
918.181 782.633
846.983 802.804
969.448 890.414
1053.917 859.765
1037.523 951.361
953.206 887.475
975.674 742.831
956.462 873.649
846.181 909.462
883.557 876.506
1036.430 786.899
864.660 745.597
886.134 840.985
966.149 862.319
1022.279 924.455
957.786 763.082
875.877 803.996
1006.608 861.987
1019.631 950.219
903.983 923.008
864.478 891.422
954.809 758.048
1007.168 821.264
909.869 774.368
881.412 923.475
951.058 923.133
871.645 932.737
983.322 822.987
921.104 842.502
946.857 887.107
847.700 840.896
1041.547 746.857
962.145 747.001
931.050 932.856
947.731 873.774
1053.775 835.448
910.669 805.649
866.889 848.483
892.563 778.618
930.309 750.185
1014.762 889.717
991.161 951.603
988.045 880.691
945.406 828.142
954.961 787.278
942.563 788.183
1024.870 914.542
950.154 804.300
1017.528 760.554
1050.985 896.212
982.862 920.436
1025.935 802.589
1007.809 866.864
834.004 745.726
869.731 801.816
849.971 840.470
1014.518 880.033
914.352 808.141
980.326 934.204
958.209 906.811
942.865 751.845
1028.501 841.565
859.095 794.107
927.544 746.101
1017.261 845.876
948.605 844.652
1027.002 761.181
933.584 744.940
984.637 954.622
877.571 823.968
851.272 802.669
976.772 764.546
1029.092 939.098
1004.358 857.558
943.561 915.065
835.233 952.409
934.493 940.341
846.868 925.195
1046.155 884.201
941.183 891.033
888.358 881.244
989.634 905.622
989.987 882.669
852.589 810.679
874.724 930.379
837.285 938.737
968.344 904.827
1032.191 938.750
955.416 771.626
919.480 823.569
1028.742 855.405
869.946 797.811
968.775 875.769
955.166 944.850
954.246 744.764
931.385 879.908
1004.822 750.547
973.980 824.005
948.587 819.395
867.672 743.362
921.346 807.973
968.032 883.878
856.516 743.941
1049.773 838.710
869.062 745.685
961.603 900.487
859.341 868.322
1026.389 752.415
990.143 818.740
945.041 933.510
858.008 958.267
886.197 807.354
952.190 764.767
1044.648 863.083
1008.244 868.445
1040.425 951.973
833.008 763.577
841.358 850.507
983.765 934.333
1045.919 744.355
1018.225 883.916
1019.486 757.059
930.477 802.004
871.318 883.680
880.827 815.398
886.356 775.959
920.402 807.925
1012.513 940.485
873.000 847.713
884.250 746.311
929.727 848.081
969.542 808.313
915.077 946.300
917.887 942.804
1033.208 946.581
961.002 858.886
1055.220 832.695
1043.856 876.008
881.895 923.611
982.199 760.038
920.546 859.065
966.348 943.644
841.833 821.779
853.736 844.734
911.745 921.767
919.582 952.459
957.823 861.966
848.913 960.327
869.451 920.903
1026.836 962.161
883.723 845.023
897.242 740.031
846.668 869.429
998.838 834.821
1043.771 818.606
988.983 757.975
915.101 956.763
922.079 915.865
916.078 917.413
938.993 885.149
924.338 837.521
845.967 807.163
862.290 809.355
867.638 910.258
966.017 946.781
1009.387 763.097
1053.705 899.947
968.829 845.535
844.529 934.790
881.172 842.067
987.275 777.490
996.618 857.701
981.737 783.888
858.725 862.799
880.981 783.084
916.528 906.447
1012.808 859.156
975.913 834.692
978.478 878.459
932.133 840.922
983.809 819.144
934.759 792.995
876.972 772.108
1013.273 763.685
851.115 814.640
987.280 864.491
947.721 845.614
921.359 769.423
1045.928 888.771
946.162 740.811
930.372 908.512
862.742 900.006
910.079 778.238
869.852 800.192
867.199 779.373
872.563 915.852
878.572 901.858
843.931 924.372
1028.550 932.185
982.793 811.935
961.397 771.846
940.894 828.126
993.953 757.631
991.672 911.287
1006.955 842.939
1033.301 778.122
902.350 835.770
851.901 867.247
1038.199 764.974
1048.667 771.208
839.980 867.883
1004.508 896.382
915.864 878.482
913.647 965.693
886.672 862.012
936.904 872.374
931.352 847.620
833.247 782.107
868.733 811.728
1056.228 766.944
974.390 868.282
1026.408 800.740
854.201 954.724
903.881 831.953
833.986 826.843
987.401 951.873
846.366 876.102
963.032 861.686
945.990 963.250
895.313 758.765
896.844 814.348
866.952 863.116
919.603 750.475
961.302 832.485
876.196 961.355
865.517 854.734
868.223 756.055
838.568 748.416
1038.379 865.275
994.733 768.018
979.426 784.255
930.971 925.037
1029.275 941.847
891.914 963.258
987.448 861.416
976.532 840.863
918.905 851.283
984.968 863.735
975.132 963.405
996.590 830.638
874.023 955.287
909.672 753.896
964.058 919.953
832.672 885.498
904.107 844.600
965.857 753.820
1024.393 749.701
943.174 961.751
914.856 865.398
1049.810 848.141
957.447 808.414
952.915 787.770
843.203 960.929
916.348 793.593
863.756 789.618
972.040 833.257
1011.205 942.197
1052.631 840.853
986.653 930.380
841.996 959.858
977.725 780.788
855.982 772.529
986.031 956.620
999.174 855.919
841.286 822.205
933.729 757.420
876.083 922.397
962.683 959.108
878.924 946.153
870.215 819.846
842.783 853.594
938.958 953.562
865.711 839.740
838.707 896.305
933.547 794.649
835.624 902.054
923.256 773.597
894.188 810.768
875.213 837.194
941.904 771.777
971.095 859.949
1034.930 792.768
1013.516 774.939
906.334 954.338
889.776 941.404
1056.100 844.576
986.100 921.687
964.949 744.600
1036.916 741.773
1005.010 909.805
994.308 947.542
970.065 931.254
837.592 866.578
935.136 771.302
960.174 861.157
1028.860 900.961
918.239 784.482
917.134 785.733
952.726 892.750
977.054 937.881
834.972 954.150
842.667 795.052
895.302 943.183
881.799 955.690
834.722 740.655
889.967 941.162
951.318 912.396
985.656 779.119
920.663 806.824
1057.600 959.502
1012.869 910.281
1013.751 862.680
1035.958 966.335
858.298 797.621
835.530 833.163
884.835 828.170
991.155 868.307
872.209 952.065
895.652 865.526
870.733 955.224
947.738 965.127
847.028 875.363
964.211 915.560
983.239 808.097
860.280 804.023
907.606 814.340
834.877 899.287
923.302 754.676
835.045 869.494
981.196 818.945
978.252 800.402
878.974 788.615
1055.175 759.381
954.388 810.310
929.677 826.386
851.975 875.489
891.067 766.898
953.662 748.457
1048.893 763.577
1035.221 802.031
867.725 749.984
931.913 765.775
839.629 864.781
914.912 965.312
881.019 832.616
877.928 880.309
847.595 934.860
854.115 958.823
953.177 859.622
881.398 794.968
889.081 889.192
928.305 898.183
948.617 745.420
1009.363 869.080
878.815 957.381
1015.123 841.002
1002.811 862.704
904.052 942.096
910.252 872.307
916.689 863.881
991.980 740.220
1020.014 888.584
977.987 854.801
970.178 807.174
967.533 884.791
862.567 754.096
899.594 775.597
843.449 882.522
987.914 832.090
1042.134 827.381
997.221 807.346
925.368 947.836
840.163 836.831
967.646 842.068
852.203 843.721
899.748 792.678
990.241 886.068
899.128 859.559
1012.726 847.976
1017.946 847.424
972.677 863.530
917.820 870.010
857.541 821.958
910.331 928.056
995.124 870.338
923.415 751.987
836.199 918.475
856.880 881.679
1024.131 792.079
983.233 784.110
848.490 772.469
1033.469 764.181
874.535 747.962
872.638 741.441
1004.055 815.166
904.225 940.456
1014.148 884.287
1009.803 922.963
875.929 828.875
902.368 879.190
939.958 809.634
929.372 938.627
937.980 748.411
878.248 920.704
1007.817 963.674
847.557 815.850
975.787 789.998
956.014 802.259
1038.591 907.882
1046.472 849.084
1009.045 952.702
943.921 962.606
1026.227 963.181
1048.407 739.284
1004.497 795.213
959.402 789.879
1053.232 960.798
846.821 785.276
994.669 743.681
1032.665 853.190
925.582 831.559
838.896 929.856
920.758 923.315
1006.049 861.769
971.085 871.331
900.214 949.419
885.874 910.077
895.968 911.274
840.421 922.783
981.456 923.119
959.465 784.838
859.706 757.571
962.970 853.053
1049.272 865.318
868.134 942.792
907.762 841.814
926.821 796.744
888.701 803.981
912.600 950.351
906.981 941.210
1043.283 891.516
931.956 833.133
1008.719 931.213
1010.804 751.175
935.996 810.037
991.537 929.741
1041.690 874.445
843.887 797.961
938.063 850.082
1047.824 809.187
1008.630 816.851
975.690 911.775
1041.055 778.758
990.014 765.360
925.679 900.803
880.671 951.192
845.871 822.503
1049.942 762.401
1048.415 747.213
919.052 900.354
842.729 782.954
942.269 745.776
833.230 955.766
1010.046 866.724
983.157 875.633
988.314 942.649
881.624 960.267
889.052 827.637
979.230 770.150
926.412 933.741
1007.618 860.279
915.105 823.787
892.829 857.144
978.498 888.382
978.978 745.011
894.800 859.020
923.380 902.706
946.889 850.255
978.317 881.519
859.322 741.735
1038.602 961.551
953.902 875.578
902.380 767.065
929.061 958.026
995.127 795.297
960.645 883.339
868.276 947.056
927.825 753.136
942.572 939.162
864.470 745.588
1057.191 758.611
838.110 744.184
1057.618 963.771
1008.481 902.329
1032.910 831.026
970.424 762.550
876.842 902.351
875.230 908.557
994.991 790.934
881.869 745.554
990.243 940.828
959.430 740.307
954.612 882.199
1013.269 901.888
958.642 792.272
1047.729 946.241
1049.152 851.883
940.113 767.829
883.884 819.102
874.184 912.622
1000.849 928.577
903.660 936.982
994.744 902.395
963.079 919.078
1048.335 917.096
915.962 773.373
863.690 828.398
879.365 775.678
949.291 817.757
880.435 907.652
1036.986 790.162
856.278 797.187
866.711 938.802
910.957 812.826
1059.701 787.894
1003.111 937.865
999.182 859.244
845.532 844.611
1050.065 884.668
929.637 743.551
840.545 841.412
947.085 846.692
849.914 754.691
870.772 778.249
987.747 789.133
855.577 953.770
982.723 776.043
870.832 841.354
1035.825 908.344
966.386 812.624
991.456 927.671
973.656 869.831
996.287 783.650
916.853 802.713
1058.127 833.710
976.059 873.543
890.158 938.274
880.380 850.881
908.884 938.705
909.396 822.801
857.360 836.821
891.122 928.100
1040.244 862.775
991.399 752.897
1031.288 787.281
1021.403 958.943
1007.356 942.234
872.562 790.920
980.874 796.458
916.590 805.613
868.730 960.446
1055.212 892.246
1037.602 757.388
930.713 834.609
884.703 957.497
948.260 926.734
845.964 918.040
993.375 934.114
978.333 937.038
907.872 863.156
922.373 774.106
1034.485 917.157
1000.840 777.575
853.208 916.477
950.383 879.611
864.096 835.911
856.438 910.683
917.109 932.153
871.286 896.113
1022.194 836.677
1041.747 888.331
949.075 754.245
985.204 921.735
961.877 821.304
979.994 959.082
886.735 860.369
975.272 799.229
919.055 887.094
1032.887 800.743
974.480 844.337
835.992 955.312
1001.876 772.234
889.299 945.531
912.559 778.635
1048.796 949.377
952.217 833.782
1059.717 783.853
864.140 886.892
992.030 906.933
1053.211 954.318
864.325 758.244
845.488 846.589
912.985 873.555
924.741 836.489
891.321 763.831
1056.057 790.865
929.523 796.376
977.935 853.756
1012.373 914.063
984.034 884.877
900.783 909.830
1009.511 884.081
1032.048 840.741
920.261 951.120
835.701 922.819
1056.706 740.983
1058.837 880.839
980.095 964.263
1022.271 920.825
912.724 923.981
839.004 900.421
964.749 910.559
1014.742 822.343
1030.906 771.766
939.715 781.148
1028.093 787.737
956.251 880.712
842.018 867.992
838.360 902.054
968.599 888.893
972.546 959.572
852.841 943.700
898.949 833.233
958.710 882.298
864.338 952.893
938.533 927.049
1018.864 778.429
1044.934 832.975
967.772 922.114
925.679 873.257
868.751 857.395
885.853 820.613
915.291 898.043
1046.676 868.885
874.431 788.900
944.735 809.061
914.316 874.100
875.429 800.345
1048.171 835.869
1037.295 862.314
932.422 895.442
1041.417 955.189
878.629 741.945
834.562 785.286
880.316 792.006
940.041 927.891
1048.855 796.149
969.635 917.747
928.911 785.577
981.309 873.983
913.461 780.385
873.713 915.317
1028.549 870.279
1027.702 865.692
1021.841 797.471
950.926 910.600
879.391 774.135
949.952 935.703
833.230 960.408
935.602 861.045
933.108 785.855
853.448 832.235
979.469 912.793
964.053 860.555
1049.400 944.651
894.136 831.067
847.498 883.604
961.194 756.682
846.201 849.095
1057.638 861.639
846.099 949.730
916.171 934.517
969.958 965.006
832.733 746.934
1053.939 779.217
899.314 872.809
891.462 816.176
976.510 767.029
1034.875 922.594
931.222 816.074
864.082 790.095
950.844 813.676
957.046 917.956
909.429 891.195
1014.301 889.681
1010.484 922.179
1048.564 850.172
1042.941 753.878
955.107 822.103
1013.272 917.536
910.344 910.630
921.742 878.961
1034.648 817.154
922.782 832.983
1046.507 900.832
880.254 832.741
904.216 899.445
899.332 794.855
1030.492 881.274
1032.525 855.661
857.039 943.888
847.348 850.929
832.809 781.755
888.346 856.535
853.955 869.375
857.496 893.112
940.308 776.391
921.744 825.673
917.166 916.509
995.003 849.975
892.988 904.460
1054.914 873.012
996.336 867.141
978.708 918.401
1014.768 830.862
952.450 851.136
983.015 821.723
974.753 835.666
878.786 819.745
881.936 882.773
851.874 869.331
896.991 828.558
1012.191 792.250
1049.069 865.836
1027.225 941.878
863.556 913.023
931.486 904.827
974.883 782.485
1037.997 739.273
916.268 842.047
990.874 868.737
1006.914 809.850
1024.402 855.488
922.788 833.856
847.899 845.674
1023.431 778.550
837.951 879.011
855.991 847.501
892.034 931.202
957.630 757.516
868.832 756.083
888.068 909.897
1040.650 936.824
975.476 812.686
994.316 868.723
877.411 836.914
1054.514 818.216
1002.808 853.662
959.683 944.553
858.822 817.833
856.079 916.763
1058.522 952.007
978.071 744.491
903.908 835.012
930.559 751.534
1017.859 930.863
857.250 955.557
971.528 780.864
1010.420 865.984
843.911 823.355
872.573 764.479
956.404 836.167
938.856 758.869
967.258 819.393
951.293 936.400
905.833 881.737
835.306 754.291
963.367 803.193
936.182 803.997
836.484 813.162
1028.860 949.867
980.952 906.693
896.263 837.713
1001.643 920.805
922.711 904.307
1038.488 831.498
887.841 948.515
857.500 802.125
909.852 859.189
1006.574 874.898
955.665 824.902
935.033 884.238
981.384 744.115
1030.520 868.982
878.257 891.791
875.823 939.380
870.281 770.184
889.806 925.732
871.664 772.259
911.137 932.046
922.721 934.715
900.850 759.444
927.929 773.157
932.696 824.431
1037.917 799.986
996.152 801.384
963.492 942.802
897.435 887.516
1017.519 941.502
1003.220 779.318
983.942 872.837
854.168 948.412
1005.923 778.619
975.789 831.743
879.010 785.055
847.469 845.299
883.483 868.257
891.137 824.242
884.912 823.100
951.699 785.748
1031.095 864.764
905.443 793.608
941.127 917.531
875.044 857.938
971.381 929.492
1019.346 836.812
1044.538 818.535
852.565 776.860
934.538 900.439
1036.069 950.278
890.747 795.891
872.961 885.732
1048.533 874.349
851.078 890.475
915.226 740.918
868.219 751.415
903.410 929.123
892.671 849.657
885.568 837.515
955.172 795.925
888.070 791.569
874.434 819.915
869.144 750.249
935.516 946.278
1055.355 904.650
972.925 886.420
868.849 954.276
1018.096 833.733
1013.469 854.038
721.395 2183.761
328.907 0.367
615.068 271.097
1084.600 416.411
2248.280 2104.392
1433.727 341.608
1353.931 364.549
2389.268 1956.483
2350.909 292.187
1540.612 34.813
872.627 346.500
1603.571 342.459
259.082 1702.647
674.031 142.536
2281.933 1579.239
1757.562 2271.240
220.139 2166.164
2136.269 2357.292
1438.244 2329.897
205.651 455.272
2215.717 989.815
573.748 2390.388
296.391 2398.974
884.291 186.090
2339.590 1575.369
2223.458 426.718
715.844 2189.657
188.468 1102.257
71.269 2068.767
274.113 39.767
2130.274 2273.012
300.397 2416.755
2418.707 2257.395
209.917 571.758
315.630 354.289
2137.621 927.202
715.756 2118.953
1439.916 2160.614
328.684 2284.092
444.466 2283.597
2225.143 1589.226
179.240 130.592
375.231 116.937
2273.659 1357.010
133.824 2161.137
1183.188 2416.533
481.234 539.759
445.073 551.083
251.202 839.527
2222.149 1646.446
1513.597 172.822
2194.841 1456.716
2201.139 229.959
2421.354 765.440
665.471 2148.313
50.312 374.708
92.559 1960.771
1402.597 276.072
575.775 1966.298
860.936 241.077
885.677 74.402
2353.785 774.183
361.905 1064.861
2209.916 1753.211
1188.693 151.906
242.024 675.585
953.097 2243.680
1940.506 368.058
1729.193 263.980
99.637 880.654
197.877 1670.558
2044.383 2388.016
703.408 179.302
662.198 2156.231
2469.292 2143.583
840.185 2477.119
264.106 1843.217
218.126 2345.561
2492.210 287.467
400.523 1548.541
2139.353 559.273
512.189 2045.931
476.890 1542.840
1937.808 695.424
28.909 1210.937
1687.834 2430.964
1926.154 27.880
1442.781 2133.118
2068.216 1500.956
775.970 2384.722
1801.550 308.589
385.776 1179.853
236.626 1231.330
2225.181 731.830
2282.756 1478.221
1377.186 2162.819
2135.208 1721.146
1863.884 2269.312
227.972 1265.613
2216.031 916.208
2477.319 1089.942
2259.109 2404.774
357.631 518.190
1963.555 554.342
1623.732 198.008
111.756 121.035
483.379 1843.871
2203.651 1410.817
1939.993 431.116
81.506 374.431
764.904 2398.541
156.855 304.018
23.652 1857.938
2089.816 462.504
2269.630 1727.209
231.396 1382.875
2262.267 1989.669
1768.344 2309.117
2392.200 2111.690
1277.044 2085.623
1405.621 2206.630
2440.664 2298.040
2108.286 2171.523
1498.238 260.151
502.052 410.215
707.716 2229.763
2019.411 603.663
200.647 673.347
78.341 923.451
1859.712 1863.556
400.661 1209.922
124.452 71.980
619.294 354.437
571.734 524.391
1405.735 2163.603
620.375 2325.957
155.530 2318.195
2005.762 477.043
2159.914 748.503
235.439 835.815
2180.528 2206.894
1291.005 290.269
680.582 233.496
350.335 633.979
2385.999 802.487
1549.205 2411.787
802.745 2396.272
1179.228 2434.781
2073.445 451.401
1911.493 110.375
2169.462 2403.771
1562.436 328.596
1988.107 529.361
203.049 1890.568
2413.908 1330.832
1.403 2141.751
2103.034 740.473
621.997 336.049
1461.563 112.459
2442.047 443.717
467.686 2000.043
26.451 441.913
1730.107 2098.013
656.807 296.897
1058.993 33.395
2241.309 1254.106
2329.929 494.149
1516.329 2441.556
2013.015 1974.233
201.861 2446.848
2444.923 769.025
1738.408 2320.422
31.136 1389.099
1633.705 42.735
444.060 2452.395
1928.833 1825.250
1538.900 2193.557
26.362 1455.038
2455.696 1965.402
270.402 1495.304
132.860 1548.057
617.768 2331.017
2378.266 1902.214
173.964 1895.307
2101.625 365.295
2322.006 1105.272
2292.227 1995.956
1381.485 2182.504
2198.786 789.621
2027.342 2023.876
466.021 68.818
63.330 1528.065
437.306 346.435
396.491 1456.485
2153.922 2420.227
2152.206 2037.683
733.547 68.902
673.506 2442.955
1462.618 2138.669
1132.651 60.013
1122.414 239.093
452.159 1780.383
1903.375 1836.647
1330.176 2318.462
2468.897 1431.040
943.879 2278.167
386.070 2027.745
656.725 2187.600
1640.376 4.523
849.687 2.509
138.315 1791.143
195.940 1104.490
295.611 57.484
177.875 337.203
2159.853 1855.454
1916.903 1957.112
2253.173 879.679
2455.241 2378.227
270.820 1747.771
2030.556 1562.573
2224.288 1739.164
2260.932 2173.216
180.525 1344.925
2305.429 2220.892
77.545 2416.643
538.573 172.571
180.443 2297.471
847.844 2165.428
2406.269 771.148
2405.848 2280.187
361.552 1524.729
1498.830 432.033
702.103 2467.850
1284.588 2342.674
2490.966 1325.597
1414.588 77.602
538.962 1935.730
402.540 1923.347
2035.886 2436.088
2369.733 2260.276
454.059 862.260
1871.040 155.193
2125.510 1919.068
1943.199 1996.066
2129.174 2165.097
2334.571 72.021
2375.077 1876.113
268.233 2079.656
144.657 1278.643
1041.416 2126.327
39.789 1515.820
310.279 2468.148
311.790 2489.101
1637.860 2388.724
851.439 332.924
2498.687 1796.038
807.099 309.437
235.348 1845.876
159.031 127.511
2483.799 1716.845
2467.580 2172.966
1847.790 25.626
2405.583 46.452
2309.307 2119.624
1641.663 515.675
387.852 327.935
2475.589 926.811
121.612 1982.445
2475.913 1843.135
2263.200 1383.054
946.493 2156.465
1874.732 2023.159
111.483 160.189
175.966 1855.508
66.983 2044.149
2348.626 1675.993
349.133 2294.532
304.459 1341.568
1213.510 2160.399
171.635 472.770
1516.215 2078.598
150.091 16.519
54.247 199.933
1434.503 60.677
322.269 490.220
421.888 124.244
2215.380 598.378
2075.482 1977.784
1543.283 2204.107
43.072 1664.700
1392.437 2113.706
369.400 2407.222
2262.899 565.210
2023.781 1639.220
1854.615 1935.181
424.886 1680.912
2494.523 972.049
1192.213 2315.023
266.613 121.254
704.870 208.913
2308.024 1736.132
684.667 462.480
2020.114 1684.535
2404.761 1286.457
174.523 598.244
1932.088 2186.496
2373.382 2310.735
2495.506 461.332
1164.207 396.335
2053.609 1746.908
2252.989 680.536
2006.852 1646.360
1782.369 575.165
2131.491 1588.528
2280.976 2120.317
100.279 388.646
2353.417 1265.061
115.983 497.816
1448.312 2179.609
1726.108 106.600
893.738 2284.184
377.022 2027.419
1166.327 2092.157
443.335 25.786
1733.728 292.398
1936.203 57.130
2460.861 1751.590
413.554 2239.243
1557.823 2394.828
76.688 500.008
122.576 292.861
112.350 643.200
2240.379 1513.925
1938.693 2305.936
2058.928 1634.908
1350.822 2498.015
2419.425 1872.260
346.146 2200.305
78.138 1626.386
2003.598 516.181
1743.608 2285.657
1385.805 48.110
2488.547 2402.408
1905.565 394.410
374.083 1215.825
2074.407 543.221
1317.442 2210.171
2497.091 1482.582
145.348 1497.429
1612.686 308.208
344.091 346.893
1365.584 240.789
119.186 1521.626
1551.394 369.742
727.330 2062.374
1504.383 435.193
1055.850 122.173
2216.074 810.999
2377.590 404.387
1058.924 403.660
118.412 2199.101
2013.083 1768.171
516.957 2260.548
275.856 1004.573
1628.692 12.613
388.228 308.155
2053.993 1586.680
2314.535 158.071
1928.982 653.498
864.617 2361.717
2079.384 1871.647
2068.934 166.126
2147.922 780.866
456.305 977.691
1372.470 2273.085
1825.724 219.687
420.124 2378.544
732.104 2157.612
1849.292 7.010
1179.105 2106.387
892.128 213.901
9.708 1535.100
2007.523 338.203
953.133 2174.198
770.092 2240.062
2157.430 649.388
1940.476 546.005
2052.694 535.489
258.567 927.164
1299.639 147.865
380.143 1040.356
227.133 2328.190
2343.007 991.558
529.713 25.659
312.424 2042.101
1828.564 1946.285
1728.255 2197.246
0.149 97.372
2323.557 1584.875
177.143 42.828
2083.908 380.746
744.574 2203.662
1245.555 2239.618
223.344 1218.941
2121.598 886.506
1605.922 2265.844
1457.697 2391.723
1706.486 2154.188
1578.806 250.619
585.785 86.349
41.510 2118.115
2187.773 882.736
2007.285 2169.409
1569.482 2396.232
489.682 733.927
238.262 384.062
2262.576 2166.686
2373.196 588.747
96.314 248.586
1642.373 2055.323
1189.564 174.004
135.032 1021.054
2495.200 1373.364
2023.071 753.861
2036.449 2272.376
1883.489 2234.402
20.954 1040.624
2435.274 581.308
2341.703 563.871
994.233 2452.381
1474.726 65.032
179.595 2448.763
730.760 83.133
2321.346 1870.147
352.805 1891.110
249.561 1568.859
2249.150 13.811
126.939 543.770
2137.045 884.633
7.394 194.695
2354.375 490.407
1922.786 646.339
2174.458 1900.959
820.596 193.081
1223.871 2098.065
1935.743 707.727
97.582 1525.914
539.167 345.605
1571.275 2251.358
2450.422 1009.418
2173.998 1430.510
1853.037 2113.802
2418.543 965.501
595.227 80.814
316.463 834.104
19.482 1838.722
410.673 2245.888
807.634 2144.998
1800.898 2020.633
1872.801 308.822
95.210 2043.676
2339.035 1016.979
2469.103 1596.699
6.879 1706.178
1104.670 2179.420
2102.309 2452.523
137.550 154.330
358.446 862.918
1818.635 1888.872
2261.825 1782.724
450.630 2029.732
2160.414 514.609
1308.728 237.414
592.351 15.585
2328.955 1100.893
2192.666 302.186
1184.857 337.419
2086.307 812.528
1656.754 248.066
1030.208 78.660
2143.769 688.323
54.860 1131.187
2122.937 1697.118
143.156 301.714
292.806 1189.124
1646.126 2424.016
2447.173 1703.936
2472.002 617.408
1276.386 254.597
1794.156 4.049
966.823 2253.686
665.213 128.905
1930.167 652.286
2121.725 578.286
2142.487 446.421
71.290 1220.368
424.977 1527.527
110.318 1388.456
309.071 2390.409
957.573 289.412
1781.626 368.322
640.953 2412.472
1297.347 2144.408
1880.438 24.663
694.164 2165.752
400.451 232.560
329.081 2271.466
2135.501 1614.940
2174.673 2173.415
322.779 1521.367
369.220 1993.414
1425.411 349.877
2220.902 226.058
308.481 1721.777
2063.272 2410.699
1927.075 1884.734
347.215 222.056
2219.030 983.322
2229.626 1122.056
487.485 2462.802
2201.165 1808.023
2321.486 1616.006
215.949 1537.015
189.903 582.288
1651.939 2424.891
1281.282 2442.683
2239.679 1819.367
2469.326 1095.202
35.684 854.649
364.171 47.636
2113.087 91.810
1561.634 323.882
1767.074 1975.615
150.047 1749.836
1488.909 2052.823
320.460 277.494
805.508 2104.597
832.641 2118.170
863.149 98.706
1636.627 2455.359
1086.647 2.931
1676.956 72.959
316.852 1023.932
195.691 1887.423
424.486 2054.597
959.446 227.779
1912.005 610.240
314.670 992.819
389.237 1411.089
1360.298 2216.293
453.778 2212.062
2337.636 456.977
2310.377 2473.055
65.003 304.151
206.795 1111.971
364.964 1746.714
1842.612 242.118
85.806 270.568
786.021 2128.960
2478.800 1764.056
28.796 710.136
1732.148 406.959
1852.812 2279.455
460.484 800.897
2037.019 662.284
1645.296 2061.847
2230.479 2443.799
1049.834 2387.468
1990.777 2427.793
1282.420 144.854
1810.611 60.949
361.185 2039.309
133.440 867.698
749.252 225.536
909.446 2470.199
90.965 1543.918
914.971 2343.095
388.881 431.976
581.159 72.851
1912.906 2229.120
167.788 2213.024
2195.459 606.019
2277.142 127.152
382.826 827.640
589.845 2075.212
2043.544 285.137
2348.909 891.839
2444.954 823.910
389.211 956.063
2430.444 2350.427
2459.867 1926.106
498.510 2199.385
2163.521 416.523
2125.049 2459.230
2189.072 2061.551
2347.822 1138.993
748.953 2143.639
780.727 2195.408
1468.445 195.313
237.640 1282.680
1711.097 2352.452
2150.469 1668.244
296.065 1448.918
2064.003 464.292
993.101 103.357
1616.239 450.250
235.057 137.302
998.882 2292.485
382.553 520.212
2278.545 1500.225
597.778 280.377
1438.058 415.982
79.176 743.894
2322.915 1257.437
336.993 1610.682
2211.616 1749.741
2368.666 129.921
175.620 1286.355
2204.560 17.546
2286.448 2098.486
958.082 49.760
2379.643 2086.128
2466.096 419.326
1926.867 1881.257
2259.854 987.380
2462.292 1530.485
789.389 143.079
86.260 860.437
91.643 1247.041
551.114 521.776
2305.733 517.411
2303.817 1762.040
1368.390 427.667
368.191 2276.598
2190.753 258.511
360.185 428.377
1148.114 147.111
1222.637 178.941
2252.663 205.292
2004.802 2150.253
1489.208 2298.500
250.163 1441.393
1595.531 2446.028
316.273 107.770
1587.395 2028.273
1105.451 2067.166
515.638 1962.578
474.077 269.941
466.776 343.047
1854.583 118.968
1132.262 2176.774
1060.127 280.694
297.637 526.317
2280.219 695.925
414.380 1791.667
1747.078 561.731
2103.440 2018.755
2057.268 1498.158
1405.028 2095.394
167.857 2060.979
1726.570 151.211
1852.216 114.230
19.616 2482.153
3.545 1649.093
48.363 366.918
1512.720 2491.219
1989.337 343.402
191.771 1749.612
638.242 2245.394
361.508 2172.975
304.480 2394.668
458.924 310.618
314.675 2082.192
1931.936 2379.915
19.706 670.955
359.793 2272.096
1818.037 567.455
253.402 702.905
2338.564 904.336
271.311 1343.562
212.636 711.029
1533.487 404.213
138.452 1357.700
2483.850 342.413
2166.682 1473.627
243.098 1059.493
222.007 2106.665
2200.716 2387.881
1130.369 1.307
2214.680 2313.542
1147.844 2207.859
2489.113 1926.039
128.587 407.749
2001.665 408.486
2267.603 1828.268
2146.732 2285.707
2176.008 1269.702
499.937 2234.985
1398.298 2327.636
67.822 52.543
628.083 421.629
2407.965 545.313
1020.387 229.843
2265.520 526.185
2273.468 1615.760
1908.734 397.125
460.771 97.368
943.089 2458.233
131.466 2436.722
1638.527 2128.323
2294.666 2285.412
293.187 940.666
153.196 530.648
1371.936 51.676
387.316 2379.646
388.088 1421.257
1584.559 2492.487
313.311 1784.706
1898.425 2095.215
59.134 1699.011
1045.934 2396.885
2010.719 2117.885
102.881 728.419
1338.214 152.946
2220.845 1879.464
2459.504 1608.500
1012.748 2288.615
2430.862 478.011
251.456 1983.581
556.507 294.911
255.678 859.133
2218.327 1974.646
1873.687 1889.322
2261.484 800.685
2046.249 619.136
388.645 1349.233
5.758 1113.330
97.514 530.027
2010.875 603.669
1883.306 529.835
1509.958 2378.928
7.418 2351.230
686.525 2051.941
703.850 402.473
2334.498 181.790
1280.833 2155.068
491.990 39.612
15.806 1460.497
347.770 1031.167
272.817 1193.645
954.130 2121.166
902.527 40.177
2220.310 242.994
974.983 2319.656
1626.151 2043.355
1939.707 2270.953
2288.150 700.153
702.412 2400.626
356.792 1742.711
2107.709 2157.449
1525.857 112.955
2441.475 1495.023
199.462 1576.303
1904.852 1885.766
425.958 363.147
1916.756 283.905
2199.268 619.746
1171.140 288.327
1796.138 2190.802
140.580 262.297
397.846 2450.557
2315.993 204.078
218.943 1883.339
430.333 837.575
735.270 163.528
520.778 369.498
103.920 72.407
321.221 1190.996
2216.194 2267.316
233.400 434.557
668.112 2194.356
1888.439 564.628
2412.958 2258.606
1996.455 2138.309
392.656 219.293
1863.127 2381.110
2151.708 1595.695
1948.234 225.006
376.596 590.042
1852.995 623.691
1510.854 369.910
2059.502 2303.873
1657.081 45.094
867.660 2463.903
2375.333 2013.748
1251.890 310.791
4.373 390.526
2201.386 709.435
1793.878 51.833
2194.013 491.478
1737.263 320.920
2147.608 335.379
261.467 684.337
842.874 2391.987
640.658 226.566
2461.374 1770.626
