5000 5
1250.000 1250.000
1676.573 1247.310
1658.104 1336.121
1760.753 1326.975
1782.856 1285.369
1684.538 1220.365
1854.671 1379.192
1784.847 1339.854
1666.388 1296.820
1846.772 1304.053
1741.339 1380.453
1717.778 1217.494
1679.036 1362.553
1682.795 1159.926
1657.619 1242.857
1771.450 1374.105
1812.509 1236.276
1663.593 1222.831
1717.628 1318.515
1661.858 1335.580
1722.062 1325.054
1755.340 1220.392
1800.532 1229.711
1783.658 1366.534
1638.047 1245.388
1694.677 1315.708
1679.643 1241.148
1692.047 1173.465
1677.533 1255.113
1844.994 1284.320
1687.018 1360.109
1644.944 1246.013
1748.353 1281.072
1727.129 1293.619
1743.300 1380.217
1854.873 1211.997
1847.144 1303.276
1846.345 1263.753
1713.552 1278.807
1771.083 1264.226
1652.412 1189.082
1668.769 1214.747
1685.034 1298.873
1848.150 1345.556
1685.605 1191.213
1819.819 1266.914
1753.896 1333.426
1808.675 1311.363
1770.584 1270.468
1748.351 1290.296
1686.144 1310.146
1739.336 1312.902
1840.231 1331.836
1650.136 1380.424
1679.541 1297.801
1781.219 1361.148
1858.270 1324.999
1737.913 1306.386
1833.579 1261.247
1717.871 1347.983
1680.383 1250.740
1763.097 1175.920
1644.377 1291.308
1644.320 1208.372
1843.114 1358.608
1664.866 1182.755
1759.158 1188.637
1736.114 1264.722
1759.030 1230.735
1778.805 1364.330
1710.071 1172.629
1761.436 1288.482
1698.225 1306.051
1791.012 1230.225
1743.302 1213.318
1694.063 1250.466
1841.411 1326.448
1715.869 1213.582
1643.273 1238.445
1755.103 1369.471
1640.925 1224.104
1827.442 1319.618
1851.743 1285.566
1726.833 1278.796
1751.608 1252.504
1714.058 1288.760
1779.104 1351.461
1750.276 1160.894
1667.382 1211.872
1639.851 1260.906
1738.425 1177.026
1663.107 1257.021
1644.715 1295.808
1677.742 1213.950
1682.655 1253.613
1824.478 1368.906
1721.972 1207.191
1834.159 1355.173
1751.249 1228.096
1757.988 1239.388
1684.795 1330.180
1652.147 1176.196
1782.687 1332.574
1823.016 1182.506
1837.398 1368.443
1693.172 1330.224
1682.508 1277.037
1739.978 1223.461
1827.136 1365.366
1658.380 1163.453
1708.967 1161.719
1769.587 1205.906
1821.536 1162.324
1680.219 1325.146
1658.755 1185.182
1688.481 1381.892
1842.564 1212.444
1718.853 1163.753
1839.446 1292.333
1712.568 1182.097
1753.181 1349.812
1819.368 1271.753
1695.576 1295.381
1764.826 1203.708
1855.145 1332.569
1771.532 1328.195
1661.271 1316.958
1770.605 1242.122
1657.246 1197.923
1696.739 1306.075
1835.094 1266.319
1753.658 1294.616
1783.282 1206.017
1753.056 1277.884
1807.302 1223.607
1729.273 1355.479
1832.499 1340.846
1705.284 1367.221
1721.598 1232.342
1821.539 1371.202
1687.940 1176.299
1641.443 1228.991
1659.336 1198.521
1862.982 1160.676
1686.507 1236.497
1685.519 1166.160
1670.923 1208.216
1686.780 1320.513
1727.473 1319.941
1862.984 1342.798
1692.700 1225.565
1647.656 1283.301
1661.255 1279.850
1794.594 1251.444
1805.583 1159.106
1754.823 1204.248
1667.396 1327.279
1840.584 1310.907
1743.233 1280.118
1808.037 1188.073
1799.854 1295.130
1834.178 1230.197
1763.820 1309.667
1658.770 1334.738
1647.370 1323.558
1646.958 1372.796
1696.633 1191.237
1734.923 1199.042
1660.883 1293.528
1738.612 1167.408
1862.180 1274.369
1810.231 1179.782
1790.403 1157.223
1733.927 1312.876
1774.829 1367.314
1695.709 1253.802
1754.382 1170.369
1641.800 1282.685
1740.081 1310.121
1668.349 1183.382
1713.645 1272.511
1847.559 1299.065
1756.789 1301.336
1727.392 1311.286
1698.066 1173.162
1806.303 1160.789
1728.435 1164.231
1837.333 1367.724
1756.680 1291.701
1725.518 1311.291
1683.776 1310.432
1800.940 1166.469
1716.868 1289.982
1758.331 1319.136
1820.792 1281.651
1792.104 1158.746
1830.133 1253.976
1676.253 1208.940
1794.796 1338.933
1656.424 1276.585
1656.917 1378.159
1695.348 1383.078
1750.656 1297.364
1695.358 1359.996
1788.436 1245.454
1855.150 1222.627
1859.219 1177.561
1826.720 1206.903
1845.157 1180.066
1706.483 1318.119
1767.768 1371.401
1675.735 1324.362
1730.812 1242.432
1658.956 1211.055
1635.973 1314.158
1659.558 1194.687
1699.145 1348.926
1829.178 1311.349
1638.352 1237.005
1660.719 1244.082
1638.981 1174.802
1805.200 1170.904
1779.381 1253.246
1856.115 1222.721
1680.585 1271.255
1856.465 1252.271
1753.375 1375.514
1799.665 1219.171
1842.748 1241.009
1710.800 1329.059
1843.794 1270.131
1687.432 1342.726
1813.550 1313.667
1822.795 1365.879
1684.728 1295.598
1720.234 1227.981
1714.108 1272.500
1755.045 1164.497
1733.516 1220.912
1705.042 1280.582
1704.655 1380.720
1708.217 1366.140
1811.353 1210.840
1862.250 1294.449
1828.039 1353.295
1692.605 1312.567
1803.577 1301.280
1850.479 1250.869
1795.147 1257.762
1761.622 1170.606
1771.317 1241.560
1766.344 1350.154
1750.225 1183.886
1818.709 1371.597
1653.763 1249.634
1822.283 1279.539
1725.249 1178.940
1810.498 1371.478
1647.750 1171.561
1714.432 1338.235
1687.560 1230.845
1786.500 1362.883
1700.662 1247.992
1711.584 1339.525
1803.168 1170.295
1671.025 1186.216
1663.474 1368.542
1698.736 1242.155
1758.808 1316.463
1715.654 1312.395
1669.931 1171.029
1819.683 1339.474
1687.815 1268.255
1688.962 1260.310
1774.536 1290.953
1841.636 1311.233
1715.668 1181.030
1707.125 1316.135
1827.712 1227.975
1751.694 1368.984
1712.328 1228.386
1831.812 1283.230
1645.589 1176.406
1774.168 1172.740
1661.244 1232.489
1725.182 1241.632
1765.329 1352.519
1640.234 1231.580
1786.081 1177.605
1742.170 1378.535
1677.905 1302.887
1732.541 1377.266
1809.129 1344.068
1799.311 1360.758
1661.069 1313.045
1763.954 1303.095
1836.020 1358.511
1774.126 1285.046
1692.032 1225.251
1721.342 1313.058
1862.691 1358.839
1696.159 1283.240
1808.327 1220.472
1818.622 1377.775
1666.737 1200.382
1834.186 1280.484
1777.415 1281.805
1720.585 1350.677
1809.515 1210.292
1800.330 1196.479
1719.713 1332.568
1717.751 1257.022
1796.345 1288.247
1724.342 1308.564
1709.101 1232.102
1826.025 1180.809
1826.864 1193.586
1664.265 1262.526
1850.660 1345.459
1814.863 1311.486
1692.954 1300.045
1827.135 1239.277
1712.935 1192.791
1656.815 1369.171
1788.797 1196.101
1685.272 1345.508
1765.126 1333.913
1824.210 1284.110
1674.155 1279.021
1721.923 1335.465
1762.105 1275.595
1676.512 1166.696
1744.465 1332.313
1810.721 1327.574
1649.876 1318.861
1817.790 1175.316
1807.043 1237.007
1845.793 1229.488
1637.659 1289.985
1799.937 1179.482
1652.288 1342.987
1784.994 1293.827
1802.739 1197.273
1702.734 1352.577
1640.061 1172.162
1806.645 1184.668
1688.282 1344.017
1716.138 1233.897
1833.770 1226.085
1653.482 1177.303
1720.744 1164.550
1837.405 1378.622
1787.029 1263.034
1835.912 1220.069
1780.232 1356.773
1657.651 1221.932
1653.579 1218.525
1684.506 1343.658
1639.489 1366.759
1741.062 1314.015
1778.972 1311.936
1729.280 1224.466
1695.685 1376.261
1694.159 1164.900
1653.189 1337.120
1652.556 1225.123
1671.429 1372.460
1640.345 1172.121
1692.056 1225.237
1654.418 1377.863
1666.969 1215.500
1861.483 1236.432
1811.117 1256.812
1801.923 1214.196
1763.979 1203.185
1775.147 1193.433
1804.070 1296.952
1679.557 1259.105
1811.008 1231.729
1644.924 1240.892
1750.412 1303.680
1815.865 1262.570
1831.319 1298.582
1702.380 1231.071
1798.701 1281.774
1697.274 1325.402
1644.393 1164.827
1783.360 1256.950
1815.136 1378.798
1833.355 1247.869
1707.027 1335.130
1747.067 1377.934
1655.825 1296.822
1650.791 1299.194
1771.897 1349.457
1647.713 1342.149
1718.878 1362.303
1835.106 1302.198
1860.794 1366.977
1818.800 1312.741
1716.099 1256.019
1689.921 1355.651
1839.808 1269.330
1780.637 1252.315
1770.181 1262.717
1852.320 1232.682
1701.286 1231.551
1646.373 1170.109
1714.819 1173.677
1854.784 1260.293
1719.198 1214.729
1750.351 1218.456
1748.941 1336.687
1775.940 1178.862
1730.505 1347.892
1765.131 1260.802
1647.933 1379.353
1738.076 1210.454
1718.386 1360.637
1758.804 1218.087
1816.498 1277.950
1848.419 1173.764
1820.493 1375.652
1781.548 1218.626
1761.262 1196.555
1847.786 1209.906
1845.877 1305.501
1731.856 1284.986
1854.309 1360.280
1789.465 1344.868
1694.845 1206.178
1706.016 1178.172
1781.836 1313.636
1784.227 1329.283
1807.934 1366.754
1694.997 1226.101
1825.830 1264.141
1698.269 1202.955
1813.869 1318.216
1770.614 1339.076
1762.716 1176.348
1644.772 1284.437
1857.840 1201.531
1779.988 1277.501
1854.092 1194.019
1852.035 1223.612
1638.293 1290.174
1648.400 1254.420
1777.630 1265.889
1806.270 1308.938
1759.863 1307.201
1719.069 1279.166
1787.076 1215.314
1727.051 1190.362
1744.093 1221.780
1824.008 1243.943
1715.588 1377.476
1678.996 1261.414
1772.572 1242.760
1787.921 1254.404
1694.184 1287.165
1733.566 1232.468
1738.314 1362.463
1642.573 1351.718
1772.553 1171.451
1739.309 1375.172
1820.093 1159.302
1835.654 1335.704
1645.560 1368.811
1651.158 1344.874
1660.532 1353.140
1847.148 1211.523
1795.308 1196.209
1821.910 1166.994
1861.419 1233.280
1729.797 1215.471
1818.494 1243.852
1762.394 1167.602
1767.963 1306.332
1837.146 1274.992
1830.858 1368.766
1762.170 1361.571
1684.992 1276.696
1668.190 1290.342
1806.572 1203.307
1675.839 1283.177
1704.874 1232.524
1710.154 1191.784
1857.149 1247.009
1656.764 1373.718
1646.357 1343.665
1714.837 1311.207
1721.191 1252.955
1758.515 1186.839
1835.095 1165.790
1669.441 1175.405
1761.009 1162.358
1702.776 1234.774
1852.138 1291.670
1742.306 1175.903
1729.086 1363.535
1809.038 1344.592
1783.622 1194.032
1739.850 1248.776
1768.965 1324.969
1698.792 1311.342
1690.762 1179.847
1843.141 1323.262
1783.222 1305.651
1663.089 1348.111
1801.523 1289.294
1717.620 1242.429
1769.449 1235.985
1638.653 1258.707
1726.415 1172.296
1789.305 1357.845
1836.177 1259.193
1671.806 1359.162
1760.896 1270.767
1740.999 1355.649
1655.755 1221.191
1817.552 1228.541
1684.713 1356.507
1823.337 1214.742
1693.290 1335.820
1808.460 1318.160
1736.272 1334.343
1652.571 1261.729
1853.869 1304.411
1725.696 1247.859
1748.682 1234.792
1745.043 1158.073
1844.565 1301.479
1676.156 1226.618
1649.127 1289.449
1698.560 1215.334
1689.045 1322.593
1712.928 1177.526
1693.895 1285.831
1681.559 1202.346
1659.936 1230.136
1741.688 1373.846
1652.555 1195.232
1654.177 1299.627
1712.288 1257.276
1842.518 1358.854
1735.451 1364.960
1744.183 1221.088
1743.230 1354.071
1802.731 1162.382
1718.440 1356.443
1694.937 1357.356
1807.514 1360.565
1809.382 1317.009
1803.534 1307.643
1659.605 1337.540
1817.398 1228.355
1742.145 1341.605
1692.048 1282.251
1652.722 1380.447
1858.679 1269.279
1646.097 1296.184
1745.365 1268.894
1738.539 1206.669
1641.501 1302.707
1728.955 1286.764
1720.406 1215.134
1738.673 1247.989
1849.176 1380.125
1834.936 1379.771
1716.249 1311.934
1847.341 1232.527
1671.176 1265.050
1754.255 1182.823
1774.627 1220.080
1737.077 1210.522
1694.672 1338.779
1845.877 1381.701
1796.791 1342.780
1790.146 1275.232
1789.672 1365.698
1706.718 1382.537
1639.062 1280.651
1644.134 1366.291
1649.279 1188.779
1845.397 1367.745
1770.941 1353.945
1791.874 1212.267
1707.954 1158.218
1649.961 1231.610
1860.839 1312.781
1679.852 1374.216
1636.102 1160.683
1760.274 1368.941
1759.923 1304.745
1649.386 1346.874
1765.674 1165.891
1681.782 1269.636
1819.038 1336.034
1640.586 1199.490
1636.185 1273.535
1784.716 1226.703
1716.020 1171.478
1837.369 1232.284
1753.929 1267.099
1820.831 1179.757
1691.923 1356.567
1643.894 1220.566
1857.456 1326.383
1833.056 1369.364
1782.159 1361.706
1792.062 1200.357
1712.688 1330.958
1842.096 1176.925
1806.018 1257.611
1702.737 1320.539
1803.735 1300.892
1842.969 1200.076
1676.326 1242.864
1797.251 1254.260
1743.228 1342.295
1849.797 1294.171
1824.345 1270.454
1653.644 1201.033
1686.682 1272.615
1711.782 1296.836
1847.266 1234.759
1739.556 1281.953
1741.146 1380.875
1639.237 1345.916
1724.339 1212.886
1646.705 1238.811
1755.147 1254.971
1636.927 1379.482
1751.369 1375.670
1734.750 1201.345
1693.316 1273.117
1803.335 1260.084
1817.504 1214.088
1801.990 1342.788
1662.227 1376.607
1775.633 1175.298
1839.572 1331.494
1739.601 1289.361
1738.223 1371.477
1836.272 1232.652
1720.645 1252.666
1757.741 1381.336
1677.252 1166.480
1683.871 1183.787
1734.507 1348.997
1735.631 1209.970
1728.150 1180.555
1661.684 1206.661
1655.509 1312.249
1808.205 1357.277
1732.305 1179.712
1708.183 1158.210
1791.307 1326.760
1728.794 1213.929
1839.860 1259.832
1726.842 1209.286
1687.964 1351.005
1840.571 1177.243
1704.168 1260.019
1794.733 1353.697
1712.305 1238.493
1637.471 1271.360
1761.792 1168.269
1684.942 1315.699
1738.523 1358.155
1814.100 1274.576
1846.052 1295.326
1737.166 1297.328
1741.888 1306.504
1795.318 1271.712
1839.526 1237.206
1651.345 1262.059
1708.476 1223.510
1742.259 1228.961
1838.702 1219.496
1717.117 1239.328
1700.505 1377.477
1840.302 1300.429
1699.958 1226.409
1682.128 1363.575
1640.576 1204.435
1758.494 1207.856
1770.214 1308.140
1784.297 1270.290
1750.532 1228.200
1806.031 1163.978
1783.315 1366.592
1781.490 1311.913
1769.333 1298.649
1813.490 1313.256
1658.391 1331.416
1669.718 1381.264
1679.407 1357.103
1731.558 1227.747
1794.198 1194.638
1861.054 1338.378
1750.106 1351.980
1692.766 1324.545
1859.310 1331.160
1742.022 1363.704
1700.066 1245.907
1638.646 1166.833
1804.850 1228.960
1844.182 1382.236
1821.919 1267.541
1801.452 1229.027
1723.374 1344.049
1693.734 1247.961
1834.536 1255.579
1804.836 1192.793
1667.350 1240.349
1706.890 1263.241
1835.755 1223.465
1816.291 1213.862
1778.731 1198.130
1647.472 1291.610
1728.010 1349.823
1723.181 1360.909
1814.287 1213.127
1835.025 1318.549
1778.113 1251.500
1830.573 1214.089
1747.343 1188.704
1706.860 1329.856
1766.447 1342.101
1714.907 1211.455
1782.573 1349.054
1680.461 1278.628
1650.243 1366.468
1813.019 1283.810
1800.027 1187.694
1811.211 1363.483
1780.274 1354.481
1783.353 1174.287
1779.264 1204.654
1719.476 1347.956
1647.434 1338.117
1718.539 1364.303
1692.441 1303.421
1782.028 1304.054
1709.289 1376.524
1762.868 1364.673
1683.723 1340.081
1768.542 1341.936
1644.449 1188.632
1714.215 1283.768
1659.518 1337.208
1777.986 1163.337
1668.067 1227.305
1645.459 1224.636
1857.209 1281.351
1802.605 1370.503
1761.321 1382.944
1800.990 1235.302
1772.268 1346.840
1806.826 1274.190
1721.031 1213.355
1689.915 1364.612
1802.608 1334.986
1797.450 1262.993
1711.216 1300.842
1799.323 1217.203
1641.382 1232.161
1647.774 1282.149
1657.741 1302.466
1692.789 1322.468
1731.936 1211.837
1827.770 1175.219
1777.287 1331.817
1762.724 1269.141
1698.694 1203.123
1809.111 1195.442
1727.677 1188.046
1756.069 1254.684
1778.285 1331.412
1713.678 1216.296
1838.135 1179.692
1753.026 1192.550
1696.082 1175.942
1662.866 1270.718
1821.808 1338.356
1647.783 1269.520
1788.950 1162.998
1732.630 1369.420
1696.860 1222.157
1810.631 1162.931
1810.276 1244.996
1652.189 1182.443
1680.435 1251.888
1782.903 1269.456
1838.117 1234.412
1804.711 1292.642
1698.495 1264.114
1779.282 1312.171
1763.160 1369.534
1800.827 1252.737
1791.091 1318.477
1822.694 1374.438
1779.107 1246.972
1694.854 1293.322
1711.866 1331.838
1783.240 1268.769
1738.833 1344.517
1772.588 1244.867
1831.374 1359.906
1861.046 1357.925
1776.947 1316.607
1662.149 1255.053
1709.623 1363.237
1716.594 1335.601
1737.289 1240.653
1646.153 1277.818
1650.363 1298.148
1726.123 1193.691
1637.169 1284.541
1763.629 1337.670
1748.287 1251.921
1761.328 1306.007
1722.347 1352.469
1765.465 1297.269
1713.305 1199.947
1764.821 1170.304
1844.984 1202.751
1799.845 1258.212
1737.722 1326.043
1732.853 1200.526
1684.587 1189.133
1688.245 1215.862
1761.273 1306.112
1646.307 1371.649
1768.686 1280.684
1711.171 1264.618
1739.257 1380.724
1797.799 1305.030
1677.240 1245.208
1778.573 1218.160
1816.566 1351.911
1751.662 1307.161
1797.502 1266.591
1832.255 1246.508
1636.749 1162.778
1714.069 1207.592
1790.243 1250.839
1706.377 1199.951
1847.921 1353.416
1833.951 1237.165
1776.126 1304.531
1835.198 1295.014
1792.714 1208.945
1826.816 1249.038
1726.402 1344.859
1843.804 1381.115
1656.269 1194.928
1833.267 1273.451
1717.423 1234.352
1662.920 1350.904
1847.949 1287.787
1817.519 1179.012
1853.017 1350.166
1843.646 1381.780
1782.844 1214.700
1744.987 1323.143
1755.230 1220.560
1763.683 1249.472
1714.472 1365.696
1714.015 1268.371
1652.637 1158.755
1729.845 1375.612
1758.778 1161.842
1846.059 1182.328
1733.631 1177.630
1667.486 1307.612
1675.359 1272.534
1788.085 1184.254
1698.430 1340.848
1735.297 1379.086
1729.438 1250.371
1813.713 1351.096
1852.359 1357.660
1782.304 1263.099
1733.668 1364.570
1848.677 1163.320
1820.146 1178.359
1701.178 1332.016
1677.434 1333.715
1747.346 1176.764
1823.341 1295.340
1720.542 1162.483
1843.844 1250.131
1637.207 1258.552
1850.588 1277.717
1830.186 1272.084
1760.356 1171.105
1659.701 1314.110
1800.329 1382.813
1721.797 1325.507
1759.909 1216.884
1834.059 1383.375
1687.798 1217.879
1714.090 1233.767
1845.498 1243.326
1749.106 1306.367
1736.267 1191.315
1780.890 1165.680
1820.012 1299.721
1858.406 1324.421
1653.736 1186.019
1711.758 1340.392
1846.997 1274.893
1639.502 1256.067
1803.863 1202.365
1738.052 1267.234
1742.155 1252.910
1775.970 1175.014
1760.565 1371.776
1835.231 1351.522
1665.502 1370.762
1844.446 1379.363
1740.322 1330.190
1802.105 1300.118
1832.981 1302.834
1656.460 1216.317
1730.937 1200.646
1663.682 1319.160
1736.974 1313.042
1637.773 1311.170
1702.762 1313.805
1714.063 1295.757
1756.964 1252.444
1738.869 1293.713
1700.697 1257.611
1646.708 1353.218
1793.042 1304.566
1653.463 1333.526
1732.577 1338.431
1812.900 1291.424
1801.710 1380.896
1660.363 1256.506
1820.261 1295.334
1819.562 1225.402
1765.026 1280.131
1833.475 1376.834
1653.022 1288.149
1862.239 1338.835
1750.223 1333.557
1715.908 1178.590
1694.667 1159.450
1786.973 1214.773
1808.804 1379.103
1742.612 1334.716
1659.009 1251.319
1704.640 1364.193
1750.923 1167.143
1716.949 1246.306
1736.101 1353.224
1701.845 1202.832
1644.145 1210.238
1680.931 1330.980
1742.425 1228.986
1764.425 1332.850
1739.154 1239.032
1643.550 1241.074
1817.242 1282.977
1799.010 1328.187
1808.291 1194.226
1767.035 1196.725
1849.718 1300.358
1658.521 1198.575
1837.878 1355.375
1788.875 1309.740
1772.879 1191.890
1808.265 1167.916
1690.345 1267.079
1795.607 1335.183
1702.935 1337.751
1750.133 1284.984
1647.486 1187.774
1650.441 1241.285
1840.847 1321.944
1856.888 1157.140
1691.664 1298.622
1851.974 1353.142
1764.481 1174.240
1782.102 1242.213
1693.012 1372.326
1845.170 1279.396
1736.794 1294.307
1693.208 1204.392
1731.318 1333.293
1778.342 1336.454
1701.156 1370.170
1747.961 1238.794
1847.112 1210.637
1712.199 1243.275
1666.257 1186.452
1772.140 1157.438
1806.105 1204.932
1675.384 1308.477
1800.301 1303.977
1673.303 1163.179
1732.763 1316.183
1823.393 1244.366
1833.349 1185.321
1749.757 1323.600
1845.573 1380.633
1779.980 1352.951
1838.352 1281.645
1839.427 1369.959
1835.302 1330.130
1681.295 1322.689
1830.641 1226.332
1770.058 1309.645
1733.160 1356.921
1834.750 1199.433
1760.961 1332.446
1799.807 1175.470
1736.705 1237.211
1664.440 1193.503
1791.151 1259.678
1739.707 1180.077
1855.593 1348.370
1699.076 1167.631
1845.524 1310.110
1755.230 1344.685
1766.704 1172.687
1721.495 1360.233
1701.559 1341.199
1684.986 1183.993
1817.358 1361.073
1742.881 1325.515
1701.293 1169.090
1737.751 1276.366
1764.322 1239.423
1789.416 1313.716
1650.708 1187.775
1660.816 1352.772
1845.334 1207.513
1669.281 1261.473
1699.140 1298.355
1818.536 1193.870
1787.843 1374.997
1740.896 1156.986
1817.598 1354.481
1653.870 1264.573
1759.872 1241.739
1763.235 1368.802
1735.894 1246.010
1745.591 1265.261
1678.113 1319.648
1778.912 1278.471
1794.988 1208.336
1780.448 1361.516
1829.529 1263.924
1714.045 1332.334
1767.690 1290.632
1688.442 1262.188
1828.034 1181.285
1743.024 1310.354
1681.774 1219.829
1772.151 1372.195
1837.821 1187.321
1834.224 1224.539
1849.988 1184.600
1843.514 1361.555
1648.498 1254.555
1777.131 1291.845
1736.306 1277.248
1820.771 1294.510
1766.183 1196.665
1809.837 1237.139
1744.971 1266.161
1732.244 1381.756
1730.729 1293.966
1752.405 1277.941
1651.801 1368.494
1759.153 1288.509
1717.469 1174.516
1740.036 1207.197
1781.661 1351.787
1726.593 1255.706
1693.612 1241.062
1789.453 1283.263
1770.529 1267.987
1769.024 1376.134
1785.939 1323.724
1760.155 1176.019
1683.195 1207.485
1791.208 1310.043
1840.277 1274.726
1716.428 1330.230
1799.854 1277.474
1714.220 1282.767
1661.502 1246.561
1854.879 1275.019
1853.602 1333.389
1819.049 1186.596
1686.158 1334.755
1749.322 1228.227
1760.736 1288.817
1789.523 1334.514
1756.684 1172.420
1730.601 1292.575
1638.614 1344.159
1638.267 1336.727
1768.543 1306.141
1650.445 1214.469
1715.509 1181.621
1804.622 1363.735
1647.489 1338.230
1718.091 1252.840
1758.753 1324.889
1857.162 1296.797
1731.838 1300.293
1851.675 1350.564
1660.127 1359.647
1697.120 1301.592
1685.773 1340.826
1733.930 1241.938
1653.288 1190.010
1855.942 1349.037
1826.557 1258.836
1715.872 1347.588
1675.314 1341.396
1641.345 1175.392
1786.909 1160.003
1832.453 1252.405
1819.570 1178.288
1694.631 1190.492
1674.226 1322.599
1672.850 1359.998
1710.674 1295.307
1675.529 1350.905
1852.563 1329.998
1767.313 1370.648
1776.592 1381.720
1708.645 1294.471
1749.186 1345.781
1690.478 1207.623
1813.282 1326.949
1800.598 1305.139
1853.223 1185.066
1686.801 1257.697
1761.442 1353.640
1834.379 1329.289
1844.540 1194.066
1682.243 1244.871
1756.401 1174.648
1681.529 1204.208
1736.219 1363.884
1696.816 1161.132
1787.819 1363.819
1796.329 1287.157
1813.741 1323.655
1656.943 1216.306
1852.431 1168.475
1692.515 1337.456
1682.320 1328.236
1800.748 1276.717
1675.351 1210.447
1784.714 1219.545
1718.310 1352.083
1768.083 1311.586
1724.099 1183.545
1836.301 1159.328
1856.773 1196.563
1809.259 1199.403
1850.812 1178.692
1814.809 1168.835
1826.915 1299.214
1641.307 1322.312
1709.903 1299.173
1760.752 1303.902
1841.486 1198.804
1673.848 1257.086
1795.832 1359.949
1770.411 1176.022
1860.630 1368.079
1787.620 1375.522
1837.194 1301.881
1825.178 1246.196
1783.936 1194.238
1676.910 1369.587
1674.388 1345.752
1796.250 1368.759
1680.028 1238.897
1645.356 1383.061
1691.275 1227.030
1667.537 1234.208
1709.807 1317.055
1657.175 1197.198
1775.733 1182.001
1693.749 1247.579
1782.763 1273.461
1753.906 1233.907
1791.298 1168.833
1677.770 1346.458
1807.372 1235.475
1814.643 1366.614
1637.227 1214.350
1780.152 1213.473
1689.668 1242.047
1833.632 1358.665
1743.760 1236.986
1672.236 1253.143
1799.727 1332.568
1744.739 1375.601
1838.036 1363.482
1654.114 1243.370
1786.694 1198.889
1697.155 1377.072
1673.925 1275.757
1718.483 1219.797
1715.089 1157.984
1778.086 1380.591
1676.554 1260.806
1658.242 1357.382
1674.998 1358.033
1688.031 1317.609
1834.734 1170.937
1672.650 1235.387
1740.716 1340.391
1777.884 1196.030
1838.984 1265.144
1837.781 1366.632
1826.128 1157.058
1766.241 1315.269
1805.488 1275.489
1659.189 1309.590
1839.505 1336.485
1829.059 1169.138
1818.509 1362.805
1693.605 1298.312
1856.683 1193.178
1730.283 1216.006
1761.428 1381.891
1687.807 1320.762
1741.126 1275.619
1682.350 1363.650
1854.607 1362.866
1779.205 1291.915
1652.776 1255.765
1713.164 1289.453
1685.335 1216.251
1662.403 1280.648
1778.038 1160.123
1862.393 1262.739
1654.012 1267.775
1650.049 1280.695
1732.139 1162.705
1862.935 1229.076
1852.658 1382.521
1636.678 1233.299
1667.874 1223.756
1791.343 1363.314
1720.246 1181.552
1719.809 1371.843
1774.711 1276.172
1663.953 1326.166
1667.738 1372.702
1636.285 1258.131
1828.097 1317.468
1708.632 1282.547
1790.817 1334.573
1789.443 1365.918
1684.050 1238.803
1780.939 1247.274
1644.903 1346.081
1660.844 1225.681
1726.326 1178.840
1691.029 1166.685
1785.290 1277.244
1833.608 1193.174
1761.796 1226.353
1858.658 1185.591
1656.441 1296.301
1813.777 1254.086
1643.877 1223.492
1822.397 1278.151
1836.580 1355.018
1729.688 1293.610
1745.523 1314.877
1681.123 1280.142
1692.971 1164.046
1684.050 1382.592
1708.662 1183.700
1801.635 1189.920
1853.847 1265.015
1687.206 1235.032
1749.701 1339.748
1768.455 1292.700
1822.727 1195.139
1673.718 1370.604
1798.437 1305.304
1743.455 1168.124
1818.668 1372.914
1789.520 1207.403
1683.321 1326.676
1673.001 1313.525
1648.528 1263.680
1788.186 1253.564
1728.514 1371.230
1395.860 1700.641
1426.067 1793.166
1470.639 1678.718
1252.325 1727.008
1445.023 1839.503
1290.622 1827.356
1415.055 1800.494
1358.557 1779.573
1285.964 1738.349
1465.787 1743.630
1391.260 1750.508
1367.801 1776.096
1413.968 1689.246
1464.317 1773.825
1261.627 1660.140
1274.965 1718.659
1378.399 1724.657
1314.896 1742.366
1303.130 1779.585
1356.915 1645.086
1454.740 1724.165
1454.104 1795.027
1304.077 1654.017
1355.595 1659.076
1258.816 1669.567
1278.428 1831.385
1383.879 1630.721
1392.388 1831.123
1362.540 1814.793
1430.803 1778.778
1304.951 1840.158
1271.279 1627.548
1304.231 1700.918
1379.970 1811.775
1316.450 1627.943
1427.386 1677.675
1331.961 1769.877
1287.706 1847.972
1414.085 1716.750
1469.489 1637.221
1401.492 1670.309
1470.740 1836.507
1281.318 1732.146
1328.082 1734.438
1277.852 1728.114
1411.430 1829.508
1448.612 1709.754
1440.507 1760.156
1351.409 1645.404
1329.639 1681.714
1422.899 1789.070
1255.554 1779.758
1439.704 1818.785
1420.836 1679.393
1392.741 1793.111
1415.806 1724.296
1443.343 1658.074
1315.724 1716.011
1344.894 1688.244
1269.975 1721.897
1420.853 1784.177
1349.850 1695.818
1275.233 1711.200
1291.205 1727.736
1467.116 1850.839
1261.401 1764.922
1355.400 1805.753
1430.203 1647.965
1396.679 1774.942
1367.673 1763.673
1338.535 1751.619
1358.009 1831.662
1285.620 1787.604
1411.062 1695.039
1355.777 1758.830
1446.501 1821.314
1457.372 1656.405
1416.865 1636.336
1456.042 1848.778
1471.927 1802.784
1345.002 1815.976
1351.210 1751.216
1288.262 1824.764
1377.825 1710.665
1355.368 1843.186
1352.446 1787.541
1394.063 1822.051
1458.732 1830.041
1437.963 1850.536
1453.053 1629.202
1442.825 1707.979
1440.626 1644.645
1350.807 1647.989
1330.031 1710.883
1332.716 1707.532
1284.726 1838.686
1334.857 1766.465
1298.527 1734.126
1315.752 1699.180
1391.850 1815.087
1459.016 1703.213
1360.217 1659.323
1403.231 1827.830
1459.918 1695.387
1425.723 1751.325
1310.360 1725.135
1376.622 1724.266
1373.955 1847.601
1466.059 1752.964
1384.611 1763.827
1360.477 1847.968
1295.284 1683.766
1364.720 1829.289
1344.683 1682.436
1256.094 1840.576
1455.876 1794.368
1320.149 1722.947
1342.097 1657.483
1449.714 1690.526
1318.633 1686.266
1257.786 1704.093
1302.064 1753.026
1391.107 1706.893
1371.605 1847.040
1457.681 1716.299
1332.579 1684.388
1265.754 1834.471
1362.949 1684.883
1331.593 1739.408
1354.504 1652.734
1370.324 1724.470
1302.035 1822.809
1409.529 1678.234
1357.952 1663.771
1299.335 1627.190
1266.760 1677.160
1356.912 1771.732
1443.707 1685.500
1394.327 1659.428
1292.588 1827.202
1401.712 1822.993
1315.206 1845.039
1294.006 1838.920
1385.486 1718.795
1321.498 1839.536
1454.640 1696.719
1335.055 1654.006
1285.843 1834.428
1412.087 1633.484
1313.122 1634.232
1371.218 1668.099
1373.419 1628.441
1367.215 1633.222
1374.301 1735.366
1297.398 1680.867
1330.818 1658.722
1249.724 1741.306
1313.133 1702.886
1260.746 1761.256
1279.990 1735.409
1297.985 1812.376
1268.425 1722.959
1416.392 1665.621
1293.811 1719.028
1462.936 1680.089
1445.668 1688.474
1456.243 1705.451
1416.731 1771.207
1274.326 1628.206
1416.278 1845.783
1359.705 1831.190
1466.199 1722.965
1344.290 1642.498
1292.717 1747.687
1455.182 1704.556
1400.117 1840.563
1301.800 1843.983
1355.035 1681.968
1434.443 1842.607
1452.341 1795.975
1312.295 1782.843
1317.563 1695.075
1254.493 1632.991
1323.600 1745.977
1352.438 1749.600
1334.844 1736.650
1267.093 1773.672
1267.068 1728.135
1303.808 1837.227
1291.663 1837.938
1322.773 1759.772
1469.777 1706.609
1467.065 1774.511
1430.748 1847.512
1348.454 1783.471
1325.092 1624.057
1270.877 1698.081
1450.438 1625.524
1292.382 1630.173
1452.039 1843.056
1372.613 1802.678
1295.534 1809.985
1370.559 1831.827
1338.654 1798.379
1251.219 1774.067
1416.166 1665.209
1299.139 1827.881
1288.170 1799.169
1333.921 1848.519
1395.048 1739.014
1410.384 1696.027
1435.734 1694.755
1267.570 1673.693
1328.883 1704.600
1268.758 1669.149
1407.115 1850.916
1342.330 1733.649
1352.687 1825.131
1394.963 1850.225
1261.824 1695.268
1257.351 1772.782
1257.903 1684.769
1300.622 1698.007
1472.313 1784.995
1276.761 1668.252
1406.973 1665.546
1366.250 1834.509
1417.550 1848.953
1346.578 1694.452
1382.991 1722.936
1362.557 1798.309
1420.031 1770.215
1335.149 1727.484
1285.983 1702.618
1308.319 1652.720
1332.783 1674.361
1252.668 1788.292
1407.596 1819.704
1339.313 1643.705
1289.022 1836.541
1253.060 1756.761
1440.888 1786.713
1270.310 1750.074
1463.498 1815.196
1286.780 1777.401
1322.047 1707.463
1273.625 1760.817
1326.892 1811.329
1466.525 1705.104
1289.549 1799.217
1287.032 1836.770
1472.523 1789.818
1292.420 1754.376
1352.330 1784.556
1445.600 1725.373
1281.791 1814.018
1253.030 1628.179
1335.226 1738.460
1260.215 1824.901
1367.938 1821.350
1405.957 1689.688
1356.501 1838.536
1452.016 1663.203
1386.592 1705.256
1339.674 1738.757
1319.933 1731.847
1274.571 1824.960
1261.253 1844.789
1332.270 1766.725
1247.945 1770.820
1319.400 1848.880
1440.656 1684.098
1374.325 1799.360
1393.905 1742.692
1399.819 1710.276
1319.096 1842.886
1443.163 1634.540
1294.310 1842.518
1412.260 1718.419
1433.355 1735.012
1340.802 1652.337
1448.770 1829.208
1333.128 1664.207
1401.389 1738.480
1333.862 1801.062
1449.349 1836.403
1325.037 1624.815
1314.951 1806.264
1400.616 1679.957
1422.667 1822.882
1271.930 1724.597
1319.766 1736.786
1263.764 1711.543
1277.476 1783.893
1413.547 1633.829
1293.121 1832.544
1298.142 1724.308
1341.439 1723.807
1361.964 1734.206
1428.711 1697.306
1285.925 1851.023
1297.235 1663.023
1404.205 1697.942
1365.947 1647.010
1440.000 1632.055
1280.251 1654.597
1257.769 1780.169
1365.191 1744.996
1315.552 1701.285
1448.091 1681.481
1252.282 1793.054
1334.348 1690.119
1255.416 1728.448
1304.277 1760.169
1410.027 1639.238
1345.445 1731.804
1316.526 1694.742
1322.019 1826.539
1335.639 1758.589
1346.619 1762.041
1371.446 1752.662
1438.483 1706.620
1473.229 1830.096
1249.258 1658.324
1272.684 1633.397
1331.968 1770.461
1409.908 1630.993
1302.310 1638.400
1456.191 1669.355
1330.425 1815.813
1471.800 1818.593
1290.960 1724.526
1369.135 1828.432
1386.773 1760.688
1260.208 1826.729
1308.284 1781.317
1304.313 1837.055
1409.097 1816.458
1472.268 1735.471
1450.495 1660.801
1436.819 1683.807
1454.772 1688.167
1297.295 1656.272
1443.191 1791.624
1447.721 1692.526
1457.239 1702.229
1403.770 1737.564
1385.387 1720.695
1431.488 1625.767
1292.529 1707.987
1413.978 1691.749
1468.097 1653.312
1297.700 1741.222
1399.022 1830.959
1392.245 1753.998
1472.888 1773.650
1353.960 1816.881
1315.205 1778.537
1274.716 1639.224
1444.912 1726.071
1432.481 1670.769
1417.648 1730.710
1288.987 1824.391
1315.044 1654.770
1413.620 1749.080
1356.644 1660.828
1334.456 1647.567
1359.727 1736.038
1329.184 1757.683
1423.895 1843.779
1269.284 1849.838
1270.130 1661.029
1463.965 1649.496
1366.763 1625.298
1311.399 1799.021
1383.846 1685.914
1387.904 1655.451
1408.958 1777.934
1385.953 1694.424
1352.641 1804.550
1275.827 1810.441
1390.118 1624.545
1372.497 1758.079
1364.681 1690.408
1459.186 1795.559
1267.632 1644.883
1289.909 1663.720
1275.003 1708.603
1345.808 1754.517
1344.488 1786.165
1402.258 1800.921
1470.743 1721.807
1408.126 1661.820
1438.148 1789.986
1425.722 1756.427
1365.320 1630.786
1398.951 1637.176
1347.974 1841.612
1309.987 1675.749
1325.927 1780.503
1325.622 1700.564
1464.500 1795.586
1413.004 1710.130
1395.415 1640.791
1259.635 1772.239
1248.920 1783.993
1402.028 1639.238
1410.872 1832.559
1384.167 1640.656
1433.552 1624.219
1289.377 1846.858
1328.563 1673.666
1307.772 1797.027
1347.836 1649.934
1285.274 1703.062
1409.010 1821.492
1267.696 1724.174
1335.794 1805.855
1308.021 1644.181
1424.993 1839.921
1403.121 1739.457
1393.698 1760.052
1311.784 1687.160
1260.622 1751.247
1354.833 1846.310
1371.317 1673.456
1381.355 1829.346
1415.449 1784.266
1422.441 1756.260
1271.022 1842.360
1350.745 1839.248
1354.671 1769.461
1386.688 1787.555
1326.144 1827.267
1304.763 1799.984
1440.915 1708.004
1378.369 1781.831
1323.455 1664.138
1412.497 1633.993
1398.911 1842.669
1388.952 1702.249
1303.802 1789.429
1316.659 1820.948
1419.990 1748.400
1294.585 1678.081
1338.622 1766.115
1301.240 1720.063
1444.973 1704.472
1470.725 1797.696
1305.109 1819.364
1343.716 1718.220
1283.343 1696.985
1281.196 1756.616
1303.000 1850.406
1283.227 1683.208
1333.161 1661.264
1286.123 1727.582
1388.296 1636.465
1293.550 1681.623
1337.381 1641.019
1342.459 1660.044
1385.239 1804.701
1444.494 1851.097
1376.896 1734.393
1426.306 1667.896
1398.149 1740.971
1417.620 1749.376
1372.825 1722.225
1262.432 1777.272
1339.441 1664.755
1264.104 1815.747
1369.821 1685.545
1453.898 1710.011
1441.357 1727.725
1289.013 1747.986
1309.212 1762.683
1397.871 1776.532
1289.760 1814.215
1257.833 1717.771
1350.906 1843.047
1248.625 1785.327
1376.348 1710.571
1329.473 1683.476
1449.120 1800.614
1442.012 1687.695
1427.269 1825.819
1345.509 1738.729
1414.927 1818.797
1327.763 1805.034
1411.854 1681.700
1258.752 1835.461
1353.615 1687.461
1474.039 1638.494
1321.015 1776.194
1284.852 1635.046
1325.389 1708.768
1438.900 1673.231
1286.923 1708.644
1433.898 1691.466
1450.434 1697.920
1320.002 1800.016
1317.749 1765.128
1303.264 1786.942
1320.012 1807.230
1374.484 1662.845
1292.913 1831.972
1391.301 1650.306
1253.085 1847.504
1261.509 1718.571
1361.837 1670.699
1284.281 1730.318
1439.832 1791.265
1472.384 1764.435
1419.801 1641.920
1427.266 1806.367
1368.042 1747.817
1347.108 1738.249
1415.347 1762.522
1402.134 1815.656
1407.055 1689.423
1251.866 1796.533
1352.759 1811.331
1296.413 1635.433
1269.482 1654.056
1469.982 1828.213
1444.182 1823.262
1471.310 1819.553
1341.642 1799.994
1359.300 1698.138
1328.132 1726.108
1316.428 1713.330
1293.916 1660.836
1432.501 1656.988
1408.535 1721.167
1365.186 1754.704
1355.209 1751.825
1345.993 1812.377
1426.961 1846.277
1276.045 1842.320
1367.194 1850.577
1321.762 1771.825
1392.462 1766.987
1424.915 1795.485
1289.711 1640.179
1439.083 1735.111
1395.327 1838.705
1458.661 1828.082
1361.746 1702.731
1442.797 1817.619
1449.143 1725.466
1333.343 1718.204
1339.343 1672.153
1382.868 1739.372
1291.348 1777.709
1341.712 1850.738
1374.774 1763.919
1372.131 1732.550
1472.647 1835.142
1362.293 1796.320
1409.017 1667.909
1252.995 1782.916
1443.349 1676.111
1275.138 1702.925
1467.460 1800.446
1331.600 1790.129
1372.713 1779.030
1420.139 1711.758
1296.432 1839.217
1306.754 1665.902
1283.448 1816.177
1280.758 1731.629
1419.640 1783.102
1270.066 1753.260
1258.886 1789.424
1361.374 1739.080
1414.478 1729.168
1301.476 1741.378
1275.103 1807.778
1257.785 1645.249
1320.251 1729.349
1419.740 1850.911
1396.775 1769.126
1332.280 1765.750
1261.989 1812.345
1315.252 1682.806
1321.610 1642.243
1450.162 1685.096
1363.409 1788.965
1361.666 1831.678
1324.873 1728.370
1428.475 1744.963
1303.751 1786.199
1252.124 1833.377
1403.167 1684.058
1270.805 1849.170
1357.283 1774.532
1257.186 1767.217
1429.370 1746.049
1329.443 1633.708
1322.653 1680.624
1388.472 1810.035
1309.200 1832.182
1251.344 1700.714
1314.194 1758.176
1339.464 1781.627
1314.610 1747.481
1394.521 1692.709
1391.837 1752.640
1310.111 1812.920
1401.767 1727.568
1446.679 1834.144
1390.225 1670.114
1433.698 1631.813
1255.937 1772.629
1440.735 1762.632
1256.791 1664.661
1250.508 1627.475
1453.355 1748.407
1253.371 1739.744
1357.064 1850.493
1440.502 1719.395
1381.716 1812.181
1308.705 1691.695
1466.183 1666.262
1274.733 1798.931
1422.051 1653.469
1298.589 1781.356
1439.824 1650.417
1337.895 1836.824
1469.100 1770.581
1353.060 1633.427
1316.945 1673.987
1364.520 1678.796
1369.203 1661.583
1438.704 1648.536
1413.097 1780.135
1394.711 1704.540
1260.870 1648.524
1334.734 1824.799
1360.196 1809.036
1418.287 1776.557
1280.238 1714.481
1452.392 1712.176
1300.838 1750.873
1253.310 1668.574
1264.256 1757.377
1383.377 1631.038
1444.576 1654.512
1283.853 1678.722
1466.076 1673.742
1445.802 1839.858
1416.137 1716.546
1434.950 1647.488
1344.056 1747.106
1375.162 1660.298
1282.347 1829.526
1395.123 1728.023
1417.213 1758.447
1262.618 1651.056
1296.031 1823.450
1343.038 1847.890
1454.330 1768.922
1300.047 1648.763
1392.303 1811.303
1428.251 1739.785
1323.858 1815.576
1375.108 1821.303
1398.332 1768.345
1301.006 1674.128
1307.098 1795.592
1286.023 1675.154
1271.484 1736.592
1310.970 1626.428
1342.660 1816.719
1451.157 1850.439
1454.564 1758.099
1370.939 1767.723
1418.229 1704.594
1356.825 1701.868
1329.794 1674.679
1260.671 1743.829
1307.099 1693.792
1381.655 1696.348
1287.771 1782.409
1344.818 1828.356
1334.770 1646.626
1408.611 1745.820
1417.250 1677.567
1365.676 1699.424
1463.713 1742.624
1431.768 1739.807
1369.029 1826.516
1363.695 1744.832
1355.915 1774.106
1404.693 1667.482
1293.092 1633.220
1466.726 1681.863
1318.370 1669.182
1465.733 1805.453
1284.638 1684.229
1473.808 1704.397
1344.831 1739.804
1439.462 1802.283
1460.783 1716.282
1293.161 1645.713
1286.272 1655.547
1302.084 1743.215
1464.247 1628.761
1328.407 1627.236
1424.955 1807.209
1416.426 1793.981
1291.158 1804.621
1291.782 1642.441
1250.845 1840.176
1304.027 1802.068
1404.526 1701.396
1381.873 1655.967
1267.067 1827.506
1357.639 1624.771
1341.046 1738.993
1365.680 1665.908
1372.099 1787.817
1282.578 1739.191
1350.789 1808.956
1379.384 1668.996
1280.734 1666.622
1271.423 1769.790
1431.038 1719.835
1352.965 1771.028
1261.816 1721.931
1410.124 1821.453
1356.890 1787.728
1466.004 1764.055
1363.555 1842.241
1264.886 1780.428
1470.945 1776.175
1411.357 1710.145
1364.615 1700.615
1371.778 1720.563
1264.208 1645.186
1374.908 1760.930
1329.631 1686.071
1463.170 1665.341
1456.998 1694.258
1310.891 1807.127
1424.487 1770.114
1411.594 1797.924
1267.267 1661.772
1370.081 1698.300
1448.088 1716.637
1407.950 1817.824
1284.312 1723.705
1308.372 1756.986
1385.621 1840.693
1434.365 1765.791
1298.405 1639.662
1430.417 1734.956
1284.293 1680.316
1376.603 1838.165
1474.352 1648.754
1365.860 1730.319
1431.488 1660.577
1400.804 1766.715
1356.373 1699.051
1439.632 1766.509
1427.145 1839.335
1429.157 1757.521
1298.358 1696.224
1344.186 1751.146
1371.007 1692.216
1266.976 1665.730
1302.398 1629.179
1347.366 1779.538
1438.219 1771.652
1430.057 1638.384
1442.165 1809.126
1284.382 1773.780
1319.214 1692.334
1401.288 1778.911
1393.198 1696.432
1305.174 1659.712
1263.008 1667.555
1298.124 1657.485
1282.672 1818.509
1270.890 1642.174
1274.639 1806.719
1265.099 1796.636
1346.393 1792.579
1468.159 1627.783
1273.469 1787.120
1270.390 1812.177
1247.828 1647.837
1355.673 1670.408
1360.965 1771.955
1297.744 1819.801
1443.827 1639.981
1373.395 1800.597
1295.024 1688.181
1416.035 1632.097
1291.326 1693.329
1402.354 1830.952
1276.632 1781.088
1317.218 1829.036
1318.623 1700.015
1347.751 1763.127
1375.243 1824.554
1303.117 1824.417
1359.866 1758.591
1358.993 1674.199
1358.852 1657.290
1369.507 1843.663
1342.210 1814.673
1409.635 1831.398
1305.695 1809.712
1312.073 1717.055
1466.719 1843.629
1364.215 1801.708
1324.901 1804.482
1404.496 1837.710
1274.150 1678.875
1341.062 1838.870
1433.663 1643.284
1298.814 1700.142
1385.357 1693.950
1311.841 1782.462
1335.534 1810.382
1383.971 1684.808
1446.081 1726.315
1283.061 1693.568
1453.376 1798.202
1447.228 1691.234
1368.414 1808.370
1380.429 1790.340
1275.596 1787.284
1464.196 1824.755
1408.677 1804.286
1465.948 1727.322
1416.491 1782.550
1365.544 1718.133
1410.202 1667.996
1349.627 1630.761
1283.268 1684.069
1424.702 1774.085
1291.646 1820.889
1336.198 1624.637
1284.468 1713.105
1458.761 1846.503
1450.895 1787.073
1339.233 1825.719
1427.135 1729.920
1407.540 1724.397
1321.425 1737.873
1332.919 1741.668
1405.549 1634.620
1254.847 1736.444
1411.320 1727.921
1363.571 1746.114
1437.119 1766.413
1451.541 1687.369
1249.022 1816.021
1408.758 1714.003
1382.730 1810.116
1264.480 1679.589
1468.426 1813.520
1357.063 1809.813
1308.226 1798.711
1339.077 1689.316
1254.634 1816.729
1402.697 1651.682
1329.097 1780.718
1249.266 1713.771
1422.372 1795.432
1404.906 1737.641
1365.902 1791.526
1405.953 1649.957
1454.799 1769.660
1426.647 1824.314
1343.351 1702.111
1253.582 1633.744
1347.614 1706.048
1471.601 1692.400
1373.774 1815.481
1370.163 1763.348
1419.452 1815.606
1248.398 1766.168
1352.809 1769.967
1469.863 1752.125
1400.303 1813.620
1418.632 1832.988
1264.479 1656.553
1460.690 1748.712
1324.629 1818.172
1288.499 1826.023
1320.074 1804.176
1345.488 1628.784
1341.318 1807.272
1346.984 1725.548
1393.112 1814.715
1425.276 1767.417
1326.384 1751.241
1325.969 1647.785
1393.483 1741.973
1264.666 1664.047
1364.734 1841.425
1279.971 1813.139
1364.519 1627.066
1304.471 1829.933
1313.119 1646.977
1322.476 1689.893
1405.598 1796.772
1337.645 1655.516
1380.756 1766.957
1264.753 1628.963
1445.635 1699.901
1410.533 1653.247
1290.620 1812.284
1368.474 1771.584
1253.278 1791.061
1467.912 1831.383
1368.891 1807.264
1315.095 1731.386
1367.581 1759.974
1388.709 1797.105
1397.788 1800.564
1256.736 1705.537
1447.346 1662.341
1397.689 1728.833
1263.741 1638.827
1329.402 1798.904
1458.760 1788.953
1343.905 1774.413
1348.335 1734.943
1323.935 1845.088
1407.842 1821.588
1301.078 1637.426
1288.290 1780.352
1470.638 1822.317
1270.487 1646.757
1351.404 1733.333
1426.950 1679.909
1400.940 1644.305
1423.102 1728.158
1300.068 1725.867
1361.591 1768.997
1402.420 1772.320
1366.661 1791.299
1369.354 1833.469
1377.453 1818.087
1361.690 1691.600
1407.867 1835.010
1297.380 1631.155
1471.378 1813.566
1420.282 1665.094
1352.959 1780.276
1366.833 1836.995
1290.109 1649.699
1271.994 1695.507
1456.234 1628.384
1456.222 1701.324
1408.412 1713.177
1279.115 1757.631
1262.279 1752.092
1378.349 1785.419
1353.419 1772.593
1277.105 1638.289
1449.282 1798.206
1327.097 1719.800
1307.402 1832.479
1359.747 1803.941
1248.330 1657.557
1314.108 1667.019
1271.212 1709.283
1300.870 1641.165
1447.392 1705.880
1432.923 1708.887
1416.471 1674.318
1303.848 1807.794
1402.466 1798.614
1334.592 1756.224
1444.247 1628.556
1373.344 1847.809
1361.150 1732.454
1408.093 1721.953
1309.085 1699.633
1297.678 1847.986
1280.322 1641.979
1256.118 1812.336
1456.530 1667.186
1463.203 1800.722
1285.094 1806.181
1449.138 1659.310
1274.120 1849.600
1290.347 1637.888
1438.906 1844.946
1265.495 1785.136
1403.104 1779.749
1307.107 1700.367
1412.325 1680.369
1258.105 1784.070
1284.082 1797.063
1263.714 1748.213
1345.906 1831.721
1368.695 1678.659
1455.272 1669.747
1399.183 1733.305
1460.710 1720.266
1355.988 1639.575
1474.265 1649.599
1325.109 1837.252
1278.102 1776.681
1337.390 1657.678
1422.127 1779.323
1443.102 1666.512
1369.193 1657.556
1426.336 1803.590
1335.552 1697.949
1377.261 1655.231
1343.914 1716.402
1292.144 1625.890
1252.486 1830.023
1345.405 1845.704
1416.246 1756.427
1332.642 1802.897
1274.760 1767.538
1399.260 1679.726
1337.037 1653.552
1302.573 1791.453
1382.246 1699.389
1325.763 1678.147
1472.851 1711.281
1380.352 1814.824
1337.063 1831.149
1358.655 1776.150
1451.238 1753.064
1443.290 1779.388
1382.502 1814.847
1323.576 1840.474
1259.230 1733.953
1337.806 1638.444
1455.492 1752.568
1410.628 1812.820
1357.471 1668.529
1318.336 1647.620
1346.589 1795.365
1320.043 1743.190
1305.298 1631.573
1443.587 1694.306
1285.839 1633.512
1355.142 1662.463
1413.111 1817.892
1280.749 1819.744
1287.776 1744.775
1274.575 1823.446
1290.007 1823.287
1261.413 1766.882
1263.107 1761.232
1314.939 1698.486
1406.566 1629.206
1434.053 1626.936
1292.372 1806.269
1297.607 1824.115
1366.475 1625.239
1268.244 1726.151
1332.161 1811.488
1474.028 1715.423
1453.065 1779.017
1456.343 1816.995
1319.847 1755.771
1299.792 1718.070
1332.027 1686.432
1300.291 1696.049
1253.990 1640.283
1469.770 1640.470
1426.753 1808.986
1335.089 1658.953
1402.905 1773.785
1459.991 1627.292
1433.846 1807.203
1250.878 1805.930
1279.497 1755.655
1371.942 1638.859
1303.250 1755.996
1261.240 1656.669
1305.420 1707.847
1388.190 1805.931
1447.017 1847.543
1374.800 1681.174
1252.461 1647.437
1327.567 1703.360
1262.712 1695.320
1331.520 1689.059
1303.675 1830.437
1450.455 1818.611
1344.064 1744.265
1282.760 1626.946
1309.839 1811.234
1273.262 1624.500
1381.552 1850.804
1375.355 1794.606
1371.259 1737.066
1363.442 1745.187
1321.485 1651.724
1322.614 1697.428
1260.945 1827.541
1290.786 1748.291
1390.984 1674.006
1267.770 1834.099
1355.014 1815.195
1304.956 1705.655
1398.428 1750.627
1464.516 1680.841
1455.336 1730.038
1440.308 1721.521
1343.344 1719.783
1446.591 1832.873
1309.849 1815.679
1466.033 1627.818
1290.341 1808.576
1471.730 1708.692
1424.537 1785.036
1269.945 1786.082
1247.233 1740.903
1319.298 1725.799
1320.485 1761.327
1337.643 1773.815
1417.040 1691.830
1429.825 1628.559
1267.728 1802.238
1390.826 1635.145
1425.752 1682.331
1301.555 1672.370
1289.829 1801.421
1259.470 1818.908
1415.126 1825.796
1281.320 1729.148
1365.057 1634.401
1413.434 1806.862
1360.172 1627.554
1316.620 1737.730
1329.954 1669.534
1310.690 1736.731
1452.868 1666.335
1368.367 1676.605
1451.259 1744.902
1361.432 1809.601
1320.815 1806.179
1473.896 1649.826
1384.113 1709.476
1312.528 1626.439
1302.716 1647.874
1251.381 1722.366
1364.554 1718.280
1334.712 1825.926
1272.884 1795.964
1397.569 1683.662
1442.211 1727.644
1380.143 1709.033
1359.411 1739.744
1282.796 1769.730
1440.601 1780.522
1465.003 1655.258
1301.351 1690.146
1256.530 1824.296
1459.217 1692.164
1273.219 1752.874
1370.103 1827.006
1296.107 1655.357
1439.821 1636.481
1275.269 1753.053
1290.730 1670.838
1306.051 1753.140
1403.628 1802.581
1352.638 1799.134
1252.936 1629.688
1392.192 1641.814
1297.260 1833.307
1338.373 1740.003
1344.529 1694.609
1337.182 1631.271
1293.202 1831.080
1392.681 1741.519
1299.257 1668.799
1455.086 1639.874
1331.132 1820.614
1341.497 1769.174
1285.788 1820.987
1413.564 1636.602
1346.896 1845.035
1378.263 1765.756
1257.361 1628.537
1413.288 1811.249
1380.706 1631.247
1268.482 1842.632
1354.492 1723.441
1471.852 1830.903
1341.896 1703.116
1339.778 1630.803
1391.107 1793.363
1426.267 1810.944
1365.857 1680.103
1315.765 1762.933
1423.550 1692.230
1345.413 1839.132
1421.123 1659.409
1436.868 1695.030
1420.976 1647.964
1426.909 1828.888
1455.201 1712.233
1396.044 1656.498
1412.274 1797.739
1359.932 1830.184
1307.049 1650.465
1306.012 1774.644
1377.797 1628.206
1262.713 1630.352
1259.357 1810.633
1402.239 1766.157
1346.309 1707.222
1373.735 1751.757
1431.891 1659.743
1306.850 1819.180
1281.936 1775.724
1306.281 1724.245
1300.908 1636.240
1293.325 1839.651
1321.143 1772.626
1270.293 1813.209
1420.920 1663.830
1467.665 1760.085
1289.345 1754.771
1377.294 1704.026
1404.434 1713.131
1450.278 1706.216
1394.610 1747.494
1281.351 1762.070
1286.353 1668.684
1439.921 1817.246
1253.674 1793.908
1255.142 1803.858
1358.431 1843.423
1351.511 1643.525
1248.434 1654.003
1248.597 1758.758
1319.904 1772.799
1354.373 1677.968
1399.804 1709.028
1447.138 1699.474
1466.087 1686.703
1362.364 1638.192
1366.260 1635.137
1320.539 1749.678
1433.955 1785.384
1457.637 1626.860
1346.199 1644.348
1454.660 1735.017
1435.606 1696.810
1275.887 1727.518
1302.714 1801.974
1255.401 1672.627
1322.878 1706.204
1426.460 1669.354
1307.761 1821.555
1430.524 1792.101
1353.071 1690.142
1360.059 1670.593
1436.306 1637.742
1318.658 1651.403
1406.179 1840.055
1402.556 1752.957
1471.300 1745.461
1300.923 1823.223
1394.066 1646.590
1422.669 1738.716
1281.818 1847.128
1263.360 1625.259
1308.477 1665.550
1443.429 1712.474
1275.350 1696.548
1411.729 1650.303
1325.728 1817.337
1372.671 1779.365
1364.971 1766.375
1310.086 1774.479
1375.193 1750.754
1427.362 1660.447
1383.512 1673.097
1406.111 1673.199
1361.444 1757.477
1258.728 1747.120
1261.204 1814.590
1462.197 1817.162
1464.696 1738.521
1414.947 1694.008
1280.180 1722.499
1416.921 1841.036
1382.819 1789.474
1260.982 1815.538
1432.007 1828.874
1442.966 1673.957
1444.389 1648.757
1346.377 1706.510
1306.482 1681.737
1364.934 1706.181
1378.436 1669.087
1329.490 1626.975
1437.537 1796.434
1339.901 1767.896
1398.884 1710.862
1352.988 1752.675
1320.386 1783.163
1438.699 1635.728
1285.670 1678.688
1343.790 1750.560
1309.249 1709.951
1367.665 1810.835
1437.708 1802.884
1317.140 1769.816
1267.528 1657.903
1438.983 1832.985
1286.394 1787.639
1311.425 1768.243
1393.684 1783.187
1280.660 1741.460
1279.055 1742.158
1307.738 1627.912
1247.744 1682.861
1260.237 1767.182
1290.231 1731.686
1271.844 1633.352
1330.744 1677.521
1315.283 1745.295
1448.609 1790.107
1280.109 1736.089
1340.763 1738.744
1276.368 1680.056
720.993 1051.204
662.277 1115.617
867.010 1130.737
680.459 1066.994
732.951 1140.442
742.064 1079.244
755.093 1110.911
866.710 1235.829
690.324 1081.415
706.120 1141.040
773.907 1149.311
739.355 1133.351
718.654 1065.377
688.097 1074.059
761.128 1097.510
696.689 1220.997
828.754 1037.599
715.814 1087.360
789.932 1099.489
832.191 1152.045
651.885 1096.601
721.120 1066.197
845.230 1213.762
721.076 1132.081
693.223 1233.850
690.004 1090.168
837.963 1112.148
756.516 1022.999
714.188 1193.082
709.914 1140.472
863.599 1170.923
724.169 1096.846
767.645 1141.345
742.914 1159.312
711.474 1066.723
774.141 1224.516
764.036 1042.299
863.644 1069.718
744.724 1072.694
740.839 1053.448
698.840 1087.254
786.108 1161.808
699.599 1106.206
758.472 1042.082
755.894 1018.053
859.213 1034.050
734.682 1123.395
653.411 1042.939
799.744 1105.197
792.748 1136.270
682.499 1224.374
781.255 1148.294
792.365 1229.349
723.079 1080.130
867.332 1083.977
774.387 1192.748
692.245 1143.435
871.352 1128.108
665.999 1164.922
867.544 1118.140
701.472 1110.798
682.330 1033.634
874.214 1095.791
822.398 1152.159
774.629 1180.512
826.130 1157.386
664.819 1041.615
848.756 1090.203
855.445 1065.180
794.289 1093.805
785.608 1031.637
768.917 1019.008
854.970 1151.989
787.924 1065.042
695.454 1203.112
858.989 1070.265
759.118 1029.644
845.348 1133.428
815.026 1222.389
708.367 1101.246
788.249 1138.192
830.364 1152.781
667.332 1029.988
849.208 1220.724
860.732 1034.207
807.567 1118.259
821.037 1089.861
871.259 1237.353
671.711 1023.882
834.378 1015.566
748.525 1190.817
828.183 1196.811
670.866 1130.772
862.571 1107.829
752.216 1217.648
689.518 1206.533
843.307 1190.455
689.518 1224.557
840.104 1124.282
702.462 1052.503
781.001 1173.978
873.437 1123.857
841.054 1228.227
758.989 1175.979
759.806 1166.137
748.133 1136.217
874.317 1042.741
751.838 1233.307
809.404 1061.144
786.801 1159.471
829.453 1130.911
847.522 1123.813
728.557 1136.843
875.303 1070.877
876.847 1043.584
801.021 1150.072
793.407 1086.934
873.813 1043.091
675.640 1061.963
663.066 1155.247
862.077 1061.978
734.943 1225.244
662.317 1091.058
769.934 1021.316
756.959 1228.919
664.020 1221.118
817.308 1087.001
781.804 1132.273
677.738 1056.478
856.472 1162.380
871.092 1185.729
697.509 1087.071
837.395 1103.834
818.969 1116.037
830.896 1169.467
829.645 1189.362
760.886 1018.291
672.880 1133.407
830.136 1141.610
875.458 1025.456
860.736 1175.044
686.760 1039.716
794.488 1223.855
826.587 1101.555
654.151 1167.825
853.611 1174.079
682.078 1027.711
770.259 1019.570
838.127 1206.387
815.404 1036.781
670.321 1075.670
737.760 1207.071
706.615 1053.156
763.384 1054.137
825.141 1144.761
832.055 1062.770
728.728 1223.154
704.229 1043.800
780.502 1241.007
736.228 1210.308
701.121 1188.692
772.229 1216.993
755.829 1191.456
697.545 1145.483
773.182 1198.048
768.737 1152.740
808.494 1157.148
817.077 1137.642
726.364 1155.766
788.181 1132.863
655.677 1146.162
824.351 1124.215
766.860 1018.149
728.767 1170.359
864.804 1082.025
830.469 1160.907
725.843 1185.969
738.599 1082.897
804.752 1140.756
735.110 1162.504
862.251 1187.702
814.167 1126.567
840.353 1038.247
860.653 1238.605
757.952 1123.888
782.549 1016.160
786.575 1223.841
724.694 1210.855
832.382 1036.408
658.761 1177.345
784.860 1235.331
783.049 1117.723
729.128 1029.341
722.353 1157.989
664.443 1130.981
868.092 1153.623
768.207 1055.119
658.389 1240.257
694.791 1220.881
684.493 1111.639
808.478 1113.737
708.755 1037.108
777.498 1205.248
683.398 1181.977
665.062 1046.501
753.043 1134.229
791.665 1039.913
796.116 1241.308
666.933 1154.977
679.116 1043.533
796.382 1025.968
743.957 1109.556
715.378 1085.510
749.245 1033.924
771.974 1078.248
825.639 1091.383
730.762 1035.233
780.692 1025.431
850.458 1227.824
762.024 1139.225
709.707 1231.127
736.446 1016.072
775.662 1125.655
871.964 1191.995
720.520 1232.886
749.307 1034.683
716.768 1139.242
860.322 1191.162
795.377 1071.937
670.756 1136.224
824.843 1186.658
755.141 1234.233
858.208 1136.586
770.012 1177.423
821.970 1060.119
772.988 1068.984
736.740 1132.730
802.448 1157.914
701.302 1222.727
746.002 1123.394
850.378 1058.224
747.576 1122.417
744.558 1156.290
758.261 1121.429
692.843 1132.013
846.803 1120.675
656.215 1219.527
710.404 1159.000
834.236 1084.722
858.174 1019.789
730.952 1176.837
656.977 1074.655
815.271 1121.866
856.344 1051.730
655.751 1142.561
698.547 1228.463
876.261 1027.179
783.292 1197.115
822.415 1117.363
861.035 1176.403
766.482 1068.833
658.322 1093.025
855.730 1039.982
868.898 1030.348
727.340 1030.049
805.404 1098.331
785.361 1055.285
701.838 1057.576
745.925 1098.442
839.369 1082.972
787.916 1153.703
693.063 1049.409
763.867 1166.878
768.440 1171.226
688.013 1121.713
686.857 1052.738
837.525 1218.677
854.043 1035.554
656.732 1145.535
653.747 1164.345
778.353 1208.900
678.540 1167.608
716.462 1155.198
770.177 1054.957
808.716 1102.547
659.280 1109.461
704.126 1222.161
875.297 1048.328
727.669 1160.019
658.550 1192.245
750.830 1175.958
875.712 1095.575
791.811 1016.379
823.194 1039.311
721.298 1171.095
717.921 1119.219
721.189 1104.260
758.027 1113.458
697.898 1015.956
669.162 1125.539
848.444 1175.042
814.923 1022.308
844.137 1050.086
849.339 1071.299
868.342 1031.093
713.183 1178.763
758.678 1237.946
809.567 1233.391
794.031 1241.013
867.534 1181.257
875.935 1199.943
677.799 1144.071
704.427 1164.365
860.131 1095.716
664.576 1058.269
693.483 1094.636
748.189 1168.059
720.131 1172.550
677.644 1050.150
828.456 1096.080
778.229 1220.147
840.268 1196.970
777.666 1020.493
861.881 1211.497
812.588 1213.650
788.773 1184.943
683.294 1123.845
855.791 1114.026
747.933 1076.567
688.345 1179.675
693.981 1116.237
780.129 1215.293
743.908 1018.723
842.489 1237.033
682.694 1050.351
758.852 1081.762
698.397 1096.725
844.552 1052.703
712.879 1036.036
751.790 1149.045
826.123 1039.709
695.982 1115.897
685.174 1114.528
814.372 1239.886
743.413 1124.275
705.754 1058.319
763.997 1239.202
812.748 1207.825
723.836 1085.676
797.845 1015.267
735.417 1096.096
771.395 1149.602
851.260 1171.307
677.571 1109.604
708.428 1037.332
840.139 1134.850
826.723 1228.823
800.442 1077.016
722.712 1214.896
831.555 1109.759
765.841 1201.390
783.404 1139.829
788.877 1096.347
769.595 1094.436
788.648 1145.803
697.381 1031.246
752.496 1207.868
742.113 1076.672
693.086 1030.576
669.615 1180.383
830.048 1072.218
736.758 1063.706
872.019 1195.731
850.500 1060.035
788.766 1191.727
797.439 1071.997
709.022 1046.917
810.092 1232.130
688.790 1038.055
810.650 1216.140
669.402 1078.939
729.809 1076.514
679.125 1039.462
766.727 1087.680
711.189 1048.962
771.003 1187.663
775.503 1180.133
847.522 1093.093
717.976 1093.639
675.184 1039.324
871.763 1084.769
700.981 1095.987
699.188 1039.884
770.742 1077.063
854.702 1172.873
829.491 1047.262
856.707 1210.342
666.427 1177.005
862.837 1161.466
694.342 1036.277
678.189 1216.621
744.536 1112.407
836.699 1054.017
717.040 1057.843
829.500 1127.402
771.209 1236.277
772.371 1119.663
706.596 1183.180
815.066 1041.430
855.637 1162.935
793.547 1080.975
821.717 1236.258
803.175 1087.380
750.894 1231.424
701.823 1167.776
850.782 1142.392
772.178 1222.712
796.502 1024.783
749.332 1137.809
651.803 1118.890
741.511 1198.637
875.246 1043.662
656.907 1078.301
769.200 1071.063
789.277 1092.518
653.984 1193.185
844.232 1048.404
709.541 1201.900
781.862 1219.212
866.263 1071.246
769.145 1026.474
826.828 1018.642
847.876 1163.749
814.557 1128.284
712.404 1116.765
664.471 1180.901
726.826 1026.822
653.329 1124.987
709.957 1173.564
839.220 1169.932
755.328 1174.370
754.966 1026.964
869.568 1086.421
771.070 1195.287
801.986 1216.842
718.026 1192.527
875.131 1027.412
655.144 1025.903
838.476 1030.314
850.486 1113.888
654.333 1098.209
753.687 1181.341
820.566 1159.803
866.588 1118.242
834.777 1174.047
786.505 1169.100
759.938 1221.863
658.864 1015.169
750.234 1050.454
694.463 1194.593
863.253 1113.606
810.496 1175.094
835.816 1022.394
656.815 1061.058
693.524 1066.497
854.681 1051.697
756.959 1164.886
725.302 1195.912
693.001 1100.452
823.523 1095.197
734.478 1101.223
749.896 1051.889
795.459 1191.607
773.894 1083.366
806.511 1236.956
720.050 1213.932
719.818 1220.297
663.768 1200.311
671.255 1021.401
651.661 1090.608
740.098 1050.526
788.500 1196.404
862.006 1037.433
683.585 1142.171
673.680 1056.752
861.408 1219.932
813.880 1097.053
795.403 1030.399
861.532 1177.642
651.892 1111.653
729.340 1083.197
765.422 1155.654
868.294 1137.490
760.464 1106.191
651.640 1098.159
677.777 1036.077
729.463 1229.295
830.554 1015.002
741.117 1048.591
728.152 1097.102
767.560 1228.588
837.828 1207.932
852.140 1159.795
827.487 1198.141
758.113 1114.697
844.254 1093.213
745.499 1120.486
834.323 1118.370
699.946 1032.660
820.529 1107.797
728.652 1210.936
709.447 1064.919
843.248 1238.517
746.076 1183.843
849.567 1174.506
766.484 1095.081
835.139 1099.008
871.202 1206.451
878.202 1157.180
869.371 1145.120
721.620 1087.449
786.645 1206.797
686.457 1029.789
802.719 1220.857
670.053 1232.591
781.767 1015.450
661.835 1022.254
723.999 1225.769
874.637 1213.364
663.683 1166.901
774.015 1236.010
821.148 1093.872
754.410 1140.266
827.846 1027.027
679.493 1074.285
788.468 1033.611
686.049 1073.766
720.099 1100.445
773.242 1020.739
746.629 1026.173
698.336 1222.669
852.921 1037.595
853.747 1143.181
849.328 1105.824
735.472 1063.560
839.536 1203.873
800.783 1130.781
756.399 1152.637
806.654 1128.721
858.518 1050.759
726.861 1137.730
672.013 1204.886
724.845 1066.928
699.752 1044.114
785.200 1226.561
811.321 1035.602
876.115 1152.929
818.788 1207.952
665.277 1172.004
687.121 1232.441
750.922 1112.641
707.234 1058.421
761.867 1015.717
720.354 1132.879
874.402 1074.533
779.693 1198.705
809.690 1023.028
702.261 1102.221
819.271 1128.396
679.395 1162.915
656.736 1141.386
794.048 1076.849
846.621 1171.956
837.599 1221.462
830.888 1189.259
713.547 1125.247
832.038 1078.103
728.851 1028.129
771.844 1089.934
774.480 1054.246
699.044 1136.627
689.328 1213.559
765.344 1196.800
715.635 1089.548
782.391 1187.160
767.614 1206.978
843.106 1126.269
872.021 1072.840
704.014 1162.566
824.204 1042.238
806.020 1143.585
712.186 1068.869
820.998 1169.225
727.515 1139.836
782.420 1230.274
695.421 1114.370
818.823 1167.341
835.209 1128.635
670.280 1131.304
833.201 1222.271
804.394 1051.832
688.670 1148.735
841.839 1201.401
850.623 1235.996
759.129 1084.941
691.070 1052.917
851.157 1046.028
797.964 1133.354
834.563 1039.279
852.190 1236.614
803.696 1098.614
756.411 1035.941
829.508 1055.870
800.241 1237.234
877.403 1053.456
874.667 1201.460
862.437 1016.418
679.620 1033.515
823.392 1217.648
682.080 1089.976
701.400 1085.944
687.237 1234.689
856.963 1051.243
715.294 1205.423
869.822 1042.966
764.797 1135.492
858.210 1022.680
792.057 1114.176
706.240 1078.228
824.090 1148.711
682.534 1014.440
832.309 1146.921
705.005 1214.661
753.126 1199.272
877.615 1174.534
825.705 1232.458
792.300 1128.811
819.095 1036.253
696.599 1142.825
810.536 1100.069
857.211 1080.290
684.467 1019.745
859.211 1084.297
871.037 1132.810
694.136 1170.134
839.859 1072.501
713.923 1085.725
698.961 1235.930
744.706 1105.179
833.007 1085.005
875.848 1165.779
723.596 1158.652
855.436 1230.682
789.928 1121.279
746.397 1029.838
651.938 1202.832
692.865 1085.918
858.030 1185.094
701.434 1225.941
693.142 1025.242
764.259 1050.866
825.049 1063.897
829.439 1229.065
868.904 1054.808
726.297 1175.905
754.899 1091.951
838.072 1181.441
759.698 1106.790
682.487 1040.145
830.488 1079.017
801.420 1105.057
690.232 1135.109
820.809 1022.754
695.420 1165.174
790.450 1148.890
803.161 1164.799
733.902 1101.113
877.950 1173.019
722.284 1034.910
854.873 1081.307
873.562 1213.746
745.440 1173.508
837.723 1127.082
705.378 1075.764
839.776 1186.139
680.972 1102.726
678.040 1206.835
782.130 1167.655
815.229 1193.665
816.644 1172.246
876.797 1217.621
850.964 1187.985
763.792 1046.386
740.533 1231.496
731.362 1149.675
696.254 1154.858
739.710 1058.719
849.837 1196.566
867.643 1176.740
763.958 1120.914
711.382 1069.459
701.773 1096.175
783.037 1218.143
671.696 1118.608
700.742 1050.849
754.716 1134.177
765.890 1187.403
831.253 1140.104
802.011 1203.402
812.690 1087.702
778.644 1025.140
832.703 1123.062
722.248 1089.766
837.096 1170.669
757.251 1229.822
698.068 1073.358
872.938 1203.812
793.704 1136.980
786.254 1220.691
855.531 1181.199
766.240 1024.636
837.828 1238.364
853.396 1214.812
855.317 1149.524
711.253 1210.638
851.151 1134.748
657.305 1206.464
736.925 1043.553
853.096 1161.345
852.771 1125.148
741.915 1158.238
728.949 1148.342
656.306 1233.509
730.574 1056.665
710.658 1109.849
713.034 1083.815
704.032 1120.995
814.730 1099.366
793.375 1036.166
714.675 1050.567
805.904 1229.352
666.997 1112.868
692.412 1228.994
742.358 1053.342
687.015 1228.158
757.215 1039.411
703.366 1043.035
865.810 1099.098
728.189 1063.122
850.289 1060.870
781.515 1169.085
811.078 1131.445
694.234 1079.010
744.007 1015.734
759.091 1039.259
734.963 1144.297
724.291 1220.071
860.620 1133.656
671.795 1065.817
871.546 1214.559
846.396 1148.698
833.368 1178.142
704.884 1199.825
860.608 1089.782
843.562 1014.324
784.941 1203.560
848.517 1224.458
866.333 1138.806
740.840 1047.249
746.601 1156.445
846.948 1054.076
788.105 1121.762
744.058 1237.790
795.054 1149.587
726.022 1228.481
669.269 1213.576
816.293 1131.957
748.020 1231.692
777.428 1171.131
698.033 1014.712
769.373 1151.683
722.740 1014.381
665.940 1162.100
754.076 1029.577
693.936 1139.979
665.228 1051.242
732.009 1117.400
866.105 1124.582
789.950 1134.429
695.037 1089.897
862.031 1171.067
753.444 1033.834
770.473 1015.764
702.967 1028.508
688.097 1133.653
781.743 1150.789
729.429 1147.344
657.511 1040.975
721.540 1035.747
654.449 1045.181
700.243 1073.446
851.070 1233.657
870.452 1061.189
715.522 1196.847
694.020 1158.286
733.563 1068.840
851.181 1136.174
678.172 1214.548
751.037 1061.793
671.338 1024.115
788.646 1024.867
777.725 1046.419
686.193 1222.864
766.533 1022.612
853.475 1028.997
834.486 1106.348
853.336 1095.897
654.759 1054.166
862.371 1210.243
807.635 1051.118
780.945 1022.736
839.282 1068.143
813.947 1035.950
830.774 1084.142
716.148 1080.015
722.158 1023.588
690.450 1107.660
877.497 1188.906
815.804 1219.912
847.480 1151.149
830.017 1199.461
812.818 1122.835
742.325 1138.980
713.873 1066.416
746.896 1090.772
784.275 1213.260
785.325 1029.466
815.578 1135.923
864.306 1015.664
810.952 1071.879
715.762 1177.938
864.988 1214.458
703.497 1149.262
691.596 1115.196
868.319 1133.550
860.150 1234.195
783.903 1077.324
854.538 1146.093
713.253 1122.111
697.070 1054.189
782.255 1216.559
772.900 1103.206
671.410 1023.946
673.495 1157.421
679.427 1180.468
759.250 1201.108
793.616 1237.185
689.251 1149.084
822.228 1122.125
677.579 1120.974
661.766 1196.398
860.156 1125.298
789.302 1140.785
684.199 1028.210
651.941 1072.151
768.389 1111.186
820.722 1029.333
867.540 1035.062
850.557 1147.492
860.353 1185.338
681.726 1180.700
730.104 1046.148
869.157 1031.973
818.120 1211.533
867.505 1234.506
770.002 1032.594
808.168 1230.746
688.555 1165.155
768.660 1113.281
695.982 1022.171
809.838 1110.848
685.375 1116.482
851.714 1061.164
734.261 1020.256
694.840 1237.299
668.551 1115.966
766.206 1210.568
656.254 1233.718
802.658 1187.173
786.423 1145.681
704.139 1217.215
686.942 1115.710
716.158 1190.328
820.016 1071.271
745.717 1126.855
735.499 1151.174
705.727 1103.875
716.117 1131.931
699.550 1233.995
782.404 1138.461
734.215 1072.780
858.583 1033.373
688.860 1034.919
794.892 1111.046
795.225 1229.513
791.334 1172.025
781.026 1127.543
780.861 1023.090
777.969 1232.756
874.970 1107.848
767.646 1169.741
770.581 1114.408
701.290 1239.026
833.113 1143.113
792.993 1036.689
666.951 1184.796
858.931 1168.615
843.440 1054.386
723.272 1180.434
753.279 1240.438
722.986 1035.161
713.974 1201.959
656.118 1093.788
697.922 1015.144
695.462 1152.068
748.889 1100.049
873.827 1071.410
696.903 1038.691
796.442 1059.876
810.655 1021.619
693.070 1117.256
804.869 1103.658
741.310 1092.199
667.446 1108.568
849.862 1224.689
692.983 1178.922
772.055 1196.917
704.295 1111.481
731.979 1111.389
710.724 1052.502
762.849 1056.664
658.416 1140.104
688.983 1027.358
819.901 1017.926
732.741 1014.256
671.585 1032.587
795.493 1175.106
842.404 1150.423
833.807 1206.725
697.900 1200.191
684.247 1135.235
782.366 1214.439
826.170 1147.557
748.585 1046.644
765.344 1216.261
683.044 1122.480
677.185 1155.211
769.564 1197.081
758.300 1119.165
697.783 1024.381
703.131 1037.828
769.578 1129.096
857.407 1172.630
866.782 1109.337
855.111 1181.163
703.715 1229.999
664.429 1209.201
829.502 1026.651
652.879 1017.508
736.767 1100.621
775.903 1125.802
724.244 1198.390
837.421 1148.100
732.703 1092.345
816.042 1037.219
695.055 1154.995
763.602 1054.490
789.943 1059.483
799.129 1114.658
702.987 1037.271
835.459 1094.885
781.628 1034.560
860.332 1074.566
825.838 1034.707
869.636 1040.346
732.191 1189.170
809.268 1059.750
674.110 1185.684
837.139 1162.460
785.388 1193.918
749.561 1229.800
869.129 1055.157
797.716 1147.454
833.360 1196.446
670.916 1019.676
687.791 1066.435
665.295 1237.906
785.014 1222.699
711.021 1015.007
861.764 1204.533
788.216 1201.494
842.870 1071.162
819.152 1167.987
751.903 1141.430
876.018 1132.173
822.459 1083.753
853.972 1062.506
874.829 1087.507
698.550 1150.488
749.690 1124.574
681.489 1183.391
718.151 1135.869
677.573 1049.809
665.229 1203.024
816.136 1050.812
1322.665 778.076
1321.802 696.397
1330.944 821.191
1371.300 651.774
1369.127 846.788
1418.270 861.252
1287.954 833.856
1270.382 663.704
1390.634 732.109
1270.427 759.095
1296.168 647.561
1238.878 685.105
1267.139 815.879
1222.806 760.004
1262.259 734.795
1350.753 733.258
1303.326 726.703
1212.408 689.473
1302.575 714.471
1232.239 782.917
1232.751 765.310
1252.772 768.800
1330.555 722.702
1262.173 683.326
1297.617 733.895
1321.146 713.147
1415.982 671.500
1207.709 854.199
1235.106 757.505
1322.345 683.686
1267.210 864.675
1374.764 745.363
1223.233 798.903
1410.017 722.081
1304.974 690.866
1339.841 866.836
1419.174 654.037
1319.661 833.796
1404.571 860.729
1373.028 788.998
1287.865 792.799
1411.226 851.538
1265.940 747.804
1391.036 826.103
1241.953 852.734
1274.864 798.963
1411.968 858.344
1372.669 718.718
1274.441 692.091
1256.343 844.188
1308.293 736.736
1233.873 790.047
1298.098 643.030
1265.200 714.291
1407.036 840.165
1296.503 813.489
1297.024 676.937
1264.436 716.385
1353.194 794.492
1344.168 813.538
1275.559 645.448
1389.728 797.342
1252.310 759.780
1328.404 735.233
1364.185 681.857
1266.655 664.389
1317.861 774.737
1284.246 811.259
1247.180 860.686
1330.110 664.934
1365.745 648.935
1356.713 849.503
1210.439 824.942
1371.757 734.957
1287.138 666.468
1266.370 797.048
1330.155 714.215
1212.932 786.958
1203.668 819.721
1282.876 818.631
1214.067 728.072
1273.098 745.264
1376.999 728.493
1262.380 795.268
1227.610 821.865
1360.737 690.198
1244.871 753.764
1250.506 729.826
1319.907 723.067
1347.150 807.137
1353.969 792.715
1276.938 816.450
1246.038 689.661
1241.750 809.543
1211.235 665.211
1356.358 723.274
1347.209 856.756
1400.993 865.709
1305.292 750.356
1224.083 802.145
1250.186 775.658
1302.749 666.341
1249.181 670.845
1241.227 816.919
1390.944 717.164
1212.566 768.891
1397.008 730.280
1333.705 813.498
1294.637 646.761
1216.690 721.398
1267.746 650.368
1277.404 799.344
1313.457 676.782
1298.064 748.654
1297.676 652.150
1347.189 664.278
1275.694 723.026
1392.053 645.818
1347.370 814.799
1371.665 672.931
1361.387 733.945
1369.709 801.774
1224.411 681.543
1265.502 745.022
1232.435 751.159
1204.078 783.079
1330.136 740.082
1217.094 846.294
1239.362 715.970
1309.055 750.639
1353.560 790.253
1357.873 743.717
1372.237 839.946
1344.476 675.618
1337.662 711.118
1352.244 748.822
1329.699 760.442
1265.923 663.295
1218.561 848.422
1320.216 751.362
1412.771 828.444
1359.925 769.249
1294.988 760.645
1216.143 846.430
1207.013 642.919
1392.411 841.910
1306.766 864.244
1205.931 658.909
1312.010 808.473
1358.746 650.466
1261.916 818.213
1211.616 824.175
1261.390 756.412
1338.867 720.490
1279.964 800.991
1204.665 808.397
1283.098 802.706
1401.537 850.593
1316.153 852.227
1206.179 772.535
1209.846 724.916
1283.491 846.979
1240.776 736.125
1237.705 739.676
1246.648 849.259
1318.769 842.991
1352.580 707.573
1385.718 668.685
1384.689 835.625
1294.495 709.043
1398.011 641.175
1384.808 750.702
1357.033 677.649
1372.097 767.524
1426.059 865.326
1401.175 766.732
1411.362 719.638
1391.667 681.688
1296.621 857.611
1423.342 827.708
1428.604 784.345
1260.359 793.557
1390.656 791.015
1395.039 863.824
1315.743 781.368
1384.331 805.085
1340.023 700.495
1214.199 706.655
1302.854 659.986
1404.197 697.444
1382.358 686.199
1283.850 711.101
1222.385 749.487
1215.222 698.169
1256.939 779.967
1269.305 793.714
1242.435 718.745
1398.192 668.691
1357.636 831.996
1282.474 768.239
1426.964 779.367
1227.240 783.289
1252.498 827.526
1398.418 650.065
1425.155 794.193
1382.421 843.135
1281.477 851.977
1216.925 668.301
1394.164 678.830
1273.302 699.885
1318.766 774.588
1333.054 815.375
1312.469 690.662
1267.366 803.175
1252.255 651.305
1306.408 784.820
1340.565 782.610
1371.267 800.539
1378.357 851.111
1252.483 665.292
1230.253 677.889
1313.189 718.547
1384.944 673.992
1334.914 665.851
1349.277 748.328
1262.920 669.827
1322.147 762.867
1278.484 748.134
1216.381 747.059
1427.365 676.205
1261.200 838.008
1369.066 660.013
1294.564 818.204
1297.495 704.333
1277.050 791.224
1365.871 699.824
1297.308 697.999
1314.899 655.196
1234.149 642.787
1264.208 743.175
1320.439 644.018
1278.175 804.572
1287.800 686.223
1266.062 651.731
1351.181 670.220
1224.354 689.458
1322.733 712.834
1285.897 663.714
1207.354 782.569
1425.090 710.263
1307.746 759.160
1232.410 766.088
1240.484 801.571
1372.919 866.955
1238.900 737.518
1215.739 760.314
1247.594 739.806
1348.121 841.021
1400.313 708.587
1328.007 841.298
1245.426 738.424
1381.982 851.372
1340.061 750.600
1237.108 716.860
1289.778 743.117
1412.856 724.590
1423.943 793.447
1312.619 705.209
1406.221 653.736
1202.085 674.159
1389.714 656.336
1382.321 705.200
1305.329 752.112
1206.645 791.397
1409.764 730.632
1405.394 745.394
1278.671 714.059
1251.622 822.903
1379.900 659.168
1389.355 788.521
1393.005 754.949
1339.386 671.081
1329.616 796.021
1292.586 685.154
1206.899 812.072
1403.368 748.857
1344.181 831.378
1242.429 770.198
1353.846 648.178
1221.057 724.672
1241.298 795.032
1289.116 777.097
1393.455 797.049
1346.937 652.048
1206.906 733.024
1276.528 694.381
1259.795 720.022
1208.666 775.309
1212.669 690.794
1305.409 643.315
1397.048 826.536
1379.993 794.874
1243.436 733.965
1332.246 647.175
1317.907 683.040
1244.092 646.168
1244.088 654.597
1310.488 647.169
1323.282 715.521
1248.250 780.809
1355.458 739.922
1397.261 765.411
1227.557 770.833
1400.276 737.166
1277.600 697.046
1254.903 669.036
1325.482 846.153
1337.722 817.644
1233.326 825.818
1234.597 817.354
1308.926 770.665
1276.328 824.304
1328.478 708.347
1361.217 856.222
1238.792 665.493
1263.189 823.891
1391.706 725.217
1325.851 817.262
1222.301 672.669
1261.313 819.211
1387.906 775.473
1249.278 692.149
1309.055 682.629
1364.235 727.620
1227.472 817.779
1408.425 674.535
1220.368 652.008
1233.246 855.431
1207.799 687.361
1351.074 809.190
1378.847 653.083
1376.150 765.890
1371.179 823.600
1397.027 829.378
1351.887 798.808
1242.328 693.097
1206.146 752.995
1396.634 858.396
1283.993 822.501
1368.138 665.835
1212.910 694.520
1355.950 655.793
1247.102 817.428
1393.914 724.414
1397.191 730.827
1339.661 657.898
1403.129 789.184
1229.330 701.512
1422.459 791.342
1284.013 744.160
1350.590 748.216
1384.181 640.762
1310.706 790.427
1266.752 724.729
1278.672 762.035
1247.522 653.014
1251.454 664.359
1246.169 700.441
1403.553 822.828
1328.926 751.400
1392.932 765.924
1422.800 855.887
1345.664 703.451
1268.717 785.022
1395.670 834.676
1274.745 814.384
1307.144 823.246
1244.541 834.544
1336.235 668.376
1219.981 657.801
1331.639 662.135
1363.552 842.419
1321.058 677.756
1287.282 740.777
1271.607 837.508
1253.492 829.448
1290.688 803.832
1211.623 715.004
1280.292 696.399
1312.566 772.883
1412.905 652.536
1283.084 806.766
1408.575 809.622
1299.186 680.695
1424.397 717.462
1238.035 645.074
1270.290 683.307
1214.464 732.173
1350.130 665.016
1386.597 652.863
1273.955 653.268
1385.839 649.515
1246.709 784.899
1272.481 777.775
1399.512 862.223
1387.599 654.466
1359.353 789.445
1264.651 838.376
1391.140 822.962
1269.852 825.514
1264.084 839.239
1242.404 740.711
1269.757 684.062
1359.853 776.346
1336.405 856.683
1289.416 648.366
1322.379 827.524
1423.276 677.264
1246.956 790.776
1308.291 822.689
1424.813 778.500
1388.599 686.985
1240.387 695.121
1242.972 776.459
1336.098 668.584
1343.022 742.275
1368.534 825.108
1361.698 853.952
1334.813 716.000
1204.761 793.532
1238.854 761.707
1282.621 830.075
1402.619 682.728
1208.320 755.715
1233.377 675.072
1397.624 777.686
1352.646 854.779
1274.123 664.099
1398.368 737.848
1369.357 766.237
1253.944 817.415
1426.657 670.407
1206.728 779.229
1271.268 752.804
1346.105 725.195
1419.680 756.868
1250.416 867.746
1419.058 754.585
1385.886 813.727
1346.170 690.116
1277.117 758.418
1294.721 706.373
1317.374 814.880
1340.198 643.931
1386.120 717.321
1362.100 678.969
1230.485 739.048
1364.933 718.126
1264.846 697.303
1235.810 788.387
1376.365 675.717
1211.670 682.228
1219.461 862.458
1298.605 781.819
1386.653 824.012
1339.385 736.321
1220.187 830.154
1293.762 776.034
1245.142 807.785
1288.696 705.997
1414.055 680.615
1263.223 866.210
1250.527 769.844
1375.698 835.308
1229.568 723.116
1366.789 725.604
1371.445 776.858
1234.834 809.575
1321.430 814.357
1404.972 836.825
1364.113 707.180
1426.824 767.627
1338.421 716.298
1324.137 795.915
1298.787 667.149
1419.443 833.413
1398.701 679.768
1207.330 649.996
1291.677 701.526
1364.034 725.852
1207.666 808.685
1259.703 864.387
1362.351 791.931
1350.133 644.706
1399.616 692.444
1342.840 867.725
1286.044 766.567
1417.639 798.372
1325.885 721.519
1211.376 809.101
1392.640 688.734
1311.712 749.669
1295.464 725.378
1296.595 679.489
1330.220 802.709
1364.284 718.380
1395.226 764.683
1301.760 730.010
1275.875 800.821
1423.181 685.763
1212.182 662.240
1232.026 766.629
1372.889 796.903
1409.160 679.793
1325.696 684.665
1292.414 715.462
1320.045 775.476
1413.362 843.021
1317.694 689.847
1379.314 709.268
1234.227 796.419
1388.995 809.137
1399.051 787.496
1235.170 653.699
1344.518 646.995
1248.338 794.456
1403.296 699.226
1237.920 738.216
1279.642 711.152
1202.832 846.798
1205.604 756.665
1226.180 715.548
1394.773 790.240
1350.868 688.775
1319.912 777.176
1381.585 770.935
1309.253 733.574
1299.300 736.998
1404.115 766.968
1260.047 687.164
1352.255 647.625
1277.011 851.666
1219.035 818.836
1223.826 664.542
1322.632 797.408
1326.061 674.198
1279.237 767.698
1353.372 733.941
1401.198 781.707
1393.636 667.033
1231.100 796.556
1283.280 840.300
1241.331 715.888
1322.128 652.355
1269.399 673.689
1203.553 762.330
1294.865 783.869
1280.469 854.241
1308.468 763.489
1252.816 701.097
1260.154 856.260
1377.616 864.865
1321.151 690.160
1201.863 658.667
1205.427 803.329
1245.392 749.467
1272.112 684.755
1302.389 781.651
1353.184 652.649
1379.734 808.003
1387.283 814.408
1256.013 670.957
1218.139 648.204
1221.010 814.270
1402.936 791.813
1205.831 799.616
1393.687 669.397
1330.965 679.439
1311.477 822.218
1412.419 820.244
1341.174 670.215
1350.906 686.008
1243.105 687.463
1425.798 857.306
1279.939 814.803
1242.964 791.826
1235.869 699.404
1346.871 821.424
1315.523 734.268
1360.766 661.933
1405.951 823.819
1422.007 732.738
1305.436 691.505
1293.412 818.324
1425.661 666.688
1416.604 760.025
1348.746 693.648
1299.697 767.859
1208.689 714.270
1214.857 686.169
1320.446 723.465
1379.019 705.678
1403.058 844.092
1272.938 702.503
1318.884 695.748
1304.978 757.075
1300.244 863.514
1212.906 681.332
1411.924 708.724
1375.280 804.704
1256.686 714.036
1260.186 817.486
1385.043 791.768
1229.086 834.353
1300.493 724.409
1323.892 834.524
1358.061 786.534
1339.686 858.237
1298.137 834.153
1219.505 864.998
1417.718 681.401
1337.588 859.168
1201.849 825.892
1209.788 862.805
1322.861 701.923
1328.041 744.305
1240.975 811.556
1385.209 699.047
1265.983 839.755
1352.500 817.873
1340.395 860.435
1353.364 734.284
1369.140 811.685
1369.194 788.384
1359.055 678.551
1338.904 704.640
1412.878 663.356
1290.776 700.858
1219.798 788.630
1253.345 809.303
1352.663 658.783
1208.987 663.059
1415.203 774.336
1330.411 702.968
1267.402 700.116
1360.283 672.198
1413.902 718.628
1392.268 858.739
1274.040 642.850
1255.510 715.109
1300.333 860.566
1400.636 641.211
1380.784 652.352
1302.756 735.457
1316.050 743.859
1375.710 713.918
1230.427 681.921
1203.871 805.065
1373.201 697.065
1299.117 796.669
1323.345 752.870
1304.971 691.567
1262.366 761.496
1340.337 852.677
1214.627 826.329
1319.655 698.794
1308.258 727.183
1366.394 788.789
1334.130 764.749
1381.812 653.428
1377.409 835.360
1239.597 732.218
1335.080 855.406
1308.686 843.748
1233.670 772.641
1321.269 651.558
1271.912 740.363
1259.841 745.221
1369.636 716.861
1405.025 733.393
1413.146 729.385
1216.386 733.817
1231.485 651.349
1286.804 663.598
1375.596 721.198
1250.460 773.214
1391.130 787.590
1386.509 766.770
1203.490 699.439
1425.179 853.325
1364.635 826.456
1283.058 863.346
1334.469 792.206
1310.082 858.791
1325.082 725.873
1243.703 675.515
1211.944 865.322
1236.930 685.312
1222.746 649.826
1417.029 700.182
1417.397 831.129
1389.520 839.326
1327.625 646.292
1420.322 725.814
1269.943 775.862
1329.683 740.950
1385.679 673.316
1231.360 749.509
1304.991 861.689
1336.360 823.757
1342.749 718.072
1386.872 727.010
1405.785 857.122
1394.197 859.183
1322.102 718.920
1346.027 844.957
1261.290 690.081
1212.164 709.421
1295.348 776.899
1389.821 812.113
1334.691 656.425
1281.661 747.919
1396.992 828.701
1339.409 770.038
1211.533 777.887
1422.199 735.156
1353.042 784.038
1299.130 837.240
1372.914 805.470
1378.572 742.719
1285.236 676.784
1294.221 682.215
1221.411 773.040
1287.314 688.352
1206.520 834.554
1251.187 772.250
1351.653 713.301
1206.582 744.558
1292.758 865.196
1297.268 763.637
1323.539 718.523
1319.578 741.580
768.281 51.508
2450.012 789.616
2081.207 2273.685
2200.177 1173.585
249.842 1004.770
2079.757 848.925
537.760 1969.771
2452.328 1063.419
669.398 2435.239
196.022 1085.776
400.920 365.480
1672.585 2146.888
639.891 1908.980
2433.156 2331.312
521.992 554.310
2322.397 2401.542
570.277 2144.068
2469.110 924.056
34.513 2351.611
2158.492 1917.607
242.886 114.843
92.852 1923.413
279.302 1152.720
479.188 1660.115
992.158 283.335
490.559 302.336
693.136 397.224
568.321 1836.766
680.381 2279.085
2301.375 706.721
735.740 36.790
1804.721 176.665
2401.630 2179.486
2250.006 971.167
35.358 1169.144
1094.740 360.327
663.634 2351.749
1700.557 2133.962
226.827 352.799
350.132 763.176
701.338 15.682
218.681 1692.521
2482.041 1305.982
1247.233 284.967
1873.048 2361.026
1483.818 2389.872
1991.940 2194.549
2328.620 1050.807
1025.661 313.061
2384.224 298.581
1297.100 2390.449
153.945 1790.639
268.888 826.119
2144.778 68.927
1364.721 2491.132
1506.206 343.787
264.279 1670.452
215.202 1444.823
105.881 1448.565
1162.523 132.277
643.130 548.395
1621.814 385.649
1857.978 2278.427
1224.759 111.540
702.044 125.823
1677.586 2124.653
332.999 1320.792
1316.536 137.766
188.160 1226.622
80.740 876.447
98.672 2356.428
471.542 1554.158
169.924 45.090
1421.652 2468.594
2465.695 1528.507
2445.345 1059.601
2355.633 834.055
2363.714 352.743
1545.988 56.805
1134.763 303.153
439.614 584.680
156.863 1090.392
690.084 613.489
305.410 1995.004
2186.508 61.110
2067.530 26.962
384.666 1618.330
470.976 397.685
474.420 770.935
2199.253 2073.133
124.751 1540.677
430.687 701.891
390.357 2387.462
893.498 2391.931
1209.833 296.572
127.042 1826.435
1722.116 412.110
2406.700 1855.367
2175.899 2330.252
1518.841 2231.679
36.573 366.339
2228.276 963.512
1841.579 231.478
1486.777 61.233
922.277 2130.971
1860.066 2276.732
2479.705 963.218
446.364 522.757
713.599 2042.064
2125.414 1762.573
113.394 530.348
414.067 572.179
247.812 1533.429
289.556 600.812
1654.793 2264.172
975.212 336.121
1448.876 2233.196
2017.871 258.058
2425.597 1304.852
1589.043 328.131
1632.331 202.219
472.658 713.816
82.253 1766.981
946.173 2434.047
108.539 2051.691
1746.615 264.251
223.613 238.903
986.103 2143.063
1852.742 68.597
771.838 376.011
2232.930 211.473
2020.586 1638.921
186.053 1866.481
1922.814 2373.857
731.756 1996.159
2016.775 1711.247
2493.826 2248.293
2209.536 2168.499
342.281 352.263
261.718 323.736
1752.277 576.455
1409.596 18.921
40.662 993.589
2286.845 294.381
132.460 1383.814
44.702 2434.263
2363.957 1050.037
884.026 2379.098
1744.940 582.406
2191.082 1678.179
51.840 1341.138
931.696 350.727
2395.425 2015.064
207.385 1293.951
2330.276 560.651
2188.466 1446.198
2061.673 1995.709
998.178 2436.825
669.332 21.363
1810.274 489.369
174.997 1927.154
2183.236 1148.524
101.266 295.697
934.416 2470.292
2055.905 2232.470
616.249 331.435
507.017 75.904
1718.178 165.930
509.892 2072.453
343.311 151.478
224.184 337.976
2401.527 1459.895
1914.155 1784.345
547.218 341.314
1252.032 289.336
618.203 2247.009
1849.812 220.539
94.642 1290.370
742.252 2064.478
126.675 1754.585
1118.094 2200.151
226.302 1681.213
2138.455 3.621
1486.114 210.105
2202.123 294.575
217.062 446.289
606.414 1997.165
77.143 1465.472
2430.143 217.846
563.689 2103.449
731.481 376.274
743.976 1921.901
50.455 1830.754
2325.279 2050.222
570.692 2165.130
54.465 217.563
1689.309 2074.485
2071.351 318.626
1291.553 52.090
607.017 447.456
147.831 1796.459
1571.677 2270.750
468.375 2014.151
220.743 2190.659
604.675 1908.649
116.799 1722.289
2100.243 1714.122
215.441 2370.649
2260.063 1497.492
2138.114 1905.599
33.178 2251.887
562.649 2262.687
1388.887 2477.546
759.802 474.904
85.965 1705.728
109.507 336.193
1973.386 298.019
19.040 1092.649
198.869 404.753
390.011 519.327
964.861 444.657
1559.931 2399.985
748.790 357.697
189.064 1543.269
1872.438 154.299
132.095 304.960
1458.799 2314.427
1902.435 436.177
2086.853 1752.046
183.986 2455.451
1871.775 1935.904
122.831 1823.927
2270.186 2018.091
1396.951 293.096
521.372 1928.224
543.147 680.781
646.807 21.741
189.684 2183.553
763.780 543.343
111.468 1246.163
2407.430 295.897
361.318 2210.790
2341.924 1016.094
765.306 8.505
67.401 2387.524
447.158 154.150
252.042 2304.300
1595.491 101.730
896.299 466.539
369.172 1680.728
912.042 445.918
1717.553 2295.317
2426.283 1685.128
348.612 514.318
2277.599 1199.992
85.293 1651.090
1113.605 2446.483
1855.521 2211.930
2313.387 1891.120
729.485 1961.047
100.681 1308.983
2282.877 2363.067
2249.332 699.265
1816.964 546.323
1071.676 2112.864
2055.983 647.273
2441.827 160.105
424.454 2043.528
5.524 136.866
2179.758 1751.934
506.543 110.260
2443.500 550.993
2179.550 808.733
1328.140 2497.543
1500.598 2288.444
2342.090 2125.839
983.627 2343.247
986.048 2422.116
457.515 2391.135
2379.727 107.766
755.582 2222.552
61.207 904.110
1432.336 2274.289
430.703 112.475
57.603 672.389
2025.890 495.139
96.424 1266.263
178.536 743.055
1990.168 552.234
1062.957 2339.485
1099.898 2107.688
1710.413 373.935
489.569 2179.978
1247.361 2282.916
151.692 1449.451
100.626 1593.945
2497.015 2440.294
2133.444 2317.201
116.858 2455.176
2408.961 2311.968
2147.756 640.066
1307.531 95.233
1877.576 699.295
37.122 643.350
1037.054 2205.841
2246.061 1056.747
247.591 1450.030
2088.613 1658.349
2293.812 1136.695
1632.353 2471.518
2339.463 2134.323
320.259 1774.017
534.035 723.882
97.276 1629.392
208.411 1904.083
2179.686 553.235
114.301 1102.016
268.626 1133.671
401.410 1627.595
476.799 2001.638
1836.271 2195.051
535.266 2331.881
1954.641 1714.878
1888.436 1989.427
2012.624 560.452
2499.284 1701.526
239.795 2392.996
835.084 2222.651
208.196 1093.382
2499.136 1977.259
2026.610 256.925
422.133 109.218
847.916 76.114
1468.896 69.909
562.496 2107.552
234.814 2434.101
1106.131 189.814
500.181 318.080
1515.476 2491.558
2432.968 727.026
2144.286 2039.737
794.510 492.021
2164.436 525.598
2462.199 271.336
399.643 1809.738
2429.388 350.104
133.771 388.199
584.132 8.874
2041.036 1655.483
2295.404 2417.877
214.382 322.068
623.709 2202.489
416.394 1884.026
438.331 317.331
13.533 598.191
977.215 353.579
2161.849 1762.462
2254.472 884.251
651.674 563.182
2067.038 226.634
2027.992 156.100
2471.917 1993.932
1652.497 2110.701
364.429 351.926
1958.188 2200.509
634.843 2140.209
392.875 512.093
2340.871 1383.667
600.576 2224.042
1226.183 176.462
522.734 606.696
1934.484 273.622
2335.349 2263.473
1982.444 2202.549
2473.867 445.230
2430.093 2029.034
13.016 1680.126
181.252 349.284
640.838 1891.125
1605.955 2129.325
2088.155 1895.057
107.428 1886.438
630.408 28.705
238.536 1006.536
1095.007 206.541
206.420 1594.524
282.762 613.305
227.470 1983.056
952.964 2446.700
2216.237 2172.562
2458.354 991.347
1726.728 527.021
589.243 1793.168
942.042 242.787
213.655 1857.129
1827.434 2243.479
2275.307 808.450
2451.734 1850.867
321.984 1397.242
545.851 608.594
1875.505 1932.963
2399.536 1540.909
1616.270 24.576
553.025 349.134
2048.676 2166.233
2322.449 155.984
2455.632 1128.739
2288.791 783.907
1882.959 1853.567
71.199 1573.723
329.350 380.328
2186.999 166.689
7.956 2273.953
1672.332 2295.303
198.337 759.769
2498.399 241.384
2435.806 1516.546
2197.482 1438.825
191.667 1366.309
341.839 1813.672
1432.685 2267.908
110.813 1004.077
57.726 1693.622
213.027 924.241
1999.979 878.909
2228.614 344.888
1230.576 79.538
834.015 520.879
1166.792 38.760
2241.770 739.790
1088.994 9.168
227.697 1726.419
1390.236 2268.433
2138.623 711.865
2473.553 273.461
363.317 345.560
1075.210 2255.894
1499.346 2483.578
124.967 703.987
2115.290 1678.320
703.165 602.799
2410.909 1512.703
470.466 47.013
576.116 2160.713
1266.542 2418.998
389.734 497.632
1944.726 1761.525
1806.966 400.592
1107.482 2441.919
2485.427 569.806
2114.815 91.636
1321.740 2209.007
1304.705 2427.307
2362.296 1204.474
2331.474 1828.679
1439.145 2214.171
593.670 1845.238
1498.602 2467.784
2275.473 396.888
858.675 2444.677
2232.642 2307.291
488.784 259.662
188.273 2480.970
1282.220 2238.490
301.829 927.182
1976.251 1702.272
1958.800 1979.368
2304.557 1618.350
1383.657 112.592
406.227 312.818
1612.992 289.651
283.192 1575.500
299.491 544.273
1976.597 704.212
510.553 151.738
940.412 2246.148
176.844 601.880
773.216 350.083
158.657 1063.196
592.190 232.131
383.906 498.430
373.779 69.037
689.448 2216.675
2262.822 1214.597
968.110 2271.121
184.541 1556.343
348.315 2006.251
2051.017 2463.162
2486.199 236.064
183.288 15.723
207.228 1757.283
1233.606 79.484
302.543 97.732
559.871 2289.734
24.419 71.149
2468.321 48.872
943.725 2065.346
149.905 1469.497
1921.920 2022.096
681.159 152.488
1261.972 271.096
693.525 1870.178
522.932 2463.938
387.717 98.689
413.797 2469.833
1788.697 228.203
925.382 2255.273
2279.406 70.235
348.249 1299.473
1777.336 39.924
275.586 513.349
495.126 2234.201
146.450 1342.623
2368.367 1852.901
1086.253 318.979
2361.831 968.789
1601.349 2308.909
1482.074 184.323
82.706 2317.236
930.654 2030.150
157.289 1830.519
1958.946 1688.293
960.342 2123.221
1437.211 2320.329
2012.993 827.699
197.761 817.880
542.461 10.863
456.270 177.686
26.280 1764.155
81.795 1621.595
2168.044 2161.084
2286.748 878.248
197.745 703.607
1346.457 281.455
1288.642 2391.009
1186.631 224.003
193.973 760.982
2022.022 2480.500
481.790 2090.979
2281.845 1933.385
2092.442 471.080
355.931 448.615
784.145 2020.234
1949.320 658.890
2291.430 410.175
223.587 2032.291
297.551 1514.029
1096.557 26.655
2406.648 2399.080
739.965 395.300
2279.286 1446.758
2254.493 1081.760
1823.519 2068.046
2360.252 1584.338
2397.546 658.351
505.453 758.315
227.539 990.293
2212.153 693.364
1010.335 2473.855
2472.558 602.039
2323.529 213.087
1757.518 556.434
1271.361 2300.877
127.510 448.756
1934.302 22.010
647.100 649.224
2258.024 1651.280
2028.035 670.975
1920.877 2443.257
1109.746 2414.091
1687.007 2114.834
1146.439 2219.061
1501.868 2184.329
2333.198 1900.874
1838.497 381.416
2334.494 1487.314
567.725 1990.548
1903.363 99.292
303.997 1562.775
2463.248 122.309
2064.061 302.679
754.766 2121.103
1964.741 2139.448
2029.180 505.347
2167.641 1967.271
721.146 2150.826
37.839 1025.628
516.573 1705.836
998.835 429.882
680.741 2453.984
2484.747 2171.970
2444.875 1889.655
2492.630 1964.895
1768.680 32.184
1750.998 339.424
2118.061 1923.186
922.744 151.017
180.307 1628.162
2260.247 600.243
303.918 1039.627
2484.509 206.598
