100 2
25.000 25.000
40.794 15.770
47.367 19.572
45.479 16.522
44.454 15.572
44.407 17.298
41.644 16.498
40.715 22.948
45.684 18.813
42.017 21.618
47.773 15.809
44.493 17.569
48.790 22.453
42.122 20.465
42.140 20.964
41.595 21.708
48.915 23.995
44.692 17.188
49.351 17.302
39.905 17.652
48.003 23.604
47.735 17.511
47.655 18.839
40.745 18.136
47.419 19.746
43.980 24.988
41.367 19.348
48.915 22.155
46.867 25.036
10.086 43.466
17.778 38.513
16.193 38.701
17.325 37.266
12.221 45.698
9.712 38.860
10.648 44.246
16.545 39.785
16.689 42.444
15.709 38.572
15.658 40.884
17.932 38.352
14.135 41.265
13.852 40.955
17.218 38.719
10.878 42.613
10.249 41.087
14.878 44.790
14.959 45.008
18.065 39.774
13.757 38.767
14.907 41.801
15.912 44.458
16.029 38.215
16.817 37.341
18.253 38.653
15.765 45.812
13.771 45.179
9.227 41.634
15.078 43.914
15.185 9.026
16.916 2.143
14.771 8.022
13.287 9.313
14.892 8.816
18.447 1.826
22.116 7.694
20.364 2.545
20.518 7.677
18.232 10.538
20.168 3.924
16.561 3.916
19.877 4.321
16.232 7.106
15.459 9.511
19.339 8.989
20.156 10.622
18.679 11.144
16.453 4.051
15.586 5.715
12.866 2.350
39.643 40.555
4.300 38.111
3.902 29.653
46.360 10.121
47.449 45.328
3.629 28.777
1.074 13.859
38.771 13.132
3.767 4.629
32.411 2.820
3.416 31.004
19.659 49.558
27.015 41.879
35.377 8.665
31.152 44.582
24.495 43.985
1.629 23.136
28.758 44.283
36.905 2.421
4.280 34.187
