50 5
12.500 12.500
25.000 11.984
25.000 9.373
23.868 16.293
21.719 14.698
22.021 15.395
25.000 11.261
22.111 15.888
20.679 8.250
25.000 10.475
25.000 13.857
25.000 9.706
21.638 15.570
25.000 11.473
20.018 10.141
21.402 16.067
25.000 8.713
2.603 21.027
1.656 25.000
3.673 25.000
7.064 24.993
6.471 23.599
3.517 24.428
8.055 25.000
4.238 25.000
4.322 21.694
5.244 24.720
0.658 22.803
8.741 22.288
6.979 25.000
0.000 4.219
3.182 0.416
2.422 2.338
0.000 3.149
0.000 0.818
2.257 2.591
0.000 2.964
0.196 4.131
0.000 0.000
5.169 0.000
1.394 8.950
1.196 13.479
23.156 2.046
15.660 20.686
13.945 21.112
0.287 4.542
8.302 19.823
2.401 6.469
1.931 18.853
4.206 9.627
