100 3
25.000 25.000
49.094 21.449
42.025 21.599
48.725 20.199
45.221 20.500
47.518 17.130
42.656 21.567
43.428 24.240
46.054 25.341
49.301 20.143
49.575 23.077
40.398 23.927
45.885 18.748
48.442 20.383
46.965 17.829
42.162 24.848
42.771 18.682
40.098 25.181
43.436 25.946
44.129 22.563
39.806 21.088
43.347 20.928
40.467 20.888
39.923 20.330
40.887 25.171
45.995 24.526
21.101 40.677
27.752 40.384
23.594 49.310
20.438 40.470
27.715 49.636
25.052 49.790
26.842 40.775
20.385 45.178
23.328 43.957
23.011 46.723
22.906 44.093
24.504 40.518
24.701 40.825
27.283 42.897
21.885 42.603
27.666 48.329
22.312 45.265
19.229 46.416
26.170 41.671
28.680 40.646
23.105 41.355
20.057 42.407
24.662 46.581
21.000 40.144
7.195 27.028
2.835 28.258
9.556 27.020
5.411 23.921
2.256 24.272
8.267 25.459
6.384 24.709
4.084 26.384
1.428 28.054
5.498 21.133
3.824 26.695
9.479 26.738
5.792 23.526
2.535 22.764
1.069 22.650
4.375 22.191
4.360 21.021
2.404 19.297
0.675 26.081
3.734 26.623
8.091 24.538
5.838 21.400
2.521 27.686
25.113 0.359
25.612 0.361
24.184 3.931
23.898 9.799
26.740 6.911
26.443 2.649
32.067 6.384
24.673 9.766
24.260 10.169
31.574 8.111
30.961 8.668
26.542 4.284
30.406 6.122
32.401 0.702
30.697 3.863
29.236 9.072
24.090 8.545
31.997 40.227
45.107 41.952
36.652 49.698
9.857 0.578
8.959 48.223
12.226 37.098
43.412 40.384
9.818 49.431
11.231 46.149
13.540 6.855
