1000 7
250.000 250.000
365.769 274.571
333.626 276.146
336.584 270.190
370.017 259.787
354.056 273.809
327.777 273.168
358.013 288.688
351.019 247.447
340.815 256.162
370.871 248.699
340.923 287.745
360.380 260.038
359.525 289.352
334.123 281.263
355.137 276.692
364.743 284.795
349.860 285.640
346.009 275.809
347.582 249.720
352.779 279.878
341.589 244.705
348.199 245.167
366.319 271.277
350.971 274.154
350.346 246.391
326.013 269.460
333.607 246.004
339.986 274.394
357.440 273.585
327.897 282.272
360.284 245.314
345.494 260.110
337.218 281.774
364.472 276.872
347.740 287.233
333.357 260.827
339.228 287.733
354.578 262.420
329.508 266.379
342.767 263.689
355.112 247.802
339.684 279.843
359.855 277.143
338.762 259.011
334.392 262.074
360.869 258.446
326.246 251.247
364.809 275.658
349.627 280.921
359.889 275.274
361.413 276.799
365.136 257.682
328.276 279.848
337.093 265.500
340.846 283.323
332.523 259.796
329.856 258.046
343.610 281.584
347.035 261.186
346.145 279.523
352.138 275.881
342.636 288.843
356.513 261.855
357.506 274.545
341.660 289.536
350.824 247.183
359.532 279.352
325.936 271.895
338.933 268.544
363.164 272.709
339.953 289.717
340.685 270.150
332.756 244.518
355.508 280.103
347.034 245.318
342.664 281.418
331.233 269.204
340.854 283.662
360.311 246.400
352.370 271.558
349.340 250.088
329.990 272.963
340.381 257.014
337.055 282.226
333.282 284.973
354.388 284.041
349.079 255.888
326.972 256.893
356.888 277.412
330.844 250.606
343.731 264.289
354.725 270.466
364.406 270.475
356.621 251.011
347.766 247.805
352.570 278.292
326.845 247.218
351.135 255.808
345.762 249.771
326.674 265.652
357.514 274.228
368.725 245.322
361.367 288.222
343.143 278.690
344.560 274.563
355.123 265.399
332.154 256.365
362.006 283.135
335.434 257.253
364.727 262.418
370.489 246.478
340.464 260.703
333.397 280.970
334.614 286.652
342.008 258.136
355.156 276.617
352.960 279.191
330.944 268.607
347.776 283.441
367.417 249.313
346.489 251.803
361.168 273.983
370.242 254.499
333.768 262.752
363.919 254.844
358.768 263.863
364.842 251.759
358.773 256.932
344.753 271.289
356.191 258.755
328.009 254.805
336.350 258.281
367.631 276.789
339.598 247.784
354.609 274.764
334.657 262.677
356.436 279.169
368.493 244.887
367.732 251.750
349.524 250.409
345.018 258.541
329.493 250.478
338.731 274.233
347.927 260.259
339.324 288.184
342.420 272.894
337.460 255.444
352.116 264.635
345.182 275.167
357.448 283.267
349.129 286.555
360.435 282.786
358.288 280.155
345.897 279.885
369.015 285.556
362.572 286.424
334.174 280.086
326.774 278.465
335.591 280.018
338.590 270.983
327.220 281.541
368.613 268.828
340.082 246.778
334.961 259.319
348.849 260.375
370.151 266.503
367.887 273.877
347.222 277.711
369.355 281.884
368.203 284.762
366.661 274.647
348.499 283.782
337.253 252.278
350.187 250.106
335.752 248.061
367.297 245.897
366.707 265.706
353.060 276.942
342.768 250.563
344.690 274.112
329.870 247.397
353.696 256.970
363.598 286.753
359.704 273.313
350.875 256.896
359.456 281.347
357.366 277.223
346.100 268.308
367.791 246.603
368.087 258.103
347.120 260.219
358.156 286.299
256.191 347.643
274.756 370.423
278.903 336.670
291.150 350.698
248.986 350.637
267.481 343.827
259.984 355.889
274.451 328.137
251.148 358.265
248.555 332.169
274.276 364.963
258.176 341.859
282.983 351.870
287.087 364.952
258.749 359.469
262.179 355.444
287.590 365.312
285.177 354.381
247.419 354.002
273.741 339.514
275.180 335.635
276.401 346.059
249.773 335.600
266.457 341.249
246.137 349.645
257.981 325.950
290.710 343.534
247.151 351.143
278.800 343.833
258.068 331.859
261.529 332.292
288.676 331.630
260.579 343.107
248.340 329.248
272.681 347.448
280.175 349.494
249.644 365.554
262.030 344.215
274.738 355.439
266.094 340.139
280.809 332.020
264.538 341.317
282.483 348.235
269.561 353.468
255.569 359.142
286.408 328.273
275.156 353.849
268.115 365.127
262.139 359.627
285.244 344.378
268.645 369.629
261.789 329.299
278.032 369.487
251.820 325.633
250.282 366.135
254.889 331.533
252.584 370.163
248.785 360.179
269.518 345.130
271.677 347.937
271.044 344.689
247.322 363.686
285.020 333.457
285.137 364.163
254.658 363.787
285.434 368.890
249.860 346.984
272.234 327.123
266.082 336.029
267.035 369.330
265.354 327.932
254.819 352.163
289.824 330.386
280.474 362.985
268.842 331.269
264.013 353.520
280.193 358.039
266.534 354.551
290.417 352.323
288.370 345.514
246.004 351.939
275.008 369.172
249.246 368.849
278.957 364.708
266.237 326.289
249.397 368.937
257.042 352.202
285.489 354.444
268.535 339.956
254.380 368.073
275.498 367.061
260.320 327.906
288.173 330.205
250.678 361.567
265.030 353.319
260.083 347.714
249.137 330.964
256.104 343.630
264.932 346.548
285.676 343.023
263.130 326.884
276.090 370.652
251.112 344.429
270.048 353.643
289.164 355.046
276.429 343.730
276.563 355.247
269.649 359.024
252.907 343.217
247.964 334.020
262.908 358.231
259.145 367.977
286.530 341.713
280.600 359.180
281.434 358.351
247.339 364.067
259.906 345.774
267.112 346.767
268.230 340.049
275.840 349.136
275.002 362.451
272.836 338.830
251.532 345.439
290.810 346.217
284.439 367.888
252.554 336.719
258.552 359.690
265.476 361.002
253.826 361.294
284.949 359.996
248.140 347.510
285.762 329.692
276.859 344.942
250.196 357.138
265.015 369.094
272.480 326.295
254.226 358.500
250.560 335.774
263.457 337.544
262.881 330.803
253.408 368.595
251.544 331.551
283.923 340.680
264.065 363.866
271.716 355.913
258.508 327.272
248.506 326.060
246.696 368.501
280.984 354.919
284.663 337.379
248.042 360.587
277.857 358.074
283.381 331.540
248.050 362.450
255.027 335.085
264.129 349.618
265.100 352.148
251.611 357.285
281.575 353.530
252.535 350.028
255.984 344.619
258.464 335.548
251.906 341.234
252.780 336.111
247.883 327.424
254.727 361.155
267.144 369.496
263.823 355.294
275.730 349.167
261.804 349.948
279.914 330.756
256.018 350.104
257.054 363.592
246.042 328.272
271.881 366.770
279.957 365.815
282.289 362.127
258.535 361.277
274.653 365.224
252.778 339.506
279.403 347.394
288.385 348.378
270.991 349.662
264.882 347.337
289.962 355.162
248.129 357.167
268.215 349.420
273.104 342.274
263.740 325.630
258.234 329.611
280.051 368.640
265.529 350.932
155.398 233.274
135.438 239.538
168.995 213.324
145.298 240.345
137.933 206.872
162.958 230.245
151.822 230.348
157.958 224.687
154.182 207.100
151.854 244.107
146.756 235.856
139.244 213.170
138.027 212.558
152.188 215.459
167.859 232.152
173.022 207.892
138.463 233.398
167.867 239.802
155.995 248.525
172.466 206.309
173.105 238.722
131.669 204.533
154.247 242.507
143.555 207.780
174.451 230.818
159.448 242.532
165.498 235.600
144.205 203.981
143.197 232.588
132.776 209.159
137.476 221.874
133.688 247.764
141.715 237.484
166.991 214.986
147.043 241.695
174.530 245.802
145.419 212.632
150.523 220.541
141.241 243.718
132.378 232.704
155.983 217.881
167.886 240.331
165.023 207.881
149.515 203.810
164.298 209.108
156.327 235.171
155.301 226.968
162.116 233.736
131.013 210.202
146.327 239.165
133.655 244.699
163.447 218.629
140.118 220.511
133.762 227.158
168.383 245.637
158.387 240.083
164.941 237.704
132.290 234.898
159.434 210.182
139.592 235.748
164.540 234.414
158.954 248.635
133.163 242.616
172.566 229.509
160.270 214.246
133.654 241.600
153.843 245.757
157.312 242.249
151.584 212.709
135.895 240.191
152.708 211.974
143.949 219.198
152.260 204.210
165.654 219.401
163.083 211.253
167.726 227.281
169.806 225.060
147.123 203.278
150.560 244.578
171.407 224.525
151.630 225.670
145.359 247.270
155.756 230.900
160.943 235.877
131.514 216.271
156.536 204.904
136.454 234.923
157.864 227.139
134.847 226.727
130.668 219.642
138.436 206.139
173.594 225.432
154.599 231.585
141.043 215.588
149.813 226.485
160.885 226.931
152.209 228.262
138.975 237.851
141.682 216.043
130.732 215.954
145.436 222.289
144.861 234.395
158.767 231.477
131.034 224.281
168.308 228.656
143.436 208.121
137.166 215.405
145.282 206.042
149.845 231.701
164.834 213.229
154.769 215.521
136.297 217.209
146.390 245.065
151.217 214.684
155.576 243.215
161.875 209.094
141.607 220.481
172.550 234.709
157.492 231.101
167.183 238.467
173.841 221.034
158.911 230.319
135.056 242.002
137.694 231.534
141.860 233.747
156.847 223.676
157.143 237.994
170.555 239.473
164.285 224.903
144.375 238.253
147.052 233.187
165.302 209.532
157.772 228.042
145.542 232.168
154.976 217.518
144.373 205.501
160.255 228.183
141.434 242.581
136.457 223.304
135.027 243.995
133.902 244.223
138.546 221.016
144.643 244.275
153.491 218.980
164.368 239.801
163.454 203.457
152.314 219.937
143.780 204.204
144.189 216.935
144.778 221.821
164.902 205.501
134.461 205.647
172.990 207.161
143.124 226.628
150.280 213.970
136.026 239.593
169.174 208.805
145.738 228.163
163.004 227.243
151.017 245.670
163.124 209.397
145.892 223.839
156.272 214.403
146.910 207.010
136.645 211.562
133.640 206.334
171.449 241.470
136.489 217.355
146.159 224.208
146.377 205.193
164.948 247.147
175.246 240.396
155.365 234.871
142.975 235.731
144.394 240.428
159.197 230.278
157.364 238.663
148.006 211.091
142.890 203.659
153.799 207.834
158.046 241.078
172.035 232.364
170.971 222.938
170.996 211.412
170.375 232.869
142.592 221.183
170.822 216.829
163.450 237.037
146.434 203.608
144.965 246.468
150.077 209.595
149.283 240.700
148.108 206.562
168.760 245.202
141.372 219.626
150.315 216.964
145.008 243.041
130.962 244.734
146.094 207.716
162.630 217.241
164.237 222.412
162.188 213.658
141.684 209.492
137.526 208.808
160.836 236.486
161.894 229.542
175.332 233.406
135.378 247.368
167.791 210.886
165.882 235.124
168.069 227.826
155.966 238.554
140.805 210.867
166.809 205.086
161.265 230.010
135.653 228.808
152.055 214.225
142.980 229.726
160.147 235.421
167.732 209.250
141.527 211.414
228.102 135.602
237.519 162.792
250.084 161.670
252.333 135.392
238.976 156.340
245.964 145.333
226.338 155.609
241.703 144.348
212.754 150.451
235.753 153.468
227.256 155.234
210.599 160.888
224.566 147.626
217.952 171.478
219.675 130.265
253.875 146.770
235.488 133.727
250.863 165.862
227.702 163.066
225.551 157.141
249.453 156.023
242.977 141.550
214.485 147.087
231.229 163.498
241.126 147.939
230.229 149.789
248.319 157.625
233.536 153.093
211.742 169.696
237.276 163.974
210.524 142.226
235.467 132.541
232.797 135.340
212.281 167.985
229.752 136.595
231.287 150.517
210.633 155.381
233.153 129.288
211.182 147.503
243.394 168.004
215.764 161.148
213.708 158.172
253.955 171.974
252.257 141.796
217.270 150.376
250.593 141.976
219.598 147.235
211.130 156.384
247.939 145.840
247.812 168.951
246.404 173.798
230.823 173.869
248.014 139.037
223.696 166.895
254.712 144.504
217.993 143.574
211.455 162.233
222.639 161.250
228.034 170.858
233.870 146.422
239.714 131.065
218.523 147.219
250.228 172.962
226.446 170.128
217.686 142.020
224.434 171.006
239.836 169.973
245.896 164.047
247.022 148.030
229.232 166.007
219.733 134.238
229.087 138.412
217.405 161.307
254.922 167.275
252.703 156.629
234.426 136.584
242.960 134.268
241.514 148.455
249.095 150.005
244.213 132.270
212.949 159.349
221.043 168.443
235.459 168.200
248.960 144.215
219.819 160.449
246.206 161.221
211.569 170.967
247.348 148.365
242.777 141.138
236.517 152.167
224.412 136.836
251.615 155.289
213.039 157.955
251.603 172.896
254.795 143.835
221.717 164.554
211.255 164.332
243.122 132.150
236.848 129.095
219.570 172.714
245.837 149.637
227.514 167.045
214.457 133.160
254.422 161.931
253.939 139.820
221.869 148.510
242.519 172.613
214.002 166.481
213.454 159.309
228.005 128.952
234.983 153.636
243.884 145.487
251.921 158.431
247.134 137.709
250.952 148.224
220.594 162.362
223.507 159.088
220.671 146.017
213.636 136.602
255.295 159.955
221.614 146.523
217.412 151.238
234.741 136.381
249.700 163.096
218.728 129.865
224.124 146.918
217.824 173.238
219.069 139.035
244.002 170.825
226.327 134.782
244.081 167.951
222.429 150.431
222.529 144.911
220.762 162.605
247.891 165.181
238.886 136.367
229.017 150.661
254.833 163.945
223.857 173.074
245.226 145.735
217.773 141.072
225.529 150.105
252.632 163.300
248.739 139.067
250.074 162.007
218.556 158.123
239.904 164.637
242.885 157.326
233.750 132.955
216.324 166.676
217.984 141.625
234.783 149.127
214.199 137.323
226.269 161.462
234.852 143.239
216.896 167.979
214.984 150.690
242.039 160.440
238.419 163.236
218.108 151.616
251.922 130.260
249.430 137.792
245.542 139.347
245.408 151.246
213.225 141.501
251.830 151.966
254.409 152.296
247.762 158.662
226.996 143.280
247.909 161.289
225.546 146.140
223.909 148.188
231.321 158.173
243.718 155.977
230.467 139.263
229.173 131.945
239.380 172.007
219.199 139.310
250.226 166.900
216.431 146.549
251.434 173.457
214.924 171.423
244.222 156.398
246.272 151.889
243.792 164.610
210.563 131.893
211.651 130.333
243.529 157.415
233.627 133.471
253.426 153.182
216.212 168.888
248.659 164.016
212.840 148.338
228.353 151.210
223.996 149.394
229.549 170.491
215.610 148.487
239.625 161.348
252.648 131.514
252.202 144.476
212.643 151.746
216.428 142.325
239.899 160.134
212.807 146.392
250.565 155.127
244.523 163.035
227.026 154.911
211.346 168.518
228.815 152.802
233.750 151.405
215.237 165.974
216.678 141.646
220.867 170.824
242.575 173.364
216.206 170.615
220.046 165.227
236.562 158.989
248.691 162.348
213.403 171.601
221.236 160.070
214.429 168.969
252.901 171.125
242.463 135.947
212.963 173.763
235.543 137.981
211.459 168.453
229.782 147.198
214.267 142.245
247.966 149.052
254.546 134.804
216.746 151.401
212.727 140.524
212.405 150.745
210.636 148.294
240.897 138.390
222.979 160.988
218.414 149.958
211.451 143.118
217.852 144.359
245.503 156.526
218.584 140.388
240.443 129.574
218.631 165.500
216.026 172.284
232.050 140.998
220.162 158.195
242.113 128.993
222.642 143.591
229.871 162.111
252.536 155.015
253.085 130.454
217.399 145.628
218.442 170.122
221.119 153.321
248.127 157.758
228.663 132.217
178.694 34.065
493.449 386.723
23.193 36.263
426.363 121.754
448.433 78.602
303.499 37.146
12.952 458.112
296.380 83.927
372.053 138.716
298.653 86.377
335.803 100.680
495.542 233.159
147.998 62.249
489.709 362.229
100.286 322.662
469.317 243.105
328.000 93.722
116.115 369.786
25.852 132.952
27.593 254.608
58.738 408.583
373.747 405.719
451.987 381.570
329.050 54.817
80.995 301.602
63.469 478.495
183.870 59.567
365.434 496.553
317.210 5.098
69.818 85.841
475.093 142.358
267.091 476.421
65.419 291.027
467.929 65.584
46.175 117.850
34.237 312.412
396.383 111.295
216.576 448.750
447.613 276.781
300.425 68.700
131.970 472.329
11.447 94.738
204.174 456.730
239.164 491.777
38.120 430.072
40.642 314.790
474.921 70.899
457.704 110.581
89.081 424.754
125.566 135.618
94.102 389.636
457.414 109.011
72.675 91.146
436.870 33.690
80.553 393.671
39.278 190.749
206.230 39.510
459.068 365.880
2.143 436.119
53.060 134.780
473.356 407.375
103.891 4.288
100.165 458.879
34.817 485.000
141.134 460.723
298.728 4.257
259.201 468.802
180.943 485.200
165.980 393.937
41.151 124.269
217.210 26.486
9.902 30.532
426.246 328.976
467.810 134.439
137.882 486.649
39.420 195.455
252.219 495.741
394.418 436.330
75.774 497.548
56.320 472.809
242.722 5.012
145.488 410.364
192.910 42.786
162.062 65.175
2.808 21.026
454.173 44.065
210.761 487.354
117.760 34.733
95.983 351.815
457.303 426.123
293.622 445.719
450.353 246.066
9.967 71.542
269.768 484.554
423.773 39.508
211.476 26.593
146.746 84.298
475.953 282.285
56.111 332.298
71.257 132.616
493.786 460.239
458.433 65.302
29.448 30.591
311.286 48.664
41.685 133.348
22.850 398.540
438.682 288.417
38.090 146.877
440.678 258.744
431.139 396.912
36.079 360.169
498.210 140.857
492.509 290.688
51.013 214.623
451.124 124.641
375.496 18.020
43.990 104.515
36.257 24.173
225.958 453.168
106.049 94.619
451.618 116.676
55.712 397.009
188.629 472.461
272.178 27.646
200.723 491.804
303.540 63.845
421.566 146.978
15.784 425.638
53.116 94.383
373.389 468.400
81.881 487.402
10.575 363.820
378.916 410.240
65.882 92.965
301.954 444.970
459.568 219.533
493.136 121.736
38.276 113.283
