100 5
25.000 25.000
42.134 19.961
47.867 27.275
45.765 26.346
41.034 23.558
46.705 27.265
43.279 22.143
39.959 20.627
49.479 21.382
47.652 22.735
40.488 25.472
46.547 22.151
41.571 19.908
43.784 23.823
43.746 25.445
49.054 25.777
42.092 22.487
43.986 22.499
48.529 27.389
42.600 21.955
49.336 26.243
40.302 23.231
42.736 26.154
42.815 25.434
48.058 26.878
18.215 46.208
15.491 42.002
19.989 40.678
13.805 39.486
21.239 48.437
14.803 38.947
15.734 43.921
14.255 44.201
19.672 39.545
15.499 46.574
16.532 44.999
21.844 45.559
18.223 40.986
15.393 40.534
16.862 41.234
18.830 41.095
19.808 39.271
20.216 40.441
16.553 38.747
21.643 43.323
12.933 42.675
21.202 45.789
21.116 6.752
21.230 3.494
17.446 9.334
20.598 2.633
19.049 6.400
12.844 11.689
17.976 5.907
17.164 4.098
15.252 7.970
20.675 8.673
11.896 3.417
11.822 9.392
13.798 4.816
14.899 8.738
16.882 9.975
12.907 5.413
15.644 9.373
15.712 10.470
19.620 11.186
18.346 2.427
15.479 3.047
16.394 3.437
18.503 8.500
20.613 11.097
18.132 2.392
18.910 9.883
20.536 10.106
19.723 10.390
14.150 2.610
16.656 7.343
11.719 9.321
12.168 7.913
15.605 3.415
17.640 8.065
16.402 7.719
19.726 6.502
13.987 2.849
41.301 10.661
31.375 5.378
5.662 37.405
26.801 6.580
43.086 4.604
5.395 24.856
6.592 11.750
43.737 12.411
8.048 19.402
42.745 49.555
1.200 27.306
29.277 8.525
8.258 49.975
9.261 37.761
38.391 44.631
30.072 45.475
