5000 3
1250.000 1250.000
1706.317 1341.249
1857.509 1231.393
1794.510 1278.081
1727.546 1139.370
1653.641 1140.669
1733.000 1134.468
1765.988 1164.527
1716.282 1247.957
1638.158 1190.861
1694.678 1164.840
1858.866 1242.583
1690.321 1143.463
1745.572 1317.120
1848.312 1306.260
1677.810 1183.115
1718.370 1128.309
1693.238 1130.031
1646.807 1318.289
1836.727 1174.619
1725.773 1140.135
1850.891 1297.252
1802.324 1210.462
1726.852 1222.513
1827.175 1181.677
1747.225 1277.189
1722.566 1239.549
1754.687 1329.449
1761.291 1164.073
1705.895 1327.523
1651.813 1242.970
1746.430 1177.708
1666.004 1255.764
1640.977 1304.201
1700.347 1326.829
1680.616 1234.908
1779.257 1270.027
1795.394 1260.522
1815.084 1247.301
1817.396 1254.524
1837.233 1263.626
1734.546 1243.865
1734.603 1305.815
1793.749 1257.002
1791.737 1136.001
1694.683 1301.657
1796.929 1334.227
1748.472 1270.477
1669.958 1144.354
1690.343 1269.347
1842.828 1262.132
1688.554 1191.172
1702.653 1219.457
1741.284 1239.421
1713.709 1238.473
1719.391 1250.222
1831.278 1267.494
1708.578 1303.938
1705.300 1212.635
1692.242 1185.868
1656.137 1199.037
1715.889 1202.681
1800.992 1268.966
1682.740 1317.507
1653.040 1263.305
1832.564 1219.227
1697.785 1225.265
1782.626 1220.871
1746.205 1245.322
1786.047 1299.101
1765.113 1277.893
1725.722 1265.732
1846.989 1236.644
1680.781 1248.050
1653.575 1160.321
1808.968 1124.354
1714.447 1203.040
1811.952 1188.104
1687.991 1308.058
1705.123 1166.011
1753.723 1128.782
1791.346 1318.964
1806.290 1193.943
1853.641 1288.029
1844.595 1275.583
1649.603 1142.655
1855.949 1328.455
1809.027 1284.268
1677.237 1316.494
1762.945 1276.653
1786.554 1274.278
1857.219 1191.101
1771.865 1136.997
1838.737 1319.299
1663.667 1139.384
1709.650 1174.200
1726.867 1326.848
1671.109 1273.424
1729.549 1316.915
1667.232 1198.753
1815.993 1223.818
1681.093 1144.460
1707.449 1127.704
1862.512 1174.738
1682.576 1267.678
1656.139 1130.775
1856.464 1229.759
1726.356 1127.093
1764.652 1233.692
1648.017 1294.168
1842.204 1210.844
1643.785 1158.637
1819.776 1206.348
1704.110 1199.144
1687.358 1293.131
1737.083 1235.493
1729.301 1134.613
1853.702 1299.107
1798.443 1328.522
1638.187 1213.110
1732.262 1314.440
1652.944 1313.592
1666.865 1281.962
1842.559 1295.776
1705.179 1337.984
1662.691 1337.696
1636.673 1239.177
1846.450 1145.793
1683.665 1285.696
1717.122 1338.590
1654.567 1147.824
1789.712 1140.698
1851.761 1263.682
1696.231 1125.254
1786.614 1298.011
1725.898 1226.766
1654.859 1188.102
1815.153 1135.542
1773.276 1232.614
1699.741 1202.727
1815.988 1339.095
1659.104 1170.305
1703.216 1163.693
1855.335 1123.083
1720.365 1273.813
1753.423 1277.358
1701.709 1129.546
1758.647 1210.685
1691.634 1292.435
1760.146 1235.681
1699.570 1170.397
1743.099 1252.251
1839.654 1208.470
1693.718 1279.982
1775.225 1180.927
1759.613 1273.176
1654.248 1183.706
1811.522 1186.451
1692.288 1258.222
1694.468 1139.366
1838.990 1255.067
1758.668 1228.425
1674.436 1180.410
1771.630 1184.434
1821.374 1289.625
1795.652 1257.620
1655.045 1210.107
1792.141 1341.705
1637.067 1213.154
1827.813 1237.291
1806.996 1156.054
1766.451 1150.906
1696.088 1275.611
1729.232 1160.470
1742.801 1136.966
1817.212 1270.392
1752.163 1186.177
1674.656 1137.612
1716.772 1316.454
1801.830 1183.918
1787.694 1268.276
1762.446 1131.034
1710.467 1303.912
1824.703 1300.313
1643.820 1263.469
1788.052 1230.469
1827.338 1122.592
1854.367 1287.962
1731.894 1138.439
1665.917 1193.187
1729.103 1303.329
1859.597 1160.596
1674.757 1126.510
1762.568 1196.838
1820.786 1135.397
1827.470 1330.014
1800.095 1133.624
1718.314 1313.729
1693.522 1330.011
1852.400 1286.023
1731.770 1277.103
1785.778 1225.835
1789.130 1281.885
1738.050 1343.164
1845.627 1206.026
1820.192 1325.160
1776.285 1241.583
1697.923 1238.171
1791.848 1162.032
1724.780 1145.209
1847.844 1125.462
1713.722 1136.395
1718.827 1194.014
1717.495 1344.122
1777.406 1202.417
1788.230 1197.636
1675.433 1140.892
1661.629 1342.126
1777.053 1119.661
1739.179 1247.013
1716.753 1303.950
1726.334 1278.406
1761.755 1159.307
1736.876 1335.483
1690.304 1233.751
1795.854 1333.824
1760.317 1188.510
1642.459 1131.097
1845.789 1210.659
1663.748 1249.247
1734.832 1215.671
1772.016 1142.726
1770.369 1139.948
1751.529 1344.887
1724.274 1159.331
1642.329 1163.273
1816.661 1178.770
1777.758 1184.021
1798.989 1315.222
1665.158 1337.391
1708.595 1322.916
1655.141 1262.088
1861.943 1342.965
1794.619 1206.557
1663.414 1183.740
1737.375 1149.682
1801.506 1164.161
1757.489 1192.357
1684.311 1341.267
1692.809 1233.616
1836.596 1133.878
1831.330 1152.415
1677.029 1140.129
1705.430 1206.063
1700.329 1179.008
1734.111 1160.320
1798.326 1177.487
1712.601 1228.474
1770.642 1340.850
1733.875 1261.612
1788.272 1308.628
1842.053 1173.502
1784.251 1211.606
1759.952 1318.919
1811.928 1126.848
1683.981 1290.984
1824.202 1178.301
1739.742 1127.923
1750.656 1201.981
1848.975 1224.511
1687.281 1274.602
1689.471 1333.586
1741.812 1203.618
1746.858 1209.971
1716.009 1140.591
1769.797 1249.013
1825.100 1151.498
1746.711 1296.686
1693.580 1171.777
1768.263 1308.428
1801.355 1135.234
1825.531 1173.820
1754.128 1252.464
1644.902 1161.491
1769.862 1163.233
1664.591 1318.524
1838.483 1258.014
1853.429 1142.217
1800.734 1308.794
1723.645 1169.265
1637.544 1250.170
1750.305 1192.406
1636.450 1311.857
1804.061 1120.238
1760.449 1154.174
1677.398 1314.830
1739.354 1230.028
1806.449 1205.900
1638.003 1127.630
1744.800 1145.341
1653.222 1135.103
1655.869 1315.800
1810.104 1146.135
1750.339 1183.619
1782.032 1298.848
1738.865 1238.509
1721.164 1197.685
1852.535 1192.783
1654.393 1155.797
1856.455 1255.008
1794.530 1337.812
1636.264 1254.763
1780.818 1295.897
1659.005 1218.652
1838.847 1140.851
1827.873 1190.888
1851.608 1178.401
1822.364 1122.020
1853.606 1336.195
1680.662 1205.172
1815.819 1199.789
1777.226 1138.880
1711.316 1221.237
1781.227 1268.692
1808.791 1226.773
1831.751 1268.740
1731.584 1241.134
1843.527 1342.801
1740.485 1122.205
1755.598 1126.797
1860.512 1299.535
1851.278 1121.118
1819.011 1221.232
1801.386 1132.186
1663.678 1207.899
1793.189 1236.668
1687.911 1258.911
1663.988 1296.874
1741.003 1179.165
1858.380 1156.588
1829.274 1319.229
1699.604 1229.124
1745.483 1238.543
1859.864 1267.932
1668.902 1127.439
1706.373 1302.045
1673.868 1168.752
1792.192 1337.021
1807.171 1169.178
1831.649 1266.383
1805.742 1153.643
1712.280 1226.083
1821.012 1305.884
1665.132 1279.845
1830.738 1333.566
1682.052 1242.101
1745.980 1268.857
1679.986 1223.848
1778.275 1290.597
1678.270 1155.957
1674.677 1191.149
1744.662 1249.552
1682.311 1268.082
1807.891 1176.492
1675.605 1290.760
1749.141 1225.507
1798.777 1237.646
1756.207 1313.260
1788.435 1236.007
1732.794 1209.461
1747.061 1139.593
1856.503 1157.106
1850.807 1343.181
1749.506 1294.918
1637.339 1237.999
1852.447 1175.041
1706.442 1287.854
1766.276 1185.493
1826.489 1246.561
1853.233 1250.170
1642.547 1238.770
1814.359 1158.017
1770.139 1259.284
1664.229 1133.900
1676.205 1139.012
1683.271 1254.011
1717.777 1128.353
1776.608 1224.155
1713.442 1190.541
1762.587 1198.467
1777.863 1148.825
1639.758 1285.097
1636.700 1160.921
1833.173 1309.072
1671.037 1238.365
1648.477 1127.334
1815.531 1149.525
1821.085 1299.933
1641.581 1300.614
1648.761 1234.311
1862.516 1308.857
1770.851 1126.643
1658.746 1227.874
1760.769 1340.630
1684.085 1126.016
1833.228 1288.809
1744.217 1304.477
1777.891 1120.282
1829.847 1248.845
1811.142 1175.502
1802.625 1344.227
1732.767 1145.707
1827.010 1183.485
1716.715 1213.513
1804.611 1207.832
1797.173 1335.622
1771.711 1251.156
1727.584 1151.982
1711.546 1253.903
1639.872 1340.020
1796.463 1320.946
1740.530 1261.699
1794.083 1130.419
1679.947 1165.136
1849.893 1265.378
1740.438 1167.358
1861.101 1262.979
1851.092 1176.042
1734.318 1170.371
1645.482 1164.680
1751.608 1278.125
1813.585 1320.079
1811.688 1265.286
1644.957 1133.568
1809.014 1257.660
1757.330 1279.639
1800.964 1146.813
1850.361 1148.572
1692.517 1303.563
1683.959 1172.404
1766.145 1122.313
1780.795 1262.627
1811.620 1188.361
1672.867 1175.855
1715.252 1299.110
1641.666 1157.966
1775.145 1221.258
1685.193 1303.461
1639.859 1198.996
1671.766 1225.018
1706.851 1272.359
1786.005 1170.644
1668.071 1203.985
1829.420 1185.665
1847.276 1322.005
1833.481 1341.126
1642.183 1206.850
1741.614 1287.584
1787.410 1159.011
1678.786 1255.935
1778.460 1235.709
1860.011 1332.948
1644.122 1326.674
1666.333 1275.462
1712.226 1297.227
1717.082 1247.235
1780.611 1302.729
1819.050 1286.763
1752.199 1155.582
1684.282 1258.178
1779.669 1163.245
1707.425 1289.222
1651.277 1220.266
1745.926 1333.054
1666.922 1204.061
1853.918 1263.929
1860.253 1173.205
1802.815 1256.206
1820.527 1143.191
1788.820 1140.503
1784.703 1203.206
1712.227 1139.677
1748.245 1236.416
1805.180 1168.091
1760.054 1301.553
1860.808 1250.010
1669.952 1265.733
1839.250 1294.124
1701.677 1174.994
1771.144 1282.767
1756.853 1200.368
1859.364 1161.177
1675.012 1329.160
1707.793 1317.016
1746.942 1182.091
1844.217 1275.954
1686.860 1311.546
1736.204 1233.430
1643.652 1219.414
1750.138 1142.954
1690.234 1180.555
1642.368 1273.996
1755.755 1119.384
1751.080 1209.692
1752.903 1129.844
1651.839 1131.103
1797.041 1164.821
1811.632 1244.111
1859.475 1338.572
1681.967 1234.151
1724.050 1222.686
1809.887 1247.464
1679.386 1138.670
1642.224 1239.510
1720.779 1124.317
1776.425 1170.216
1818.863 1139.661
1839.414 1229.904
1752.225 1278.271
1821.952 1247.466
1806.528 1293.966
1751.845 1233.621
1733.725 1217.231
1715.337 1297.764
1728.003 1229.233
1654.028 1210.854
1707.866 1313.124
1713.554 1133.176
1807.268 1254.029
1815.614 1303.709
1836.954 1151.752
1647.588 1234.743
1669.485 1232.314
1796.139 1342.234
1742.016 1278.695
1767.507 1222.421
1694.439 1251.366
1709.830 1174.807
1679.864 1283.684
1721.402 1312.880
1779.051 1301.546
1765.262 1225.912
1683.583 1319.225
1779.508 1212.559
1640.795 1139.532
1646.936 1284.008
1685.717 1131.178
1758.055 1210.085
1773.208 1323.969
1643.326 1312.373
1858.508 1159.948
1676.178 1139.919
1832.798 1168.218
1849.670 1278.583
1746.234 1142.981
1833.530 1333.336
1658.883 1283.896
1783.720 1260.585
1684.320 1160.620
1749.191 1321.822
1642.421 1261.340
1748.074 1196.133
1731.229 1252.673
1857.766 1163.738
1798.563 1293.242
1823.025 1329.352
1849.513 1344.063
1697.025 1271.673
1639.018 1257.687
1854.511 1201.873
1806.035 1142.623
1762.887 1297.062
1715.619 1281.333
1727.100 1286.881
1831.333 1290.490
1700.494 1258.973
1734.465 1169.157
1652.959 1339.160
1808.162 1317.177
1692.600 1313.589
1753.857 1313.624
1779.636 1127.090
1700.441 1340.910
1636.412 1238.952
1785.691 1299.670
1772.309 1284.141
1831.587 1133.004
1743.405 1189.978
1765.849 1339.609
1667.582 1172.022
1783.425 1133.990
1857.656 1274.951
1722.852 1158.836
1770.941 1182.353
1786.686 1290.486
1639.487 1317.003
1786.740 1249.746
1707.868 1306.013
1710.403 1209.183
1737.110 1135.813
1779.706 1301.983
1688.726 1189.767
1797.556 1234.831
1707.576 1266.824
1752.606 1322.901
1838.752 1225.260
1783.581 1168.395
1771.328 1145.600
1821.370 1337.482
1826.503 1331.116
1764.175 1251.432
1842.129 1124.339
1737.870 1288.157
1779.400 1206.145
1700.741 1344.712
1731.488 1309.367
1672.575 1203.528
1651.859 1196.719
1746.153 1245.698
1744.375 1144.596
1649.288 1184.209
1731.046 1273.744
1736.844 1223.071
1838.732 1308.085
1727.775 1118.800
1697.095 1134.850
1704.576 1192.652
1785.540 1262.996
1825.387 1272.396
1668.624 1254.945
1717.483 1217.826
1710.373 1256.230
1781.739 1151.630
1855.411 1305.239
1848.850 1176.092
1646.948 1282.432
1763.932 1294.610
1818.860 1199.837
1843.345 1253.724
1778.800 1211.919
1785.855 1189.522
1846.247 1275.324
1682.867 1253.047
1667.749 1296.198
1749.101 1341.458
1807.422 1176.862
1797.320 1172.494
1851.558 1211.670
1656.351 1246.300
1863.118 1234.783
1838.474 1205.966
1665.042 1145.102
1691.807 1186.822
1813.476 1250.383
1735.382 1268.396
1778.256 1134.010
1808.649 1139.913
1863.172 1164.641
1739.706 1203.016
1637.289 1124.572
1729.936 1258.584
1712.076 1285.358
1845.306 1162.604
1670.211 1318.592
1665.805 1195.244
1833.795 1322.729
1695.166 1204.749
1650.490 1160.376
1852.940 1326.546
1674.744 1314.101
1736.599 1184.819
1654.450 1157.576
1706.849 1144.905
1709.121 1316.019
1703.986 1335.915
1859.931 1240.943
1771.012 1173.069
1770.169 1191.395
1704.005 1330.103
1677.537 1158.967
1716.553 1134.034
1777.289 1134.999
1664.373 1327.371
1735.119 1183.711
1714.710 1314.473
1811.478 1225.134
1733.851 1214.428
1673.532 1264.085
1806.503 1133.266
1654.763 1128.575
1817.603 1192.822
1659.078 1207.957
1711.366 1196.083
1758.247 1345.017
1655.014 1286.416
1803.645 1207.292
1651.820 1336.280
1665.350 1294.967
1744.899 1145.982
1811.389 1218.553
1758.144 1204.775
1686.873 1290.641
1819.362 1131.048
1824.368 1195.747
1761.361 1251.834
1751.071 1154.475
1648.197 1258.829
1830.804 1155.977
1688.859 1234.434
1752.838 1203.311
1636.344 1134.481
1752.424 1259.076
1642.376 1343.790
1797.901 1144.143
1794.648 1198.615
1851.287 1288.209
1776.598 1160.774
1690.825 1251.284
1828.251 1171.148
1678.618 1181.721
1795.234 1121.754
1835.741 1228.421
1642.260 1253.578
1838.146 1315.105
1703.088 1268.243
1765.615 1307.522
1735.593 1196.908
1759.777 1256.045
1839.550 1251.755
1835.105 1320.438
1826.016 1288.860
1846.833 1217.744
1814.174 1231.326
1811.441 1268.599
1836.661 1308.763
1764.404 1205.420
1767.586 1336.666
1702.425 1343.476
1737.643 1131.031
1794.523 1274.076
1724.229 1327.015
1780.930 1313.417
1689.126 1273.441
1734.278 1191.819
1644.433 1124.463
1644.752 1269.027
1648.359 1194.407
1756.583 1275.830
1723.153 1151.411
1675.343 1172.507
1673.349 1172.150
1860.000 1322.761
1765.384 1142.948
1805.105 1285.887
1658.768 1305.516
1764.475 1176.441
1640.136 1302.691
1814.140 1281.528
1650.448 1280.850
1695.929 1282.459
1726.526 1154.096
1790.647 1332.251
1677.558 1195.392
1859.731 1197.085
1658.146 1211.641
1701.180 1242.141
1742.893 1345.007
1730.510 1318.193
1792.703 1143.213
1705.054 1329.123
1760.942 1276.946
1783.714 1253.249
1834.525 1129.492
1837.538 1166.069
1636.053 1134.649
1734.406 1130.800
1786.277 1171.301
1663.291 1233.018
1661.865 1242.965
1857.873 1272.788
1817.087 1236.754
1847.459 1247.337
1683.039 1285.440
1675.947 1343.802
1773.301 1221.309
1786.858 1241.936
1751.751 1142.834
1856.754 1338.414
1648.848 1311.665
1714.539 1199.547
1748.760 1176.740
1648.661 1324.044
1778.793 1312.007
1807.513 1317.586
1785.437 1236.224
1636.949 1213.805
1770.130 1224.162
1677.561 1250.521
1833.720 1325.649
1809.578 1275.032
1668.004 1235.343
1689.314 1223.196
1685.972 1158.945
1707.625 1311.747
1717.856 1197.695
1653.625 1136.731
1729.748 1179.018
1769.360 1266.267
1685.017 1241.958
1835.358 1232.465
1653.148 1267.367
1713.175 1299.462
1737.893 1125.819
1662.172 1146.673
1720.669 1193.569
1729.498 1271.045
1756.844 1188.084
1861.505 1193.912
1836.024 1343.437
1749.358 1271.585
1858.499 1126.609
1660.166 1236.906
1654.329 1163.001
1650.266 1287.643
1774.485 1251.729
1767.218 1120.960
1734.481 1152.105
1849.880 1289.842
1754.921 1177.502
1844.514 1257.112
1831.042 1335.522
1665.739 1141.414
1753.939 1202.974
1719.222 1249.558
1741.259 1183.200
1798.894 1345.484
1769.790 1277.024
1788.522 1283.686
1820.451 1193.649
1801.382 1165.566
1824.043 1214.805
1737.609 1286.308
1729.193 1191.514
1827.889 1233.505
1642.606 1237.941
1797.369 1341.883
1808.718 1184.909
1735.962 1338.704
1756.030 1260.979
1833.924 1175.933
1663.396 1298.890
1716.297 1273.365
1663.250 1226.987
1831.484 1252.494
1651.423 1313.131
1665.104 1325.734
1640.222 1144.067
1721.722 1230.607
1784.117 1334.186
1728.904 1232.762
1829.527 1124.927
1647.843 1293.588
1681.483 1253.251
1832.291 1275.748
1808.985 1199.829
1745.829 1311.924
1853.546 1185.847
1833.849 1153.425
1666.190 1201.203
1731.940 1294.431
1701.456 1277.356
1754.943 1273.462
1854.557 1344.966
1671.224 1261.798
1849.897 1214.871
1646.923 1279.687
1858.238 1235.181
1821.368 1180.705
1759.496 1255.151
1742.927 1169.385
1846.043 1207.994
1792.717 1252.579
1773.590 1282.640
1734.145 1169.178
1861.436 1202.813
1685.563 1261.983
1854.415 1154.632
1678.204 1344.308
1761.292 1253.942
1648.039 1254.733
1646.042 1219.913
1842.145 1246.292
1646.782 1233.839
1756.014 1330.132
1849.822 1319.195
1837.608 1248.728
1642.427 1205.057
1701.612 1186.993
1654.318 1273.970
1683.076 1141.553
1833.618 1159.845
1640.500 1195.200
1725.258 1157.392
1733.924 1190.416
1784.960 1264.677
1838.273 1234.987
1674.166 1127.017
1709.898 1343.487
1741.658 1321.633
1695.701 1336.099
1765.336 1119.114
1775.846 1122.448
1831.394 1138.514
1636.547 1128.248
1734.343 1247.959
1798.524 1281.162
1744.089 1281.643
1643.673 1200.011
1752.359 1335.317
1752.384 1209.640
1644.526 1333.245
1769.295 1155.621
1734.405 1138.899
1659.254 1274.161
1787.614 1163.124
1785.068 1277.157
1649.183 1192.937
1661.230 1188.525
1648.188 1230.480
1758.892 1328.213
1823.838 1344.432
1749.645 1197.040
1682.697 1320.517
1826.343 1329.762
1724.492 1267.457
1768.273 1143.602
1731.809 1261.910
1768.592 1276.929
1714.334 1156.054
1820.579 1164.304
1761.315 1325.686
1731.598 1310.149
1785.098 1261.470
1647.421 1189.715
1713.341 1239.966
1813.711 1297.390
1829.819 1250.821
1683.176 1153.570
1768.579 1292.928
1853.796 1340.518
1767.832 1319.430
1825.494 1226.846
1650.746 1302.958
1703.181 1230.383
1781.354 1314.354
1858.187 1231.184
1673.836 1191.352
1716.576 1330.505
1687.090 1200.813
1804.390 1210.238
1728.503 1282.815
1767.361 1190.264
1693.785 1335.923
1644.272 1267.904
1677.900 1205.274
1819.364 1275.594
1829.560 1203.278
1672.339 1247.265
1766.768 1142.217
1759.409 1328.498
1815.818 1207.214
1792.127 1175.699
1710.488 1153.062
1672.803 1198.901
1765.487 1255.015
1807.849 1328.710
1718.398 1331.099
1820.143 1268.863
1860.776 1139.316
1681.527 1122.838
1755.399 1170.385
1732.447 1298.615
1811.155 1341.436
1852.050 1192.269
1847.063 1328.003
1805.807 1246.962
1668.217 1122.291
1761.260 1319.738
1862.355 1244.912
1861.742 1201.706
1796.582 1285.681
1842.680 1291.105
1694.443 1221.346
1773.560 1197.821
1682.946 1251.996
1659.055 1213.818
1790.805 1314.897
1774.913 1156.604
1646.759 1208.799
1716.425 1338.694
1751.886 1196.332
1729.364 1133.949
1773.213 1256.887
1775.168 1306.459
1645.193 1188.411
1686.912 1199.785
1861.023 1216.345
1660.103 1170.039
1822.608 1290.462
1811.458 1279.662
1786.977 1233.593
1816.828 1312.973
1712.667 1205.234
1680.510 1314.640
1829.363 1283.313
1730.717 1209.800
1794.584 1220.313
1806.133 1246.155
1653.226 1159.630
1782.245 1131.338
1809.124 1315.967
1681.095 1216.530
1753.956 1189.355
1692.313 1146.326
1713.088 1177.735
1654.827 1314.149
1817.173 1131.903
1640.961 1205.305
1697.694 1321.687
1859.390 1319.400
1677.799 1303.537
1775.465 1210.053
1696.431 1269.800
1789.337 1151.241
1673.607 1306.057
1836.701 1170.107
1650.142 1161.467
1769.745 1323.067
1804.921 1127.812
1859.631 1237.745
1847.045 1218.798
1722.253 1293.428
1743.803 1257.822
1710.161 1174.087
1702.297 1344.382
1850.578 1259.136
1675.206 1216.947
1757.289 1214.922
1859.190 1258.514
1723.531 1136.703
1749.323 1155.176
1693.569 1310.692
1641.988 1251.213
1704.918 1174.859
1665.560 1170.253
1694.822 1171.588
1678.997 1201.845
1729.511 1178.795
1655.189 1327.058
1701.057 1241.503
1846.223 1303.133
1637.304 1309.620
1818.294 1306.884
1664.177 1303.782
1806.902 1330.527
1816.435 1130.174
1837.392 1286.957
1828.460 1148.460
1862.698 1173.954
1854.047 1214.530
1814.841 1273.284
1717.486 1187.339
1823.296 1332.072
1705.675 1149.349
1653.798 1324.702
1826.861 1195.721
1678.118 1200.282
1739.852 1194.811
1785.486 1185.950
1850.644 1180.987
1679.279 1323.520
1716.033 1245.714
1766.539 1184.503
1745.766 1273.499
1853.479 1243.206
1765.562 1156.984
1798.527 1286.598
1739.964 1334.397
1736.756 1283.572
1811.936 1277.505
1812.021 1302.609
1834.966 1260.214
1772.546 1192.454
1747.120 1230.341
1711.367 1344.324
1859.684 1210.712
1664.231 1172.345
1844.132 1130.534
1848.953 1337.662
1780.556 1137.585
1783.156 1235.813
1722.358 1138.680
1815.604 1268.750
1700.742 1208.144
1666.400 1229.430
1757.579 1151.392
1812.223 1328.769
1812.599 1174.336
1726.580 1276.126
1689.231 1254.071
1776.684 1265.885
1797.552 1195.481
1841.885 1255.400
1695.796 1317.222
1847.772 1250.554
1658.140 1321.493
1735.010 1249.406
1848.661 1243.242
1747.429 1132.045
1826.745 1167.030
1659.683 1322.358
1680.454 1211.372
1706.530 1259.930
1822.846 1328.745
1815.531 1270.643
1849.069 1270.065
1701.081 1155.739
1763.100 1268.258
1755.881 1331.804
1722.109 1212.142
1718.258 1216.317
1843.321 1297.778
1691.626 1305.919
1844.402 1280.207
1695.183 1206.557
1814.963 1335.227
1718.510 1145.019
1676.242 1320.920
1763.886 1326.631
1697.500 1290.179
1743.246 1205.148
1732.793 1184.481
1734.383 1308.082
1803.284 1168.619
1766.342 1153.732
1683.871 1247.139
1766.617 1173.796
1771.445 1143.843
1650.735 1195.428
1786.057 1160.085
1764.780 1152.479
1780.509 1290.348
1675.025 1146.360
1858.353 1125.114
1751.343 1336.006
1656.992 1319.434
1817.612 1240.781
1672.523 1130.761
1682.097 1330.882
1734.648 1223.822
1848.806 1153.148
1800.281 1137.524
1701.195 1298.970
1694.758 1272.533
1753.973 1338.603
1817.182 1312.284
1723.550 1124.362
1792.292 1234.621
1826.474 1174.877
1646.785 1176.487
1727.360 1158.334
1804.627 1344.740
1738.653 1275.160
1681.796 1251.988
1681.302 1186.853
1800.898 1345.835
1793.483 1183.782
1763.753 1314.070
1813.668 1313.354
1641.795 1207.747
1668.075 1131.149
1776.569 1139.213
1819.283 1328.072
1659.111 1195.072
1695.739 1163.244
1751.323 1126.779
1845.624 1212.581
1660.448 1123.203
1755.580 1154.329
1682.205 1184.536
1688.411 1127.839
1849.699 1290.585
1762.698 1305.620
1769.012 1181.609
1730.082 1203.677
1647.682 1278.721
1845.115 1337.132
1738.498 1238.778
1717.742 1166.567
1674.907 1180.088
1708.777 1306.729
1775.615 1160.812
1795.581 1286.083
1854.010 1238.082
1689.762 1216.785
1835.854 1123.352
1682.401 1199.284
1739.199 1344.267
1659.277 1315.687
1638.030 1203.593
1813.947 1208.427
1769.911 1210.127
1708.831 1274.076
1732.386 1274.839
1838.709 1259.055
1815.936 1252.855
1799.612 1244.282
1842.028 1153.844
1740.113 1298.606
1752.538 1200.180
1753.647 1208.400
1674.194 1262.753
1814.983 1275.411
1771.739 1302.430
1751.662 1283.787
1805.231 1202.544
1685.533 1167.388
1852.258 1133.005
1851.114 1317.252
1768.524 1238.118
1779.753 1249.631
1814.560 1231.947
1726.858 1160.116
1639.748 1306.469
1658.077 1205.933
1837.090 1177.709
1846.514 1240.272
1696.655 1243.083
1678.797 1172.514
1850.277 1141.269
1820.481 1196.322
1766.598 1211.656
1753.176 1239.230
1681.247 1230.710
1794.658 1345.739
1656.829 1155.932
1845.723 1171.227
1839.205 1322.169
1803.443 1272.477
1645.699 1330.164
1783.821 1137.813
1817.484 1227.834
1665.617 1253.580
1679.275 1192.698
1739.309 1283.532
1641.176 1274.763
1724.231 1191.054
1765.604 1274.316
1748.244 1126.003
1785.102 1177.614
1664.089 1280.274
1747.466 1252.081
1687.510 1177.429
1843.386 1198.885
1720.701 1343.366
1650.808 1180.918
1643.696 1290.299
1773.510 1187.427
1856.588 1335.528
1850.822 1152.347
1697.896 1119.599
1682.226 1344.433
1810.484 1238.360
1810.567 1135.183
1741.122 1281.469
1678.471 1329.978
1693.661 1199.312
1828.309 1162.203
1742.509 1304.402
1848.305 1246.846
1687.404 1234.090
1850.495 1310.087
1712.263 1186.167
1638.545 1239.902
1843.915 1303.709
1688.198 1232.744
1714.821 1269.779
1655.807 1211.933
1833.789 1142.502
1684.849 1246.688
1780.589 1216.086
1839.096 1160.672
1794.585 1158.098
1838.680 1175.951
1644.017 1149.326
1809.253 1330.282
1718.369 1262.289
1716.764 1271.975
1636.440 1345.051
1851.938 1226.341
1815.382 1280.924
1711.521 1252.237
1853.156 1300.214
1801.461 1294.193
1748.410 1194.023
1675.527 1264.029
1776.667 1158.685
1758.408 1305.401
1665.161 1302.342
1831.787 1324.832
1719.656 1307.353
1823.272 1186.373
1854.890 1207.267
1656.935 1272.292
1838.857 1274.822
1761.011 1231.586
1839.105 1123.951
1769.996 1293.279
1805.501 1201.704
1646.301 1209.073
1818.808 1329.676
1845.960 1255.494
1723.656 1257.710
1847.786 1303.317
1692.436 1218.020
1707.774 1261.083
1842.008 1225.773
1685.407 1204.679
1728.065 1314.189
1654.836 1293.465
1637.146 1219.636
1856.187 1312.147
1855.724 1172.505
1784.955 1220.229
1852.807 1342.757
1856.747 1261.645
1178.065 1702.783
971.213 1800.493
1014.885 1752.619
1193.823 1823.664
1110.419 1637.458
1054.941 1802.442
1040.713 1685.433
992.438 1783.635
1005.676 1791.306
1031.555 1743.473
1140.676 1819.385
1129.296 1804.142
998.198 1688.001
1048.192 1713.949
1106.263 1663.950
973.919 1621.462
1115.044 1715.071
1187.300 1729.647
1011.395 1705.541
1109.091 1786.403
1019.937 1784.440
1073.904 1746.712
1044.256 1740.591
1059.585 1625.223
989.760 1615.395
1165.209 1695.187
1069.596 1754.133
1038.098 1726.962
1082.664 1680.960
1024.865 1664.278
1192.781 1703.223
1059.297 1627.729
1118.530 1705.506
993.904 1716.736
981.582 1700.940
1192.156 1644.701
1004.450 1825.621
1072.814 1785.357
1167.952 1621.789
1067.625 1802.028
1154.561 1712.770
987.621 1817.018
1181.117 1830.818
1005.692 1681.020
1015.978 1751.881
1160.274 1763.229
1040.412 1648.953
1106.071 1637.050
1036.770 1833.890
1018.341 1633.560
1072.663 1639.725
1018.025 1615.249
1043.773 1642.961
1123.933 1803.946
1153.807 1831.127
1057.118 1668.805
1147.825 1696.962
1014.882 1740.077
981.557 1796.317
998.392 1641.140
1188.476 1706.012
977.308 1717.699
1073.248 1707.652
1174.668 1685.779
1111.803 1830.466
1128.030 1755.941
1004.745 1729.577
1157.324 1653.221
1079.410 1737.401
1119.955 1674.298
1094.592 1779.510
1127.054 1831.709
1185.263 1717.930
971.613 1698.977
1141.210 1660.990
1188.934 1780.494
1026.771 1744.512
969.613 1828.368
1158.059 1635.779
1093.273 1688.558
1056.465 1798.293
1060.314 1730.181
1101.114 1653.409
1138.323 1777.283
1124.159 1638.620
1182.766 1620.413
1107.485 1815.073
1020.981 1733.844
1034.729 1829.267
1024.384 1646.760
978.662 1773.640
1181.499 1726.313
1101.783 1735.500
1179.449 1660.336
1192.357 1643.733
1148.604 1642.384
1032.972 1670.209
1090.340 1746.553
1131.400 1640.700
987.449 1778.069
1123.761 1766.295
1076.727 1754.264
979.445 1677.525
1109.645 1743.062
1033.124 1738.149
1192.576 1655.069
1129.618 1714.808
1143.015 1788.249
1101.811 1710.960
1027.095 1645.113
1068.003 1820.899
1181.025 1687.946
987.230 1628.170
1016.912 1734.277
1168.108 1686.449
1008.560 1685.924
1156.086 1657.622
1091.422 1631.618
1021.119 1685.945
1107.568 1679.239
1134.072 1732.802
1169.342 1833.627
1100.164 1636.336
1182.640 1731.709
1162.400 1625.456
1032.002 1788.662
1156.403 1751.112
1032.561 1623.770
1172.635 1690.332
1103.938 1730.600
1129.472 1806.348
1034.060 1737.161
1181.322 1786.569
995.294 1814.409
1057.735 1801.712
1145.000 1702.360
1048.102 1683.235
1162.320 1765.936
1127.966 1652.609
1022.175 1781.304
1092.895 1789.035
1156.999 1697.498
1023.432 1765.396
1174.746 1621.315
1092.063 1830.246
1174.250 1682.082
1149.072 1634.767
1067.675 1777.084
1106.729 1743.305
1087.816 1790.440
1058.100 1710.315
977.695 1625.630
1084.391 1826.160
969.044 1830.053
1089.978 1654.545
1113.803 1678.663
1176.752 1788.910
1105.454 1773.157
1093.027 1612.489
1191.748 1615.003
1166.188 1653.407
1034.077 1778.502
1171.710 1710.682
1085.312 1657.450
1177.013 1742.648
1097.492 1651.753
1059.628 1704.879
1113.431 1814.625
1021.807 1819.328
1075.155 1760.102
1138.574 1698.439
1082.671 1739.443
976.717 1818.554
1038.753 1642.939
1102.588 1640.001
1035.440 1785.158
1078.651 1651.911
1135.942 1735.528
1080.332 1750.489
1141.656 1727.471
1125.985 1698.917
1137.656 1716.924
993.402 1647.951
992.768 1737.630
984.533 1725.930
1027.733 1623.941
1084.090 1715.897
1024.221 1720.492
1088.513 1733.100
982.582 1700.800
1129.612 1706.395
1084.888 1816.935
1181.346 1625.125
1005.742 1668.554
980.681 1612.783
1054.613 1652.375
999.316 1768.857
1097.039 1642.521
1025.940 1826.126
1181.611 1715.783
1176.727 1768.523
1078.869 1767.162
1010.499 1640.977
1167.996 1769.546
1001.771 1797.505
1141.425 1676.750
980.365 1680.701
975.930 1785.751
1136.261 1662.215
1029.142 1712.760
1137.272 1811.979
1031.316 1679.091
973.540 1608.533
1130.624 1710.021
989.462 1674.332
1049.591 1709.779
1171.480 1764.047
1097.317 1699.142
1195.625 1650.364
1029.833 1611.403
1156.900 1607.382
1007.142 1739.661
1078.362 1616.029
1059.906 1741.518
1048.166 1799.093
1037.286 1804.307
1101.323 1664.021
1120.134 1672.334
1183.911 1704.837
994.878 1760.141
976.729 1697.605
1161.987 1648.817
1008.845 1713.985
1024.605 1779.258
1078.309 1754.169
1078.657 1765.242
997.631 1824.475
1090.084 1815.375
1088.533 1714.480
1118.717 1696.661
1168.854 1806.084
1125.262 1621.262
1178.191 1803.088
1118.000 1753.289
1047.436 1739.210
1185.304 1681.717
1097.902 1671.098
1001.071 1640.409
1157.349 1818.117
971.170 1795.351
987.218 1682.965
1098.117 1718.521
1088.166 1773.890
1044.934 1725.981
1026.453 1626.620
1134.043 1651.516
1055.981 1682.067
1157.075 1698.622
985.181 1720.223
1030.420 1685.077
1117.807 1689.304
998.058 1791.140
1060.679 1639.031
1168.628 1833.439
1057.170 1608.720
1173.295 1629.334
1147.311 1698.960
1165.353 1636.320
1072.424 1832.501
1089.141 1625.785
979.803 1670.213
1192.272 1692.471
1086.741 1608.983
972.907 1678.040
1164.093 1714.858
1092.946 1641.909
1031.059 1808.871
1087.721 1764.200
1000.170 1638.530
1080.675 1798.080
1064.503 1661.635
1077.522 1659.396
1169.920 1787.747
984.562 1703.600
1180.713 1689.563
1053.204 1767.048
1141.457 1703.243
1168.229 1771.614
1128.814 1738.389
1095.873 1669.985
1098.585 1752.847
1158.080 1818.524
1127.894 1633.164
1116.808 1738.565
1101.713 1694.177
1102.963 1832.788
1097.666 1685.868
1003.664 1623.172
1181.568 1669.335
1046.421 1762.412
1145.936 1750.467
1095.231 1747.120
1046.368 1830.253
1185.189 1817.362
1110.724 1762.203
1041.395 1620.151
1119.774 1690.913
1133.103 1659.807
998.108 1822.656
1079.794 1736.248
1127.480 1616.784
1095.051 1642.530
1190.355 1695.238
1071.104 1791.874
980.304 1762.177
1105.883 1753.762
1066.129 1682.231
1105.915 1710.624
1033.120 1637.558
1194.881 1641.325
1182.866 1803.275
1090.244 1755.456
1144.391 1800.323
1028.074 1789.468
1088.027 1772.748
1159.953 1796.279
989.327 1794.508
1007.465 1691.203
1070.159 1622.208
1187.757 1750.529
1170.189 1661.431
1183.605 1834.162
997.427 1646.109
977.338 1631.421
1167.906 1693.216
1092.504 1712.426
1171.292 1808.715
1064.061 1784.119
1017.442 1777.725
1156.024 1793.914
1183.501 1833.788
1009.223 1695.730
1024.294 1821.958
1021.614 1646.300
1080.589 1635.528
1073.384 1777.447
1106.802 1740.915
1185.978 1830.745
1125.991 1795.135
1037.686 1775.397
1052.470 1774.402
1054.937 1728.472
1115.002 1649.140
1164.388 1730.931
1051.372 1821.028
1136.651 1633.541
1076.721 1620.380
1091.574 1715.784
1194.561 1646.546
1144.384 1787.751
1027.705 1818.404
1090.447 1677.692
1144.654 1634.000
1116.656 1784.416
994.357 1695.742
1111.142 1661.131
1165.622 1650.257
1054.775 1609.374
1170.260 1710.655
1084.087 1818.470
1128.517 1728.271
1054.620 1610.102
1083.172 1828.365
1025.122 1689.280
1094.515 1770.600
1120.474 1789.364
1002.369 1742.863
1158.348 1630.728
1100.089 1783.820
1154.694 1822.946
1067.488 1772.110
1117.091 1706.516
1120.884 1719.291
996.290 1782.762
1168.209 1635.613
1060.128 1712.328
1044.763 1624.992
1154.302 1826.247
1014.894 1676.080
992.170 1825.300
1056.798 1658.511
1035.198 1824.669
1114.677 1801.735
1189.827 1689.458
1119.938 1782.269
1059.698 1756.345
994.218 1814.402
1087.271 1778.010
1104.801 1694.811
1008.771 1742.260
1171.313 1761.509
1032.467 1611.062
1060.484 1608.673
1067.875 1814.661
1009.583 1777.309
981.168 1753.977
1054.160 1692.673
1048.243 1696.016
1007.829 1742.634
1108.978 1729.925
1172.804 1694.097
1077.444 1826.303
1035.928 1789.000
1155.105 1807.403
1116.699 1688.589
1054.894 1645.409
1014.756 1747.338
998.026 1611.270
973.276 1687.424
970.456 1690.945
1181.926 1622.336
1002.855 1797.528
1052.796 1618.469
1121.691 1649.076
1046.772 1687.693
1111.797 1810.127
1055.052 1676.500
1153.972 1737.314
1036.767 1725.011
990.762 1819.176
1024.602 1706.832
1025.576 1683.491
974.442 1812.122
1046.462 1817.356
971.722 1666.236
1108.395 1774.063
1103.757 1632.440
1002.471 1681.036
1057.150 1792.384
1037.359 1822.488
997.838 1815.010
1054.523 1636.375
999.554 1708.684
1112.152 1624.595
1135.889 1785.161
1045.108 1764.976
1183.618 1688.854
1079.867 1699.477
1013.278 1642.763
1107.147 1652.177
1149.275 1695.247
1081.860 1732.928
1122.758 1736.903
1107.067 1783.697
1088.098 1832.971
1023.542 1698.894
1182.875 1682.321
1111.934 1665.743
997.227 1631.670
1108.574 1707.561
1166.629 1770.574
1065.869 1750.757
1092.236 1785.997
1004.391 1716.444
982.662 1755.314
1083.398 1628.268
985.616 1636.780
988.729 1671.232
1192.366 1618.405
1080.941 1831.987
1000.164 1788.829
1052.928 1825.310
1062.090 1697.461
1117.863 1681.154
996.229 1663.458
1178.834 1653.862
1119.567 1802.906
1053.485 1827.069
1122.938 1800.543
1146.920 1615.163
1107.945 1694.986
1042.091 1717.499
1183.635 1749.741
1024.642 1631.892
1184.116 1744.720
1113.730 1635.101
1177.188 1817.668
1146.633 1802.197
1078.802 1683.055
1194.004 1688.043
1115.087 1693.955
971.363 1626.909
1017.635 1773.755
1180.181 1797.185
1183.869 1811.486
1144.988 1765.210
1074.464 1811.971
1117.437 1799.795
1085.048 1770.980
1175.000 1743.252
980.250 1773.406
1011.408 1702.338
1165.210 1702.548
1152.809 1630.032
1087.512 1770.223
1052.476 1780.356
1125.550 1703.023
1186.404 1646.846
1058.370 1710.681
1154.100 1706.268
1066.360 1745.362
1171.769 1831.837
1102.628 1732.277
1034.410 1756.065
1130.588 1824.206
1035.093 1818.400
1021.923 1693.841
1073.169 1761.836
1116.469 1632.416
1151.636 1664.336
1070.883 1716.197
1069.081 1796.705
1130.228 1827.829
1107.230 1732.912
973.850 1798.883
1113.572 1815.151
1031.883 1716.398
1050.054 1670.478
1182.471 1819.507
1004.325 1724.835
1159.528 1811.359
1090.603 1670.209
1190.567 1776.005
1080.001 1733.109
1125.156 1766.287
1163.993 1763.959
1119.685 1621.582
1152.435 1763.243
1109.934 1712.355
1147.868 1720.982
969.719 1797.640
1089.245 1765.890
1108.191 1656.474
1084.414 1619.340
1059.302 1615.949
981.804 1710.166
1151.178 1731.886
1113.942 1745.459
1091.973 1784.560
1152.414 1729.238
1133.394 1619.903
1017.625 1701.000
1106.246 1774.573
1009.711 1787.370
1122.109 1715.182
1173.914 1616.483
1086.861 1772.122
1189.999 1707.842
1031.037 1769.283
1122.360 1661.007
1068.757 1761.673
1154.689 1613.741
972.078 1656.590
1138.105 1631.901
1190.462 1642.638
1161.680 1639.366
1043.650 1665.740
1058.647 1656.134
1077.974 1739.955
1024.553 1684.083
1046.253 1630.836
1178.447 1620.967
1049.609 1663.422
1042.491 1794.111
970.552 1797.307
1034.229 1826.229
1139.906 1672.945
972.677 1778.762
1014.477 1660.395
972.911 1705.085
1061.238 1790.086
1017.735 1768.146
1017.786 1642.869
1090.663 1766.665
1067.101 1720.238
1068.750 1622.681
976.638 1640.222
1082.647 1775.768
1064.934 1784.821
1178.856 1634.866
1055.629 1810.172
1167.239 1660.949
1035.283 1753.803
978.849 1818.574
1163.755 1702.824
1092.540 1755.879
1040.418 1790.684
1158.255 1703.907
993.323 1658.154
1013.319 1735.710
1004.169 1753.075
1047.771 1725.859
1139.404 1654.175
1186.820 1725.236
1041.714 1744.087
1076.296 1783.223
1085.257 1667.699
1096.755 1793.173
1057.494 1713.109
1163.667 1626.157
1034.634 1678.662
1028.001 1630.390
1194.608 1779.207
1093.174 1734.017
1100.503 1678.417
1065.392 1727.593
1005.533 1664.979
1186.689 1787.439
1170.938 1678.480
1156.833 1704.685
1021.691 1799.492
1183.545 1712.541
1052.787 1628.543
1120.086 1830.260
1192.679 1645.376
1072.663 1788.898
1043.056 1719.356
1028.956 1721.297
1174.255 1679.727
972.727 1708.364
1179.466 1713.157
1142.190 1695.138
1144.170 1634.193
991.469 1786.267
1030.707 1788.386
1126.373 1791.786
1195.523 1734.207
1050.366 1761.779
994.908 1742.059
1177.286 1705.966
1061.896 1647.144
1175.401 1628.468
1086.287 1662.816
1019.314 1631.128
1112.141 1692.003
1033.142 1610.984
1036.479 1709.206
1039.643 1623.510
982.088 1797.903
1009.006 1732.415
1008.376 1703.946
1092.925 1620.888
980.358 1816.680
998.817 1679.244
984.200 1743.374
1133.039 1833.540
969.355 1833.033
1120.605 1685.566
1182.176 1712.466
1061.443 1793.786
1082.646 1828.166
985.397 1628.732
1121.768 1806.447
1030.752 1753.651
1089.956 1732.354
1130.898 1739.955
1084.469 1748.997
1036.075 1684.863
1071.967 1672.066
1094.223 1802.149
1093.920 1685.065
1032.499 1672.139
1193.405 1679.927
990.628 1800.488
1121.923 1803.033
1156.943 1710.289
1092.807 1656.847
1054.654 1635.805
1120.497 1733.405
1170.084 1728.151
1187.400 1758.510
1050.993 1633.880
985.429 1672.390
1192.394 1710.420
997.581 1763.805
1094.474 1772.169
1034.630 1683.044
1183.312 1781.962
1174.751 1608.837
1113.603 1700.106
1021.008 1833.595
1119.711 1766.149
1175.868 1798.390
1041.407 1830.855
1067.408 1666.435
1072.723 1719.064
1190.583 1775.674
1163.279 1622.631
973.187 1760.772
1114.620 1774.513
1144.434 1770.822
1193.923 1771.062
1186.301 1693.078
1058.207 1774.507
1189.216 1667.782
1068.618 1685.454
1106.119 1768.737
1049.297 1629.895
1081.536 1737.085
1165.678 1818.804
1061.177 1797.385
988.322 1662.497
1143.675 1609.512
1141.688 1826.627
1121.159 1766.359
1192.605 1785.737
1172.644 1729.526
1182.566 1792.738
1175.079 1762.398
1021.377 1807.745
1184.739 1821.729
1108.340 1703.274
1095.258 1683.912
1119.970 1725.400
1068.747 1621.847
1160.712 1658.407
1012.118 1711.657
981.790 1726.854
1068.213 1654.275
1079.257 1718.384
1010.340 1814.370
1170.102 1760.304
1049.000 1788.822
1176.212 1803.376
1181.673 1679.537
1091.251 1704.513
1159.934 1673.117
995.153 1615.479
1158.715 1692.134
994.411 1645.675
1171.417 1707.001
1120.482 1819.802
1167.601 1607.736
1116.962 1641.013
1099.115 1748.147
998.062 1771.196
1072.194 1760.556
1029.061 1804.642
1022.596 1673.227
1047.305 1667.028
996.689 1634.572
992.137 1611.797
1114.907 1614.411
1127.972 1643.778
1103.763 1669.174
1050.473 1645.914
1001.073 1659.940
1071.386 1805.368
1116.240 1674.897
1075.275 1718.657
1028.870 1733.830
1068.946 1738.121
1113.504 1827.087
1117.127 1758.141
1083.739 1689.186
1010.574 1666.790
1014.823 1822.167
1182.585 1830.076
981.456 1680.852
1105.072 1690.907
1074.362 1677.628
1187.678 1746.730
1111.472 1732.391
1180.899 1826.116
1018.546 1757.654
1165.435 1680.218
1004.006 1661.832
997.063 1692.372
1193.243 1788.363
1029.735 1626.100
1079.723 1661.257
1136.850 1744.024
1104.610 1608.787
982.948 1653.424
986.415 1615.863
1143.839 1648.928
1081.102 1749.608
1166.463 1730.417
1109.523 1613.641
1137.558 1629.660
1036.353 1618.878
1121.496 1773.865
1091.515 1789.855
1162.667 1763.549
1184.271 1655.878
1166.709 1750.314
1144.394 1676.264
1185.489 1777.801
1114.623 1788.937
1119.239 1819.511
968.779 1699.016
1061.863 1710.226
1031.091 1819.062
1083.412 1772.504
1131.480 1612.722
1133.316 1638.772
1031.807 1723.958
1057.732 1620.941
1020.420 1617.355
1172.541 1768.508
1150.364 1713.147
1087.156 1633.083
1022.209 1830.203
1112.961 1672.959
1152.549 1761.481
1033.263 1664.936
1142.551 1756.026
994.536 1620.838
1173.840 1666.565
1103.745 1620.290
988.529 1644.904
1113.112 1683.796
995.226 1753.580
1058.936 1775.296
1131.334 1787.897
1153.665 1778.833
1078.639 1611.864
1153.792 1647.091
1083.013 1719.326
1033.601 1676.216
1032.814 1650.443
1147.578 1640.835
1137.110 1785.581
1107.810 1657.979
1018.721 1654.510
1155.799 1623.953
981.131 1733.193
1097.890 1717.181
1136.643 1763.356
1044.897 1625.242
1013.676 1695.744
1096.337 1745.173
1106.545 1678.941
1004.543 1738.942
1167.781 1805.095
1023.736 1805.758
1177.244 1709.371
969.135 1697.611
1186.734 1729.151
1080.938 1693.518
1106.818 1802.675
1040.517 1787.406
982.190 1781.208
1033.345 1653.406
1172.374 1762.468
1029.802 1663.964
1178.781 1757.087
1066.381 1686.398
1155.367 1774.532
1050.309 1803.518
1117.382 1697.876
1144.484 1673.482
1152.126 1630.792
1115.107 1684.073
1067.417 1708.558
993.484 1684.773
1014.091 1653.029
1014.626 1750.370
1165.610 1785.168
1013.425 1810.789
1072.070 1778.618
1171.498 1668.103
1174.348 1750.311
1192.030 1611.393
1158.267 1698.243
1118.280 1734.404
1022.663 1775.064
1149.988 1681.300
1176.806 1612.938
1173.980 1687.530
980.754 1740.543
1084.173 1755.971
1075.923 1617.569
1162.443 1720.467
1039.412 1657.842
1182.832 1702.341
986.457 1699.169
1095.372 1627.950
1143.628 1826.119
1073.908 1625.044
1170.995 1808.537
1192.451 1815.421
1193.658 1643.939
1021.433 1780.425
1120.762 1627.445
1021.756 1718.713
1150.859 1711.547
1002.847 1624.866
1117.979 1714.020
975.355 1770.802
1048.269 1701.875
1193.443 1644.330
1040.687 1794.423
1147.107 1648.154
980.006 1784.695
1090.826 1610.567
982.036 1763.029
1104.807 1764.476
1084.169 1739.999
1040.673 1816.312
1076.663 1659.540
1091.216 1623.976
1147.556 1760.710
1048.994 1781.436
1080.814 1665.241
1080.879 1749.767
1131.288 1715.281
1011.070 1711.520
1183.002 1669.611
1131.319 1806.906
1178.813 1653.998
1049.419 1752.078
1034.312 1714.005
985.249 1744.417
1148.867 1829.244
1065.266 1639.469
1070.463 1645.641
1159.533 1654.578
1047.340 1761.675
1080.925 1767.713
1183.385 1782.131
1028.273 1776.232
1064.414 1644.110
1073.901 1730.212
1024.223 1822.724
1115.809 1823.098
1155.035 1802.550
1131.129 1682.755
990.174 1832.585
1131.251 1688.047
1075.440 1688.287
1057.902 1779.788
977.373 1640.305
1106.350 1641.085
1135.659 1769.638
1031.062 1639.438
1015.389 1830.326
1144.981 1692.992
1021.841 1652.604
1023.139 1814.792
1081.625 1687.913
1017.819 1814.642
1073.891 1719.424
1146.492 1675.662
1151.290 1778.388
1055.975 1695.158
996.532 1702.457
995.330 1649.096
1143.208 1829.848
1066.945 1658.479
970.478 1634.114
1038.607 1810.201
1082.814 1681.132
1071.429 1649.657
1018.672 1775.767
1153.440 1771.954
1073.340 1793.272
1065.948 1830.792
987.146 1722.676
1138.361 1610.991
1037.703 1653.739
1121.437 1737.637
1075.319 1824.457
1069.540 1770.947
1157.959 1793.093
1128.920 1817.773
1116.592 1803.594
1164.140 1686.333
1138.090 1718.391
1067.894 1675.263
1137.482 1808.429
1170.983 1808.472
1130.014 1647.932
1081.809 1677.193
1060.793 1783.651
1041.502 1834.056
1108.960 1749.790
1042.719 1761.583
1082.223 1729.328
1019.042 1702.047
1047.001 1717.844
1013.795 1628.980
1039.800 1717.667
1152.568 1781.871
1108.769 1778.402
1161.735 1727.904
1060.617 1824.597
987.022 1730.917
980.686 1831.716
1153.935 1659.981
1035.408 1713.349
1024.820 1792.064
997.776 1824.315
1063.771 1832.334
1072.115 1653.827
1166.423 1792.392
971.525 1611.776
1191.453 1731.263
1165.667 1796.369
1180.787 1646.121
1000.395 1737.594
1049.499 1626.065
995.261 1787.625
1126.807 1787.640
1078.903 1830.509
1088.085 1819.165
1041.722 1748.930
1062.577 1638.005
1132.154 1699.029
1133.128 1761.223
999.419 1781.700
969.290 1754.144
985.050 1813.248
976.878 1832.374
1039.051 1609.053
1017.592 1639.687
984.452 1788.534
1057.710 1706.635
1062.749 1828.376
1070.507 1645.069
1039.377 1680.488
1068.165 1696.567
1105.040 1809.218
1065.648 1682.687
976.688 1742.920
1137.591 1753.528
1107.337 1686.027
970.157 1651.157
986.544 1629.091
1091.081 1806.617
1178.465 1799.280
990.689 1806.601
1139.748 1614.665
971.679 1703.205
1163.070 1704.160
1193.086 1664.064
1098.089 1644.088
1029.365 1777.222
1082.471 1828.585
1147.285 1680.571
987.775 1753.644
1104.650 1730.917
1075.572 1660.068
1093.275 1739.214
1055.621 1759.438
1088.514 1803.054
1166.615 1720.860
992.582 1694.619
1126.078 1711.426
1018.043 1784.387
983.515 1627.955
1005.322 1753.525
1153.171 1611.055
1164.749 1783.054
1122.951 1748.812
1010.243 1763.117
1178.124 1688.703
1021.366 1652.948
987.743 1672.311
1170.334 1720.487
1154.967 1792.194
1053.591 1676.200
1013.559 1659.292
1008.942 1642.296
996.013 1801.752
1012.709 1805.227
1040.982 1695.261
1072.054 1682.924
984.275 1742.409
1059.580 1665.600
1073.448 1618.804
1143.452 1629.352
1115.178 1740.367
985.947 1709.622
1010.599 1728.550
1015.875 1609.498
1044.703 1796.597
1049.443 1735.182
1152.479 1795.469
1104.726 1776.633
1056.245 1729.678
1128.964 1700.573
1052.013 1716.012
1068.754 1809.530
1064.945 1709.919
1156.948 1618.157
1097.969 1792.598
1191.972 1666.923
1193.219 1825.749
1150.176 1754.171
1125.401 1658.892
1029.072 1676.894
1006.164 1670.050
1130.322 1777.345
1136.831 1689.714
989.016 1633.254
1038.797 1713.022
1138.747 1724.260
1024.907 1699.183
1150.036 1774.265
1089.967 1760.247
1052.521 1654.510
1026.082 1750.467
1078.180 1802.024
1056.237 1724.952
1040.202 1818.815
1172.028 1638.058
1087.211 1762.243
1010.717 1675.707
1152.836 1669.356
1112.338 1746.453
972.243 1748.434
976.368 1641.173
1193.196 1799.195
1021.022 1640.763
1079.811 1658.621
1052.938 1763.741
984.337 1791.288
1060.066 1752.724
1103.704 1717.336
1163.796 1684.768
978.773 1686.875
1116.817 1824.607
1077.635 1732.730
1161.077 1715.471
1123.114 1792.777
981.301 1678.524
1184.812 1636.825
1137.571 1752.088
1009.720 1619.683
969.949 1697.962
1022.982 1618.659
1146.051 1663.125
1093.517 1793.830
1022.631 1775.392
1149.333 1693.122
1152.190 1732.038
1123.238 1715.214
971.758 1774.919
972.298 1702.807
1155.062 1607.678
974.470 1755.330
1057.642 1691.344
975.567 1828.809
1093.248 1834.355
1042.207 1643.070
1118.751 1673.741
1006.927 1634.904
1009.741 1830.456
1084.168 1664.770
985.895 1793.905
993.950 1637.508
993.618 1639.999
1179.103 1667.324
1110.606 1733.964
1137.632 1776.007
1140.373 1822.287
1141.188 1771.660
1101.775 1807.194
1131.561 1689.712
1010.632 1717.912
1011.522 1676.868
999.383 1721.431
1100.084 1757.050
975.792 1730.326
1062.765 1681.277
990.279 1751.688
1112.280 1781.362
1181.851 1637.146
970.019 1639.334
1118.267 1782.232
1091.996 1632.956
983.634 1627.249
1188.395 1824.019
1158.389 1707.657
1143.813 1644.760
1135.404 1815.773
1184.576 1829.143
1064.764 1714.009
1097.624 1705.806
1122.037 1693.463
1144.467 1760.028
1168.357 1818.876
1028.196 1628.066
1078.082 1662.532
1054.373 1732.998
1148.783 1782.699
1174.113 1781.053
1012.703 1696.241
1051.223 1783.980
1101.035 1678.236
1135.577 1629.241
1061.286 1691.595
1025.283 1814.672
1070.850 1810.890
1038.158 1754.037
1079.790 1667.797
1175.198 1830.779
1086.856 1642.923
1059.132 1774.620
1000.504 1817.747
1075.755 1772.228
1002.939 1658.698
1128.714 1774.569
1094.367 1678.762
1127.650 1679.887
975.688 1664.085
1117.339 1729.835
1133.281 1825.116
1074.703 1765.067
992.110 1669.187
1121.617 1722.048
1010.257 1676.565
1044.807 1655.244
1062.020 1807.959
1121.340 1753.591
1009.399 1818.127
1171.204 1749.547
1128.351 1796.508
1039.128 1650.915
978.853 1622.145
1075.086 1795.470
1181.048 1694.259
990.562 1667.816
1172.941 1657.088
1062.494 1772.584
1137.870 1644.924
1021.450 1776.935
1184.065 1828.703
1052.848 1817.442
1065.530 1757.384
989.762 1729.768
1030.120 1727.889
1064.159 1814.600
1116.490 1659.587
1166.566 1692.276
1132.702 1700.576
1095.169 1690.650
1178.926 1810.692
1019.540 1637.845
1072.548 1694.017
1054.354 1744.516
1180.198 1608.213
1124.631 1819.565
1184.355 1635.124
1035.220 1640.041
995.855 1716.470
1108.048 1612.211
1131.316 1824.131
1117.785 1702.037
1104.889 1668.245
1161.235 1685.101
979.998 1761.114
1021.641 1770.805
1094.509 1804.696
1018.453 1617.149
1098.124 1632.941
993.109 1675.593
1141.071 1770.264
1124.643 1791.365
1068.265 1726.113
1157.922 1625.450
1156.064 1825.732
987.015 1806.513
1130.202 1608.661
1099.683 1803.554
1188.978 1807.148
1043.348 1678.653
1098.846 1642.471
1062.778 1660.953
1029.019 1819.085
1172.709 1742.172
1056.740 1739.688
1084.114 1754.333
972.535 1783.051
1048.600 1610.415
985.881 1808.269
993.158 1711.378
1175.240 1684.598
1182.153 1747.347
1065.067 1651.085
1187.590 1650.834
1073.541 1801.732
1174.898 1780.610
1193.397 1796.621
1042.690 1658.962
1061.611 1656.016
993.162 1696.783
976.322 1672.202
985.009 1692.905
1013.344 1640.216
1075.076 1655.154
1176.191 1828.586
1177.574 1721.086
1126.942 1610.483
1106.900 1826.193
1065.716 1742.791
1118.231 1661.535
1099.990 1760.407
1179.917 1737.410
981.902 1791.744
1103.200 1698.062
1094.903 1780.403
994.124 1666.858
980.582 1750.846
1055.722 1641.299
1170.629 1737.583
1053.671 1662.652
969.547 1644.812
973.236 1756.882
1169.783 1736.596
1077.840 1627.898
1042.423 1682.426
1028.411 1782.937
978.931 1796.454
1104.039 1668.232
1184.995 1801.828
1143.841 1631.212
1012.720 1819.999
1168.333 1775.551
1128.302 1824.391
1132.784 1819.369
1119.651 1615.789
1156.754 1827.156
1156.995 1795.933
1085.950 1622.555
1182.101 1666.207
1000.461 1800.910
1010.981 1824.525
1027.606 1748.335
971.141 1646.577
1032.726 1746.319
988.392 1632.649
1074.253 1713.982
1062.084 1809.172
1158.408 1775.512
1003.569 1618.942
1138.111 1783.300
1089.569 1746.504
1140.331 1755.177
1007.123 1773.622
1006.011 1621.142
1012.496 1741.005
1114.296 1803.712
1160.949 1829.864
1135.802 1660.825
1032.131 1700.601
1049.204 1731.221
1132.470 1712.445
1189.459 1646.237
1116.311 1740.683
1121.298 1611.617
1001.243 1753.155
1094.487 1702.877
1059.395 1803.944
1036.067 1756.739
1192.573 1744.308
1167.396 1647.880
1024.008 1763.055
1085.212 1733.118
978.552 1685.987
1120.818 1741.654
1137.098 1661.809
1083.596 1650.751
1184.924 1804.236
1065.761 1772.100
1157.703 1678.313
1081.398 1675.689
1041.195 1649.362
1033.269 1815.834
1132.238 1710.418
1107.701 1620.493
1032.216 1712.227
1176.819 1664.719
1102.881 1626.646
1108.925 1808.187
1179.383 1665.063
1057.715 1708.087
998.275 1822.748
1030.241 1627.309
1145.602 1798.842
1091.582 1786.410
983.657 1709.596
1097.408 1743.869
1185.425 1822.299
1021.909 1765.706
1061.870 1686.474
1133.688 1643.942
1029.223 1785.655
1092.779 1623.130
1195.487 1627.241
1051.515 1776.680
1029.042 1689.616
1123.516 1807.145
1000.858 1821.068
1031.582 1725.618
986.853 1662.232
1149.060 1665.505
1185.933 1661.645
1084.528 1813.911
1129.437 1694.397
1014.658 1638.525
1084.252 1778.880
1105.619 1777.593
1039.860 1691.723
1015.592 1706.353
1084.041 1665.691
1114.459 1823.904
1123.940 1825.913
1180.670 1762.942
1042.021 1735.969
970.698 1642.144
1020.649 1760.652
1111.030 1639.790
1079.442 1701.665
992.999 1653.488
1144.907 1636.276
1141.970 1778.652
1007.124 1692.106
1082.091 1728.236
1152.112 1749.896
983.280 1641.819
989.840 1741.093
1090.356 903.275
935.601 838.310
1091.150 776.409
1144.558 712.546
1118.366 724.230
995.167 702.459
1115.188 786.391
1116.992 904.570
954.850 876.252
1049.428 776.751
1012.750 743.904
1016.542 699.595
1060.109 688.785
928.995 841.203
929.580 887.261
1003.957 697.153
988.558 827.854
1080.715 864.166
1103.612 841.107
1119.450 799.429
1047.280 896.250
1109.981 776.951
1102.055 870.537
1097.254 695.641
1146.088 694.206
1012.275 862.037
1143.309 838.077
934.835 848.584
993.300 906.957
1023.386 803.595
979.663 768.375
1108.776 802.914
956.580 854.736
1108.306 832.674
961.957 806.916
953.157 685.570
1095.761 707.021
1138.306 852.686
1116.878 789.530
1035.570 871.720
1060.278 859.285
1124.745 741.553
1133.960 785.466
966.972 894.206
964.894 789.012
976.953 835.678
959.282 847.508
1083.557 756.034
1081.007 811.930
1116.674 884.282
1054.755 824.130
1087.699 805.163
1117.031 852.325
1005.174 692.613
1026.614 898.348
928.347 884.788
1011.183 773.555
935.814 897.245
1106.772 697.085
1099.274 691.428
1114.312 735.399
1015.323 752.088
1145.458 696.559
1005.914 823.790
1028.425 847.810
934.745 693.267
1108.716 908.611
953.430 907.645
1042.794 747.775
1102.879 841.826
932.023 884.900
1021.763 796.674
1060.584 770.293
972.987 707.224
1148.799 805.678
991.048 906.687
966.418 903.436
978.656 783.375
949.029 878.355
1056.914 790.785
1090.333 840.893
1073.548 857.859
955.769 767.887
1023.869 770.340
1098.633 707.526
983.239 788.816
979.464 862.568
942.106 803.802
935.198 842.329
979.724 721.606
1019.572 712.323
1150.283 761.583
1149.476 767.990
1065.636 833.987
991.680 742.972
1002.689 903.260
1124.943 812.325
1059.040 771.119
1089.801 903.399
956.303 727.811
1089.772 805.219
1133.106 734.530
1141.636 886.095
1049.712 882.793
995.600 733.345
1103.643 815.901
948.800 684.386
968.651 783.858
1046.013 868.800
940.529 726.735
970.950 876.617
979.736 725.830
1013.413 897.665
982.176 748.223
1116.057 806.127
1086.226 908.037
1081.543 836.410
1067.645 686.403
977.274 744.776
934.531 708.350
1134.399 811.825
968.959 697.157
986.551 727.298
1038.093 845.276
1100.398 767.168
985.547 887.026
1110.815 714.899
1071.698 839.628
989.175 733.498
1046.724 873.970
1076.223 729.339
1018.537 690.690
1146.731 695.680
976.092 833.317
1149.283 909.665
1109.589 789.387
1084.042 753.101
1105.343 742.171
1098.902 712.382
1122.261 903.767
1074.388 765.295
998.503 744.584
1123.253 703.016
1109.769 809.038
983.630 707.988
1139.212 843.911
965.703 816.914
1038.078 859.711
965.938 747.652
978.233 808.583
1042.520 710.072
1016.081 793.754
1074.577 820.244
1059.293 702.001
931.637 856.611
1076.526 760.254
1034.463 711.703
946.874 792.281
1085.757 774.720
1135.338 815.433
1142.068 687.463
993.771 725.275
1029.411 854.243
947.892 898.378
1130.607 881.889
925.105 828.646
1101.600 725.887
1118.900 790.357
1149.225 860.605
1112.072 735.972
993.179 739.177
1050.720 711.144
967.724 719.916
1036.758 832.450
1059.113 864.258
1054.781 846.943
1047.718 733.657
1101.680 792.164
1065.585 871.223
928.123 749.507
987.988 885.503
961.414 756.224
927.526 731.745
998.510 778.539
1074.174 709.456
1082.596 872.698
1085.052 684.113
928.530 741.570
1098.386 812.693
996.972 850.273
935.501 848.932
1121.277 769.971
1003.079 762.851
1032.018 686.052
979.732 769.249
1001.917 716.995
1047.202 840.534
972.596 729.098
1126.148 766.215
1026.301 863.573
930.515 745.584
980.990 786.414
1008.814 829.398
1085.408 710.397
1070.966 701.834
1139.411 863.514
962.092 778.263
1067.311 902.559
1066.299 827.645
1134.148 837.143
1116.130 897.153
1049.785 849.029
947.376 754.629
1118.272 793.612
1122.021 794.032
950.480 885.619
926.053 736.589
1109.383 882.694
960.692 852.127
1136.447 762.427
1093.100 762.652
1031.544 892.297
1006.134 849.001
984.920 887.518
1132.876 865.113
972.460 829.229
967.345 852.944
1074.669 873.333
1030.888 839.522
1065.790 860.920
1118.354 757.595
971.691 686.548
1148.500 790.661
928.432 856.040
953.410 873.091
1047.113 786.586
1121.775 712.598
1044.152 799.971
957.508 695.802
950.833 740.077
1098.029 717.862
1061.091 888.940
985.240 831.035
1129.964 772.165
1032.695 715.904
1128.247 901.473
976.104 836.771
1026.078 844.236
1020.982 882.712
1026.414 707.356
1084.187 862.739
1150.686 746.174
974.677 818.195
957.338 744.280
1050.348 739.904
1141.903 817.624
942.125 799.043
1129.045 808.224
1020.930 820.143
1076.885 754.797
1083.422 781.981
1081.145 721.297
1008.574 687.143
990.545 738.021
941.680 805.831
1043.899 891.316
1140.859 760.640
1056.353 696.798
1001.732 831.189
1118.970 763.740
1049.703 727.994
1052.351 802.815
1006.557 732.870
1118.431 782.847
1030.150 755.219
1082.098 900.230
989.840 815.336
1078.821 835.071
949.996 857.946
988.415 741.753
1034.182 732.248
1130.417 907.489
1058.994 701.780
1043.710 848.754
1065.993 848.228
1055.731 818.913
1124.678 850.049
1106.191 750.041
1047.252 849.465
951.236 894.514
1074.302 759.328
1072.836 831.500
1090.541 731.562
1046.284 807.766
1129.109 775.938
990.452 859.252
1135.325 728.420
1032.815 841.003
1029.592 780.469
962.061 686.466
1079.560 720.512
1140.379 814.978
966.806 886.648
1037.864 762.425
1093.461 704.359
953.827 861.018
961.862 686.966
1099.131 784.542
1140.444 855.059
1009.200 770.280
1041.792 795.643
987.319 805.617
1027.768 727.061
992.569 790.950
1135.925 810.679
1043.827 782.333
957.213 804.629
1053.021 827.139
930.965 806.140
948.176 721.190
990.278 720.151
1075.580 758.930
1008.502 757.246
1015.502 734.461
930.689 797.486
941.661 888.209
1014.586 802.808
1128.945 812.426
930.085 866.141
1000.752 890.756
1035.314 738.753
1105.611 859.232
1044.177 777.774
1094.261 720.915
1054.163 810.906
979.283 863.276
1149.453 730.851
1076.496 738.151
1064.895 886.668
1112.164 852.526
972.351 718.618
1041.162 733.571
1084.230 860.960
1009.850 797.193
949.588 803.628
1039.039 829.587
1118.123 772.436
991.129 781.228
980.911 911.203
1109.005 743.388
1109.421 865.986
1072.971 714.437
1050.726 863.949
1092.405 699.710
1135.422 864.476
1131.800 844.739
1014.248 862.064
1097.373 876.951
940.742 737.712
929.440 818.654
952.615 687.723
955.196 827.892
1033.800 886.019
1012.205 836.790
1016.552 757.777
1089.543 729.600
1142.328 816.973
1087.266 745.234
1020.899 849.150
932.470 903.708
939.106 803.079
934.628 784.682
1119.137 711.182
1028.732 688.715
925.257 868.262
1121.313 696.887
1123.187 879.958
1053.246 794.126
1000.076 870.090
973.341 694.310
1105.389 858.911
984.608 797.499
942.433 795.608
962.144 865.305
1147.829 778.222
1072.098 774.810
1098.031 739.755
942.374 751.875
1125.563 711.562
924.991 777.781
1090.341 731.135
1111.863 710.395
1122.985 701.641
1104.219 799.673
1074.331 697.888
1063.338 825.236
975.938 910.299
1115.104 710.615
931.094 687.016
1038.900 861.489
937.022 875.583
1039.880 802.901
1027.153 841.735
1098.808 732.669
1064.469 836.740
967.548 808.394
1054.696 828.723
1120.578 831.089
1103.203 789.923
985.794 907.299
1081.761 797.447
1041.494 717.357
1024.767 793.559
991.649 898.039
972.950 774.488
1114.365 842.673
934.136 765.347
1098.783 760.525
1120.639 691.241
967.399 849.686
1066.400 808.911
1132.213 762.567
992.743 715.725
939.514 909.542
1058.855 694.809
938.048 865.166
991.445 891.264
1000.147 856.043
947.362 751.319
1053.762 715.355
1053.079 897.743
1017.045 767.092
971.403 746.244
923.929 768.335
923.848 771.304
1034.223 690.335
1130.447 827.644
1051.169 844.134
1125.315 909.182
1053.889 741.376
979.978 828.885
1139.018 908.077
987.456 796.030
1114.149 911.173
924.107 877.951
1137.130 799.603
1144.128 860.766
1054.180 797.908
1062.419 791.449
953.206 750.813
1087.815 713.952
967.678 718.901
1047.708 888.355
1031.643 806.047
1047.877 845.350
943.655 684.421
1029.019 759.372
933.426 759.321
1098.985 888.041
1036.150 791.887
1104.404 856.538
1080.384 890.642
1020.319 756.898
973.206 769.128
946.421 714.996
1119.548 836.331
1134.754 793.762
1048.719 711.024
998.611 717.588
1027.652 695.997
1121.335 839.988
930.925 866.410
1008.160 870.804
1132.359 813.765
1055.051 720.763
1142.518 760.901
1130.106 819.991
1006.252 703.605
1128.221 749.669
1064.419 711.702
987.849 757.720
1137.636 823.095
1095.209 757.516
1060.681 751.171
1106.667 832.214
967.962 698.028
942.218 821.364
951.802 803.888
1090.968 730.875
925.887 872.831
925.533 835.292
1037.809 782.054
1025.321 778.693
1112.203 727.189
1112.085 859.410
1124.501 848.644
1078.600 754.604
1113.560 691.131
1029.706 850.079
1135.146 714.911
1004.850 826.989
1044.818 699.845
1022.114 802.738
1020.361 717.041
1142.841 794.043
1070.467 838.743
958.001 834.825
1116.719 826.483
1075.327 874.236
1009.441 841.208
939.404 706.850
1126.099 861.267
1105.909 873.890
1095.844 696.059
942.457 905.285
966.535 696.522
1061.409 782.324
960.356 797.283
1006.885 798.877
1070.116 882.730
951.945 735.562
986.346 698.432
1104.271 702.732
1097.734 812.462
1078.150 730.034
1143.664 704.264
1046.276 724.638
973.001 722.044
1134.272 854.128
1134.729 862.022
1075.137 713.215
977.368 697.150
1082.581 801.841
965.543 776.394
983.692 695.431
1096.004 862.014
1106.067 753.281
938.693 837.773
1021.067 815.220
1095.015 742.425
1000.728 899.451
984.626 685.749
958.529 897.961
1083.389 804.947
1126.700 761.323
927.841 903.557
1121.131 850.898
1029.886 873.722
961.790 789.801
1081.216 688.480
972.816 836.791
968.557 872.087
982.172 896.673
1034.489 896.604
939.216 775.300
1144.860 822.167
1013.394 729.097
1047.563 752.502
1107.984 754.059
1048.530 883.189
1105.998 731.152
1049.344 867.055
942.298 789.094
984.953 784.989
937.968 872.383
1058.531 865.950
1025.564 722.047
1076.497 834.195
1007.694 835.670
974.035 865.812
927.953 785.960
949.749 738.826
1088.703 796.707
954.656 697.493
1020.183 770.946
1125.044 840.901
1000.733 707.817
1092.566 782.083
938.005 807.927
1104.442 789.643
1146.687 817.602
941.121 869.275
948.564 785.156
1096.968 695.192
1023.658 795.667
1035.743 696.105
1012.261 772.946
994.787 852.176
1073.851 752.822
992.010 693.494
926.563 791.446
1023.246 854.879
990.230 860.101
1140.073 860.626
1103.165 735.334
1100.509 786.935
1030.039 769.458
987.412 873.216
940.006 685.499
931.164 731.783
1036.327 892.225
999.905 729.523
1044.393 734.582
953.588 746.983
934.316 808.679
1055.669 833.571
959.075 718.235
1016.427 741.379
1073.919 734.242
965.313 844.243
1143.524 813.671
990.634 811.001
952.147 769.353
932.387 732.884
1121.347 894.675
956.285 856.945
1037.984 842.664
1051.220 825.333
988.110 856.985
1094.748 899.787
1086.757 878.954
1108.805 864.259
955.348 723.467
957.342 869.068
1081.399 714.284
1103.441 684.627
1067.515 851.979
978.931 826.812
1001.222 786.925
1104.050 879.702
1073.558 786.507
1111.829 722.150
1143.419 719.369
972.151 724.464
988.286 807.992
1003.283 690.594
1088.927 847.905
1112.841 751.081
1134.363 699.401
1110.353 746.899
1090.186 867.349
1104.279 768.873
1114.911 687.626
1135.346 838.506
947.863 749.222
937.705 899.500
1064.361 796.550
1146.467 846.264
1005.234 710.888
971.250 721.665
1079.010 720.530
960.477 784.372
1143.816 757.568
1091.433 868.977
1092.257 844.577
1081.020 760.414
1039.584 819.145
1075.632 698.941
960.753 756.396
1147.659 906.116
1071.822 831.674
1013.751 842.138
1100.776 872.938
1061.111 810.664
1067.531 736.359
1063.842 827.839
1046.152 892.165
1085.362 694.622
1016.050 695.617
952.478 891.944
940.792 813.507
1149.355 838.938
1002.579 740.982
1096.068 819.958
1095.745 806.171
938.435 687.160
1096.808 871.673
1143.892 826.129
1002.654 884.800
992.094 784.040
955.153 811.270
969.540 729.301
1046.104 755.985
1074.601 859.480
986.033 687.800
1019.055 807.552
984.289 849.387
1065.678 828.276
1063.154 887.811
1086.067 822.825
992.735 880.042
988.663 799.109
1030.571 756.066
1103.439 696.957
1055.972 888.944
964.624 829.606
958.708 837.544
961.271 715.609
1142.382 902.274
1054.732 774.490
1040.493 901.199
943.720 751.144
941.079 818.288
1008.523 798.723
1144.112 810.263
942.819 822.070
1018.867 849.809
940.510 908.633
1133.524 855.138
1044.590 725.180
948.965 875.227
1038.780 749.588
1061.379 766.595
1087.178 710.854
972.243 889.698
943.177 722.332
987.230 737.791
1110.482 895.719
1082.257 719.326
953.461 780.220
1093.200 733.178
1042.873 814.183
1126.548 763.123
1021.661 897.547
1055.562 862.097
948.193 692.843
997.543 812.175
1115.885 775.544
1045.139 864.618
1132.473 786.075
987.534 846.168
1069.206 784.419
1061.284 846.154
1032.102 881.978
991.866 849.596
1054.047 772.318
949.596 759.910
1104.848 717.266
1129.374 773.175
1076.075 888.570
1023.701 770.556
1074.186 716.609
1074.082 775.261
986.399 857.280
1116.785 886.370
1045.329 717.272
1079.921 838.147
994.242 725.400
958.730 786.555
964.314 891.476
1063.489 879.062
1120.394 895.249
977.422 776.399
952.743 877.660
957.651 871.976
1086.722 776.984
974.966 800.748
1126.377 844.667
961.497 791.639
1146.194 746.610
1114.627 805.645
1148.834 864.886
1027.167 742.593
1116.434 754.584
977.281 846.483
1040.533 704.012
1002.687 695.808
1069.942 796.026
1019.867 845.144
1113.153 699.540
973.832 711.924
1071.056 834.078
990.154 887.228
988.579 727.524
1046.514 750.672
1139.317 902.342
948.454 772.362
966.647 798.082
936.553 779.504
967.016 905.850
999.563 832.149
971.645 799.964
1082.674 839.318
934.030 863.073
1138.819 843.301
972.976 750.000
1077.831 810.144
1069.147 736.933
977.328 864.935
1077.346 832.476
976.209 765.842
943.454 700.026
1110.165 898.147
971.240 884.890
1139.450 684.192
1040.071 784.829
989.180 704.371
1084.346 724.403
996.554 711.446
1101.089 819.627
1147.534 786.570
1007.182 885.146
1036.037 810.065
1058.958 904.273
946.451 696.351
1024.365 795.049
1029.086 767.004
1043.452 712.199
972.333 699.116
946.161 797.747
1008.659 753.962
934.149 852.071
1045.870 686.158
992.120 777.026
1028.175 741.668
1055.252 817.508
1015.739 869.839
1097.942 873.049
1002.976 838.475
1123.560 736.987
963.276 728.687
1104.335 832.700
952.229 816.226
965.491 754.400
961.904 820.752
928.389 749.457
939.037 878.637
997.200 741.011
1126.888 738.565
1123.991 761.023
1020.790 782.363
1129.826 818.864
1006.565 721.060
1091.656 911.083
1116.323 878.834
949.888 820.953
959.560 864.710
982.035 698.008
1011.106 841.881
1075.563 693.308
1129.835 818.186
966.977 738.906
1114.175 711.683
1014.394 697.437
926.066 708.957
1084.447 783.406
1100.701 877.760
1052.417 722.823
1047.864 887.735
1105.903 757.820
1074.146 877.544
1097.863 733.789
1077.264 904.229
1149.378 746.815
1015.565 699.497
1013.634 771.615
991.549 908.340
1040.833 836.316
978.778 869.417
1123.634 783.375
977.889 740.549
1045.149 892.495
928.979 737.381
1112.566 905.283
1098.184 729.407
984.777 723.064
1109.553 851.305
1002.807 851.831
1051.268 818.239
931.348 719.861
1074.055 874.523
934.948 898.025
1118.905 869.958
930.782 867.389
1091.936 897.121
1052.440 692.617
954.295 770.832
1135.569 747.374
1147.408 830.542
932.409 893.545
1117.304 780.830
1104.701 763.321
933.042 765.199
943.815 725.560
1140.390 883.838
1049.708 724.474
947.872 749.048
1113.148 740.072
1050.926 757.739
1047.867 863.123
1144.721 907.788
949.220 708.496
1039.590 859.667
930.586 862.452
1108.075 749.075
1032.279 791.785
979.357 745.942
1025.727 820.975
1079.348 719.146
1021.871 777.292
1096.355 723.613
1053.328 814.259
1017.359 818.431
1128.720 856.985
940.657 856.045
1067.036 801.232
950.743 754.487
932.072 879.032
947.135 691.273
1069.593 863.841
1014.858 714.203
1039.802 734.487
1124.400 785.474
944.052 777.010
1033.958 709.064
1046.653 795.809
1071.650 895.510
1124.854 859.971
1117.754 871.477
1089.737 851.652
1067.931 866.565
945.833 838.124
1039.402 875.203
1086.295 731.757
1061.941 851.344
1150.358 829.981
960.075 834.115
1106.401 758.469
1002.059 804.837
926.596 863.554
1146.873 872.090
1083.446 727.032
996.917 684.515
1123.562 689.613
947.356 850.735
1012.015 718.436
947.105 797.864
958.664 807.053
1143.853 708.615
1107.956 814.102
1003.823 872.104
1126.061 910.619
1041.599 833.167
1004.640 753.616
1139.458 706.414
1057.855 799.448
1057.401 687.807
983.950 709.171
991.043 852.752
1146.861 857.881
937.961 740.487
1054.188 900.702
1077.135 720.732
1117.391 771.596
1145.929 872.776
1093.704 762.644
1131.300 840.315
1053.326 780.384
1023.960 821.193
1098.758 807.713
1018.348 878.919
1142.263 715.913
954.288 863.798
1005.990 851.688
968.162 692.493
941.298 836.520
1067.582 784.213
998.357 772.935
1116.910 720.104
1064.176 714.096
976.236 799.245
994.712 789.745
1139.467 877.818
1140.423 733.187
930.770 713.881
1065.283 768.905
1049.774 837.218
1090.498 901.144
1038.542 788.930
967.118 842.721
1015.121 791.929
1027.700 840.420
1036.171 735.548
947.694 812.916
933.378 718.069
1041.478 853.270
1082.753 710.203
1145.309 827.981
1001.910 712.788
1126.484 772.404
1107.712 803.169
1091.671 846.561
998.814 809.445
1042.080 753.932
997.318 904.195
1070.961 838.549
953.040 734.791
984.744 860.252
1140.024 752.077
1028.225 903.725
940.386 722.131
1049.671 690.962
1127.559 888.853
1143.513 773.109
1066.799 790.738
1014.582 685.386
968.525 836.417
953.291 878.742
935.947 882.894
1030.067 733.590
994.183 820.091
1139.215 797.465
1129.604 797.992
953.719 898.003
996.590 694.451
1140.560 689.309
997.611 785.101
992.121 704.133
1118.280 842.659
1012.193 716.687
955.679 770.574
1018.353 728.990
1051.181 788.092
1099.807 895.908
1134.047 884.400
1130.685 822.644
1018.028 902.880
1051.266 822.498
975.828 704.280
1150.292 843.361
1052.317 756.129
1127.473 859.202
951.830 803.894
1059.986 726.610
1024.882 909.625
949.876 742.065
1140.375 814.777
939.967 716.517
1040.215 703.481
958.379 886.521
1093.120 736.664
1061.873 723.206
1000.323 780.651
1027.618 749.411
1060.711 771.029
1065.290 861.847
1074.096 857.434
933.619 906.444
1135.355 823.757
978.498 881.654
1039.979 767.970
1079.096 699.566
1080.264 793.915
1003.608 890.846
1046.614 788.044
1069.450 832.990
981.544 762.185
1004.555 779.938
1133.978 748.325
1128.123 777.376
1109.175 789.070
1036.945 797.400
944.434 816.321
1134.961 701.735
1107.989 860.776
975.013 880.955
935.586 845.608
1017.444 904.295
957.511 740.657
1140.506 870.657
1064.302 828.044
1037.672 905.216
1144.332 838.655
940.671 784.372
1112.596 764.573
1084.397 704.679
1072.181 796.333
1114.454 823.244
1002.569 898.933
1020.710 723.563
1062.001 767.009
1117.345 772.573
1130.355 817.658
961.229 904.057
994.929 817.232
965.057 701.332
1009.653 857.437
1006.257 691.481
1036.056 874.314
1122.686 856.281
1073.048 854.891
1139.136 871.516
1097.585 900.299
957.498 696.749
1115.243 735.651
1044.001 885.577
1071.049 874.765
970.530 745.749
1091.349 823.424
1075.976 885.568
1110.642 867.238
1021.078 750.907
1104.663 732.244
950.663 749.546
1125.585 727.744
1001.993 831.433
1088.788 862.950
999.320 838.894
995.908 763.733
991.042 901.885
1146.274 768.993
1060.452 843.671
950.991 850.516
994.869 825.618
1073.448 733.378
1126.164 826.846
1110.609 866.489
1122.687 824.354
1076.787 815.732
923.889 895.317
949.267 870.944
1082.287 685.416
1131.645 697.480
970.130 744.318
1067.696 846.657
992.756 879.546
933.190 807.426
1143.736 791.626
1027.215 800.700
1118.743 802.850
985.471 790.006
958.346 772.924
1133.679 789.961
1009.330 845.447
1032.570 686.238
1063.320 878.287
934.837 869.142
1020.079 761.360
1002.498 873.671
956.780 713.628
1065.882 816.063
1144.315 687.167
1060.010 819.801
997.864 828.059
1029.240 908.671
1017.464 845.371
978.224 756.407
1137.250 751.762
1079.522 889.373
1003.270 747.575
1011.069 862.322
1103.220 686.434
945.794 788.700
934.935 891.656
1084.664 786.727
1020.158 684.164
1098.190 884.159
1119.486 804.886
1073.747 781.418
964.463 853.768
1063.880 855.583
926.019 754.027
1090.611 855.018
930.734 754.963
995.235 742.418
930.608 892.930
1064.972 711.101
941.673 712.372
1004.546 837.962
936.100 760.953
1071.963 785.529
1023.451 729.680
1041.809 852.342
1117.101 806.251
952.586 812.779
1066.244 898.331
992.032 850.415
1106.247 743.028
957.744 738.510
1061.933 842.051
1096.121 813.174
1125.371 780.797
988.965 855.221
1130.118 757.986
959.923 786.983
1076.316 878.889
1078.110 878.714
1003.958 799.030
1054.862 700.701
938.764 891.808
997.826 766.828
1103.923 828.876
1132.485 697.931
1024.607 723.691
1008.883 864.006
1122.147 707.532
1072.558 709.862
929.411 890.898
1044.228 784.413
1140.481 743.900
1093.243 718.116
1017.112 847.248
1120.864 872.941
992.799 880.685
995.498 838.622
1150.175 692.204
1033.341 767.202
1133.720 856.697
1123.501 820.035
1050.038 720.437
1031.299 805.617
943.851 910.449
924.287 700.930
1135.451 877.351
1094.572 795.769
1027.637 707.278
1024.607 782.839
1136.510 796.321
957.766 757.973
1054.983 790.055
995.927 748.187
954.674 785.947
1066.682 760.332
1095.957 864.133
993.306 709.153
1106.640 858.259
1052.346 824.573
977.548 907.975
985.510 730.138
1086.749 706.615
928.839 746.217
1107.953 884.980
1056.567 861.042
956.135 809.219
973.286 861.473
977.352 763.719
995.961 781.526
1077.935 757.938
1046.394 851.822
1117.616 807.534
942.458 862.319
1031.308 807.522
1084.975 702.293
1139.876 883.987
986.488 743.925
1005.541 740.688
1147.543 725.277
1139.623 855.007
1143.323 752.191
1031.604 866.039
1111.106 718.284
959.984 900.306
1128.477 741.761
1140.631 747.525
1115.542 779.539
931.269 840.764
1032.943 788.554
1057.682 810.648
1109.176 855.470
1021.574 742.938
1111.695 868.866
1069.017 902.317
1038.634 764.102
954.867 826.591
976.606 783.983
1063.337 776.917
1057.022 902.989
928.709 825.264
1122.116 790.025
1137.547 868.165
1015.229 778.698
949.658 845.643
1114.361 907.032
1140.303 725.831
1041.495 723.048
1037.018 722.388
990.158 790.177
1103.789 867.514
959.749 779.511
1066.887 813.262
1126.263 817.141
1034.224 767.477
1089.871 812.923
1116.007 719.609
1143.195 826.222
992.299 850.791
1051.475 813.469
1139.357 781.819
1030.458 738.181
1030.782 792.360
996.057 739.770
1021.745 763.280
1048.229 720.303
992.449 864.902
929.998 886.305
1049.352 770.269
955.734 888.190
1079.947 873.971
1003.811 886.142
1014.900 907.508
971.792 839.147
1057.847 856.924
930.903 726.050
987.422 766.861
1132.923 799.174
1130.335 821.918
1058.218 719.991
1080.364 854.170
1106.805 717.701
1121.110 717.904
1070.810 846.384
1122.620 821.667
1120.259 814.826
1145.706 715.115
1014.258 813.601
939.663 692.722
977.506 784.143
954.505 780.585
1126.402 851.578
1150.537 875.487
981.561 792.412
954.208 748.026
1089.301 818.794
977.279 741.331
994.882 847.981
1001.983 860.076
960.474 896.933
1010.145 824.741
983.252 830.565
1059.539 755.733
1125.675 715.121
1121.569 823.312
1008.599 900.305
1023.182 749.269
1149.176 739.197
938.934 707.882
954.682 796.097
985.375 823.640
1043.331 807.780
1079.701 867.562
1029.466 848.395
1084.571 845.169
1140.907 699.598
1067.386 859.378
1043.462 729.281
1126.778 742.477
990.437 713.823
984.667 696.467
958.886 887.581
1015.414 701.880
1119.343 753.510
1025.119 779.267
955.479 880.807
1019.725 899.005
1085.494 742.397
1097.257 897.975
1043.784 783.417
1052.420 685.645
1025.828 702.589
933.708 904.558
978.409 862.216
1124.407 847.351
1109.918 781.502
1127.186 895.004
1066.481 895.978
936.019 815.143
941.281 737.404
938.176 837.092
952.918 821.607
991.341 753.131
1074.089 760.870
927.221 886.941
1065.866 907.699
931.639 849.671
956.291 780.183
1123.954 862.381
1002.900 782.513
1104.110 739.659
950.468 755.987
964.681 891.676
1047.038 767.681
1002.837 869.874
964.816 891.728
1079.235 761.696
1070.069 818.790
1142.439 734.418
1087.852 696.731
994.346 839.651
976.329 697.544
1148.112 805.849
1042.968 689.833
1148.272 708.273
1010.201 809.222
972.096 707.263
1012.212 685.504
1101.556 767.689
970.252 812.231
1136.322 776.956
1003.606 716.138
932.141 876.774
1044.094 878.696
961.705 855.148
1131.127 816.133
968.825 798.546
978.336 692.093
977.180 797.339
1091.999 744.305
1060.206 759.728
1043.584 760.180
936.585 699.766
1150.522 810.644
1080.158 752.196
1055.872 869.731
1087.595 696.611
1048.172 801.985
955.359 805.206
1112.686 818.025
1136.680 853.146
961.121 815.397
1065.026 818.632
953.404 703.890
1114.868 703.095
945.978 846.759
976.485 769.830
1081.662 839.345
958.011 800.619
1064.465 767.386
977.888 783.393
999.264 902.935
967.024 775.278
1020.917 778.670
929.654 788.023
949.379 770.457
1134.476 777.349
1070.764 726.800
925.033 800.930
1089.538 753.353
1068.425 725.004
1140.424 823.874
463.080 1610.630
804.254 2235.216
2133.968 432.623
1667.281 323.896
1248.698 12.803
1690.147 2381.108
1171.600 2363.070
2277.745 160.419
2017.082 2465.834
1828.675 1841.496
1904.288 690.743
2460.308 687.467
2489.036 2439.212
2327.232 1449.754
407.154 657.392
2463.685 2041.884
941.157 67.700
2338.427 2347.745
711.276 132.098
2414.064 724.322
2384.314 1108.975
1436.308 2295.269
1859.611 7.607
57.229 1833.136
23.705 2328.691
344.659 1283.137
1592.287 2452.557
1195.941 316.139
1641.672 106.783
667.866 341.618
196.691 947.670
2314.034 1569.466
1831.724 97.545
411.311 1571.830
2051.091 1971.409
2464.347 661.038
2422.531 1297.173
60.356 1750.332
481.652 2486.780
1980.330 110.285
2174.793 2112.142
430.463 445.435
2480.287 152.673
1381.369 2143.753
2368.632 2319.432
8.587 2279.787
2464.506 2256.572
235.660 2146.360
1376.870 400.687
2092.565 247.131
114.466 1849.661
1399.999 2308.947
240.986 459.764
1091.681 240.031
2000.817 774.677
2130.283 97.876
2115.448 1756.733
1999.792 238.527
2378.012 639.250
2400.338 809.117
2092.982 79.826
409.451 2419.114
800.946 375.728
2043.858 1613.237
2179.849 988.258
2191.846 1957.029
2054.235 560.756
1671.826 458.660
214.919 1767.039
1447.006 2382.871
1884.063 12.779
1050.073 2487.518
252.393 1178.570
1977.831 610.908
1682.700 482.083
1640.680 2145.172
2464.990 2275.971
1646.582 401.058
428.300 623.628
289.879 2113.610
2382.754 745.835
1454.559 2082.493
1758.190 144.090
766.108 208.097
630.207 474.051
2496.046 1572.210
1576.315 282.708
1433.370 2155.417
1541.093 125.019
371.107 2083.301
2095.034 1680.315
1699.162 1961.795
1330.225 364.059
125.445 444.385
541.626 190.648
2386.570 2033.439
2475.536 1756.048
1829.930 194.332
2384.575 627.882
120.972 2148.042
1059.414 2290.776
1911.583 2244.243
2324.625 219.576
2406.095 690.782
875.886 2277.345
1358.839 2076.173
1988.179 1746.444
2180.640 132.783
33.171 756.592
2197.489 2443.720
104.284 753.176
672.632 30.617
623.553 195.002
991.032 208.022
1511.957 123.807
1510.252 2391.276
1758.961 453.133
2107.626 435.282
591.636 722.342
199.078 2074.664
1985.388 2089.622
47.447 862.235
2121.407 2292.317
1385.796 2112.614
104.141 2201.198
2380.557 91.158
1205.309 2429.278
2021.521 373.574
2422.895 1869.849
60.130 1354.274
1696.387 483.501
2057.573 1991.201
424.508 1763.136
2317.506 1357.611
368.146 2121.553
333.331 1372.194
1859.268 2101.372
2315.760 2444.492
1888.855 2068.028
678.540 129.051
1410.281 2267.233
386.183 1679.905
253.962 2208.084
1827.540 2322.120
401.128 49.054
953.331 267.020
2264.279 2219.169
236.007 996.021
1883.667 1920.388
373.795 1840.686
2412.266 898.432
113.713 1457.151
2217.529 47.500
1644.896 2361.139
1985.099 475.589
2285.337 2071.279
2460.565 2084.899
1745.494 164.130
1238.723 346.951
2277.786 2214.751
1018.783 2266.229
655.152 437.294
884.533 371.781
2314.853 289.025
2460.334 296.872
798.642 111.265
479.353 1668.612
2190.029 864.977
1954.417 498.820
2475.321 1088.170
2089.152 2423.575
2190.243 1873.579
2312.927 753.223
2425.343 1423.916
179.431 1965.968
118.297 302.458
494.811 2184.688
2267.249 666.225
1891.767 2049.266
1944.345 191.647
1768.973 218.496
2383.908 1553.296
527.468 1650.621
1992.067 86.452
2273.111 1044.730
2240.053 1848.100
2195.085 274.310
1489.955 2272.119
531.462 2464.086
1390.289 78.930
1928.767 298.501
2177.232 347.515
620.400 1996.702
628.978 571.079
187.401 73.413
292.586 2225.310
422.886 2322.611
1970.137 2211.327
763.492 215.861
142.169 2223.176
1231.678 2443.362
1945.951 2280.142
2009.051 1741.883
345.450 1955.975
2049.755 766.851
1652.403 360.154
470.698 1604.424
887.387 263.244
187.368 89.296
2419.992 1400.347
2479.827 997.769
376.539 1460.133
639.016 427.688
328.772 623.321
2073.915 1844.522
2057.537 2029.096
1865.555 2484.841
1159.995 2285.362
23.334 2419.985
1827.026 2401.936
845.509 2492.918
20.355 629.477
579.616 2000.977
405.509 2053.413
1374.860 2272.521
96.776 759.155
564.463 1802.682
1338.408 10.007
2466.896 133.353
2309.050 118.774
2215.095 141.157
846.877 2220.393
1761.753 2051.627
2260.422 1018.053
500.198 766.675
1786.628 2144.617
2334.484 1876.522
381.511 1419.971
2404.114 1509.491
298.156 1113.131
2444.090 125.805
1922.135 2024.004
826.311 2261.299
247.488 2472.071
2248.429 2324.493
1742.588 313.041
1942.907 2263.275
424.887 171.232
1771.153 500.924
276.441 1064.272
2357.321 678.868
2027.451 623.079
229.967 123.544
678.649 2260.494
811.511 14.979
332.490 2479.223
1840.196 484.949
591.365 574.301
1265.571 2174.010
391.651 966.589
1789.910 611.329
2333.903 1169.719
2008.275 1660.554
2380.257 1798.106
233.596 1476.450
150.430 280.480
2457.684 2036.881
202.739 27.108
472.110 559.634
1233.465 183.559
1851.251 31.775
1008.379 2171.087
257.040 1030.987
81.796 1084.089
126.439 1322.998
1440.565 385.970
1992.056 1837.269
2056.834 393.684
56.105 1871.756
2092.008 2046.479
2063.388 1962.495
979.336 2430.016
121.387 644.731
2200.379 446.195
2216.915 1565.552
128.147 2346.231
1625.734 17.490
1588.108 2354.858
236.761 991.653
2015.446 540.206
614.204 59.009
2213.691 207.164
968.612 6.271
1811.590 2228.881
1737.493 2373.697
179.974 1421.125
238.802 344.486
222.077 685.463
2136.068 347.010
1196.657 2198.984
2328.297 1807.625
130.668 195.690
173.355 581.627
469.777 464.472
2426.041 1607.752
2350.636 2188.648
2193.392 1068.024
385.744 2003.845
304.086 2072.871
1380.168 389.333
354.435 2404.814
203.703 2060.738
66.700 2058.387
1674.551 2353.244
2171.185 1457.530
1714.891 2173.509
309.772 1226.478
894.700 2160.808
2356.972 998.189
133.524 250.794
1425.450 247.621
72.092 1316.478
451.789 162.532
33.910 715.509
1380.594 2313.157
2121.378 825.788
1956.523 225.363
1952.811 652.102
1914.170 1827.717
1915.023 2044.845
2493.141 1821.303
525.153 2141.122
357.741 1918.694
1005.234 312.028
2202.152 371.353
2051.002 2056.868
2414.988 1197.968
280.042 24.280
2017.857 1997.846
2209.068 2065.798
2443.977 1818.146
400.707 2090.060
8.764 4.542
2094.322 69.907
1344.565 402.590
2328.383 1456.171
1976.642 321.594
1714.797 161.792
445.309 1885.993
172.894 1759.846
1359.934 2273.646
543.197 727.988
201.997 619.788
2293.813 2144.599
2423.429 785.849
767.883 2161.921
302.985 753.239
1166.431 2317.099
685.537 2298.310
292.248 1234.643
2345.893 2096.758
331.515 1125.598
906.976 328.296
157.978 1543.679
2380.315 987.947
643.409 117.747
1121.943 2477.617
2255.634 2498.704
2030.357 215.415
1783.233 410.492
372.445 104.846
289.553 1862.772
1150.119 2180.752
2069.403 562.085
370.837 767.528
1124.169 2267.739
187.037 2320.771
512.428 1990.810
1432.735 396.170
708.726 148.716
386.769 409.314
130.658 977.131
80.622 287.184
1840.708 2353.901
1548.658 231.202
2232.907 619.759
2455.230 2309.433
429.373 1667.003
2207.105 1620.837
1945.895 2300.330
2143.690 176.502
1763.216 2263.217
230.273 222.983
408.872 1018.070
1351.809 92.343
249.226 1624.570
2496.404 44.002
2389.570 1402.731
2090.884 238.090
2397.962 2143.356
507.380 446.821
773.901 2279.168
369.582 1926.222
2039.886 620.090
2314.550 799.604
1997.664 1753.334
2269.378 745.773
2185.005 1800.149
1357.365 370.384
465.621 1772.196
2046.496 2322.952
2182.278 686.999
22.535 472.059
916.617 2471.737
1651.500 2248.406
509.318 169.843
2018.707 617.177
636.419 1873.874
460.772 195.983
261.359 1849.246
1676.116 57.259
2137.983 151.927
359.921 1501.393
1976.523 525.929
2294.602 708.378
1481.244 2134.938
1747.644 25.830
926.331 317.865
228.197 602.561
2129.521 600.863
1096.421 10.803
2486.594 1301.830
646.619 2260.460
595.809 681.147
1415.681 370.417
58.830 935.339
2157.786 2138.863
73.892 1362.093
2132.392 2311.434
2397.544 1307.021
290.942 1740.190
720.754 336.522
2239.295 1246.185
2443.202 1758.004
66.823 177.225
1899.488 1948.177
0.623 1432.729
2420.226 1278.859
731.260 2231.319
2127.989 180.771
1628.030 2435.511
2186.918 374.236
1134.352 2411.653
41.021 75.936
1532.529 2106.542
1682.813 2228.229
534.519 388.357
361.918 1785.554
379.205 569.822
227.138 2224.290
2151.730 431.744
476.159 519.085
2112.602 1922.485
847.062 292.991
2488.593 801.152
2310.994 2222.694
691.581 2206.489
128.466 1930.927
1.195 1518.601
554.069 2317.335
1412.838 288.243
1523.793 2102.979
250.922 940.976
380.591 134.300
2158.335 674.526
1780.119 2325.146
39.352 1063.860
2078.305 2402.758
1792.553 264.707
2406.849 196.914
1608.829 158.133
2139.116 508.375
373.440 1109.356
2142.400 817.438
417.040 1780.761
318.380 2444.382
383.066 264.979
1176.483 2259.479
1300.158 2427.567
2126.702 140.581
638.895 1939.024
2283.635 345.326
2225.886 1840.174
1332.863 2425.086
2251.091 645.031
458.060 2309.829
2044.999 1870.439
2044.616 48.418
2481.864 1753.223
41.365 400.227
561.310 325.989
341.380 302.196
1126.493 159.795
795.072 370.007
2254.932 2100.398
220.429 1694.268
1551.971 2479.771
547.962 188.735
1803.620 506.735
2159.718 533.266
1585.846 421.047
2048.982 554.491
922.559 219.454
2452.172 887.871
1071.452 2313.541
98.053 565.508
1423.967 303.337
2068.519 2255.601
1418.073 2411.259
1785.912 302.247
1850.868 150.703
80.908 2466.379
1833.836 2111.219
156.532 2434.963
1754.296 2199.366
2049.166 68.258
1612.175 389.649
1791.100 226.678
1979.642 77.417
289.912 616.182
1309.330 2476.212
2188.181 1594.099
1588.060 2416.975
147.730 392.639
220.350 111.203
2003.207 373.329
617.536 97.546
2032.185 483.498
1957.714 18.779
2234.594 2382.287
912.714 2380.360
1699.528 1987.850
2171.853 551.317
188.890 1305.847
2177.067 841.866
2360.465 941.762
2319.851 291.533
2143.746 1541.673
521.234 582.331
1422.310 2217.567
293.979 764.846
156.304 2062.511
2117.669 235.295
2471.847 278.580
1770.577 357.461
654.223 2049.605
1948.320 14.020
2348.375 674.961
232.776 2445.354
2192.603 2361.547
1136.066 138.803
468.326 364.746
151.667 1598.905
2208.982 178.059
1552.235 2284.761
657.985 2216.634
363.691 641.807
518.005 1855.143
1958.718 790.990
555.779 408.296
2460.334 1087.015
263.867 1948.867
330.133 1840.929
483.041 152.853
1782.627 2399.027
173.029 1195.046
2284.494 1647.347
244.245 1449.020
280.626 1015.446
1523.085 2177.707
701.584 2032.004
1129.352 2277.804
2322.416 1890.048
2476.437 510.693
1605.366 2108.485
2368.057 186.442
2008.694 156.790
46.396 578.242
221.934 1732.614
1456.993 2223.520
2190.214 30.019
358.520 2261.370
503.614 57.836
1272.615 2458.589
1955.548 446.568
411.921 1708.179
307.151 1685.900
1167.114 2331.706
232.095 1277.285
25.454 369.604
629.571 1851.799
2011.798 280.441
222.993 1609.480
1196.215 63.581
610.636 270.106
2352.388 1774.478
276.829 704.412
2019.656 1976.716
436.495 1032.249
280.877 1883.452
942.453 2389.783
788.556 2093.025
1440.694 78.831
2282.181 235.388
1598.723 126.928
2115.460 1951.364
582.269 649.215
2022.863 2474.395
2211.652 255.725
1068.050 33.207
2241.919 510.288
2287.090 957.413
2287.832 2315.764
2377.535 1570.329
697.941 2205.906
2074.064 826.836
2463.352 276.279
47.241 532.960
2322.681 2149.077
2269.590 942.424
2323.773 1789.639
1274.390 330.172
2055.866 825.259
2201.590 71.220
2045.099 2163.317
181.660 1456.846
403.155 1014.067
458.458 836.156
810.803 365.496
1418.767 104.155
82.150 333.248
366.971 1801.580
2111.996 2397.915
266.101 2300.635
113.026 1519.096
136.418 667.218
1582.794 2463.743
2468.838 2068.500
2144.827 2128.509
1825.896 2492.345
1903.305 2256.649
1730.954 2383.976
239.371 2382.240
915.376 358.026
2209.610 2060.777
368.433 1763.068
682.209 2261.488
1841.036 658.778
2247.493 714.432
2292.787 2194.311
2247.235 1647.559
902.485 2485.275
2015.556 458.943
2205.283 1093.742
901.351 2427.649
2113.124 1712.609
494.869 1939.612
1587.485 2297.149
830.129 2292.096
2441.452 147.100
1110.823 87.460
893.308 314.031
2002.258 809.048
2147.543 55.717
745.137 2376.121
2187.817 1881.566
490.914 747.387
355.534 410.536
1976.731 1833.220
0.960 430.587
200.996 599.574
2430.487 1737.518
2390.157 1122.828
139.284 80.518
1217.860 2293.084
1438.469 2381.416
1898.269 145.525
972.456 2492.619
1694.615 2334.121
969.611 2297.117
1877.404 670.779
1672.125 2040.611
2181.528 474.450
399.276 830.586
62.378 1140.904
2387.601 207.158
408.071 1574.938
2001.371 1948.775
1983.988 2371.187
2325.752 632.538
1895.903 1907.276
198.392 2386.260
2276.604 962.043
2253.826 676.777
1767.205 2253.080
2387.356 297.696
1186.053 2342.612
1609.732 95.168
667.514 131.104
286.801 1395.803
2413.867 821.017
2419.367 1366.087
439.006 1546.309
1073.936 2325.699
196.183 1152.642
505.957 203.938
1888.828 646.506
1464.308 2180.130
2167.230 129.830
228.765 694.336
1061.875 180.099
1018.182 2404.242
869.966 2348.368
92.709 540.972
398.982 1596.410
2142.874 2358.296
391.930 1979.543
436.515 783.121
1794.845 2009.240
2022.657 834.921
2280.857 992.647
2250.980 1965.306
293.447 470.935
386.713 219.858
2156.556 207.034
279.500 2330.620
1197.871 314.084
2206.096 880.602
1930.514 1821.673
166.215 1347.635
118.537 1181.723
1941.735 332.748
1956.260 1894.519
1359.198 2434.552
260.948 1405.330
275.226 72.070
234.067 328.501
483.432 73.545
1986.742 2369.774
154.090 521.284
155.373 306.641
963.569 250.996
99.162 1284.476
1746.153 158.553
1201.456 96.977
145.393 2473.251
93.060 2047.927
1985.799 307.041
632.231 393.928
2016.790 436.778
2453.369 688.012
726.303 284.670
568.590 2241.909
165.006 671.286
342.758 1525.769
2128.953 664.450
2193.385 990.252
1199.301 2327.632
2427.917 40.205
237.505 1555.880
1666.305 379.877
1731.471 305.177
1079.315 341.736
390.752 866.451
253.556 247.571
163.128 2384.128
2288.239 365.700
319.279 771.963
1424.969 2081.660
1977.588 22.026
1890.229 2384.178
231.154 1438.284
2133.770 66.245
2187.777 1820.236
1867.069 2171.635
1323.621 6.782
2179.569 2085.036
349.743 281.006
14.297 1258.871
582.645 162.231
974.631 2462.824
2069.659 247.014
