1000 3
250.000 250.000
362.965 275.921
334.531 272.599
339.836 261.090
347.447 260.468
367.149 271.239
351.568 293.694
362.181 274.616
326.924 277.936
335.615 265.189
329.557 269.938
364.377 260.549
334.843 274.817
338.475 273.153
345.355 253.497
364.740 251.368
332.010 266.367
364.054 288.435
352.813 284.708
343.695 279.845
335.509 271.971
328.672 257.266
332.460 283.772
336.076 264.623
327.281 276.910
362.792 259.307
330.018 275.381
345.423 250.184
367.839 280.284
328.243 248.987
328.922 250.957
344.759 253.244
343.893 262.525
326.786 269.997
354.197 273.642
361.414 290.298
361.502 261.927
350.849 280.407
355.506 281.038
369.136 258.423
350.905 252.712
367.645 261.282
360.378 284.070
334.243 292.685
363.273 280.201
342.351 274.681
350.271 292.280
327.283 284.818
361.021 249.618
330.659 267.222
349.929 284.377
334.530 280.061
370.066 253.869
330.551 286.644
361.387 252.911
334.324 257.226
335.290 278.651
329.648 250.989
333.080 290.570
332.645 257.640
332.357 262.909
345.267 269.207
363.094 275.292
338.602 266.404
359.347 268.002
342.530 293.461
350.744 269.676
337.303 282.863
340.066 293.246
340.173 280.857
326.098 273.082
348.886 288.453
328.995 272.503
361.446 283.196
342.638 288.157
327.662 263.196
341.322 252.218
362.088 268.703
360.241 254.997
335.295 257.145
357.350 262.704
351.698 280.279
325.859 268.885
364.821 276.669
339.715 251.629
364.669 266.152
342.862 258.644
359.831 277.611
348.376 264.137
356.104 286.714
333.321 251.773
337.779 290.590
334.313 255.308
338.519 249.313
334.749 262.135
367.742 278.913
361.264 285.558
362.305 261.451
346.346 288.856
327.554 256.164
343.967 290.602
358.659 265.349
334.484 257.984
330.089 251.241
350.395 264.983
330.954 256.476
347.158 257.818
356.036 288.043
346.855 266.099
346.729 278.232
366.287 279.313
350.416 255.307
353.335 288.564
343.542 287.481
341.384 273.014
338.657 283.705
355.214 260.552
363.416 281.604
329.973 278.099
331.875 268.297
343.154 252.086
350.242 273.239
364.594 266.634
369.239 255.878
352.406 282.917
342.856 269.151
368.408 279.252
336.402 255.309
369.926 262.867
369.664 252.138
367.864 280.775
350.414 255.427
331.555 251.298
341.101 259.380
329.684 276.005
327.881 252.160
325.284 276.279
329.260 286.652
360.252 264.073
358.966 285.809
369.231 253.942
351.567 276.689
327.571 287.897
358.775 291.353
357.109 251.500
368.924 288.286
368.188 257.768
352.496 252.643
327.524 288.209
332.714 273.101
360.876 259.354
370.316 280.199
351.403 292.272
354.498 282.319
329.508 252.599
366.523 287.600
348.890 262.972
336.587 268.054
326.812 266.833
357.774 289.751
335.276 250.443
368.220 267.105
341.285 282.503
354.257 286.811
369.934 291.158
345.209 280.422
355.622 250.658
341.760 279.804
358.893 254.842
361.403 258.730
334.144 265.458
335.850 293.311
359.047 274.917
369.084 274.643
369.817 272.014
362.978 256.548
366.843 258.590
357.385 293.528
363.706 260.338
359.853 291.772
327.037 290.598
336.240 257.911
334.355 293.576
344.691 249.511
356.158 264.072
360.372 278.657
359.108 267.909
329.376 292.970
349.813 289.264
358.316 268.472
343.880 293.687
340.738 285.120
364.582 280.752
336.118 269.155
326.895 273.221
355.458 278.072
365.616 249.367
364.594 291.775
327.696 289.662
332.867 254.419
337.909 272.841
350.423 286.505
358.351 255.590
370.081 288.335
352.660 275.589
355.402 257.060
357.207 262.455
352.886 284.188
343.686 286.619
344.984 254.732
352.213 264.728
339.688 280.080
356.065 287.474
327.513 277.846
366.876 293.038
348.021 274.628
325.580 268.593
331.835 281.655
328.735 260.094
327.532 250.050
363.366 250.291
347.211 257.332
364.313 250.128
222.619 328.786
221.110 359.016
251.539 353.079
218.198 360.304
236.494 356.598
218.585 368.160
239.704 362.408
211.446 338.883
242.843 348.064
217.166 333.464
212.792 334.327
216.289 365.439
231.375 331.659
248.923 365.008
211.285 367.606
247.868 331.688
225.802 336.645
226.813 358.017
231.976 336.607
241.020 369.250
229.839 349.917
229.708 363.872
234.663 356.874
242.854 338.431
223.139 338.868
209.748 370.413
242.135 342.444
246.930 366.586
245.147 361.795
243.065 361.816
249.929 330.826
239.116 357.217
250.927 369.734
235.879 359.656
241.321 364.606
217.156 331.514
251.556 333.242
208.163 328.745
247.515 355.593
212.390 333.465
234.430 336.499
208.521 362.789
235.270 339.816
218.195 348.275
229.024 341.373
235.126 330.102
229.416 330.560
251.877 333.048
211.314 357.520
227.461 360.253
210.949 331.863
214.530 360.954
213.934 339.837
211.900 354.595
248.654 365.810
250.974 352.571
249.805 327.653
238.467 343.883
214.947 341.306
225.002 326.848
234.433 365.981
216.642 353.670
211.789 353.168
244.179 351.404
251.798 364.688
225.035 329.509
217.128 329.165
244.375 368.410
247.605 346.389
213.131 328.974
226.779 358.026
250.686 352.418
250.948 349.085
213.706 336.030
224.383 349.742
247.619 366.064
250.646 333.291
219.657 355.847
226.520 358.674
245.695 340.285
216.494 336.934
222.610 357.648
228.179 331.292
220.795 336.593
247.144 333.714
221.093 347.416
228.820 359.376
219.147 370.333
224.520 360.153
221.873 347.641
210.646 351.885
234.757 344.020
243.980 350.861
223.468 335.586
224.410 339.691
233.625 325.940
241.164 369.650
217.410 329.609
221.520 354.147
235.623 359.888
221.250 329.534
225.755 339.920
240.039 355.361
252.624 337.292
235.066 325.451
248.074 370.405
213.602 367.294
232.969 329.912
213.285 360.274
226.039 339.432
212.525 362.828
228.958 362.366
221.321 333.464
218.721 346.174
217.786 341.953
217.133 353.343
217.898 337.576
214.473 354.874
236.499 330.867
210.311 348.489
226.755 370.414
220.614 362.955
228.822 330.738
220.882 360.638
233.986 330.352
241.266 362.641
246.153 336.217
214.090 333.394
218.651 361.538
210.663 340.425
214.639 340.288
241.698 368.234
222.228 364.405
247.340 328.328
216.039 352.522
235.733 346.608
249.536 360.111
239.204 355.704
221.039 367.934
219.626 345.252
211.149 351.573
222.960 334.623
215.507 355.801
216.700 352.106
230.152 370.609
252.834 359.485
235.465 334.845
251.260 353.497
240.698 326.860
232.761 327.038
231.411 335.646
216.257 354.447
243.866 354.242
215.603 355.207
248.379 363.583
241.760 329.321
249.282 353.909
227.744 356.595
237.892 326.032
248.746 340.387
233.658 347.399
239.361 345.368
231.479 364.255
247.018 342.210
220.979 352.300
223.527 339.238
224.570 332.806
235.753 370.280
228.146 340.600
242.504 345.343
228.340 351.070
245.544 326.462
242.675 326.644
249.681 361.620
247.266 363.569
236.740 359.007
213.688 351.196
207.960 339.178
241.255 361.585
226.858 354.041
223.260 329.063
224.251 346.646
215.258 353.884
230.114 351.738
250.826 370.662
225.949 368.871
234.069 342.365
213.244 352.363
231.415 348.622
240.296 350.490
229.182 361.345
240.373 355.675
229.490 343.621
211.586 338.448
213.100 362.878
249.879 363.523
218.103 331.246
232.345 349.710
231.383 361.104
214.427 339.209
223.666 351.889
252.097 343.782
211.726 358.733
217.779 369.405
244.048 352.203
215.612 336.392
210.509 361.685
217.827 343.393
218.780 360.930
226.714 352.373
249.716 336.376
251.424 338.674
234.743 342.842
219.759 326.873
242.808 364.078
217.081 361.712
251.549 356.052
251.269 362.988
247.602 345.729
238.518 368.713
232.178 355.431
244.465 347.710
212.931 355.679
209.162 355.258
246.200 367.246
229.246 349.277
244.669 338.982
237.479 359.130
238.344 345.160
231.668 349.908
211.973 331.099
234.365 351.861
214.572 328.288
250.603 365.758
210.071 360.410
211.031 356.301
224.145 333.603
241.149 351.053
243.307 355.302
240.634 360.658
238.418 357.338
238.328 356.435
208.683 344.082
236.223 328.821
227.723 366.764
213.772 346.398
252.966 360.396
243.253 327.923
252.561 361.010
228.378 362.995
218.034 337.266
246.579 365.788
215.049 353.341
220.214 352.066
231.109 336.016
172.583 218.682
145.516 223.291
160.357 217.078
133.504 222.303
132.026 254.306
160.927 237.807
142.800 220.948
152.549 240.819
158.107 251.658
134.136 226.376
150.647 222.896
156.721 224.815
156.539 243.260
165.664 225.172
173.591 231.225
147.614 229.889
132.737 250.870
149.591 248.884
171.962 238.715
139.305 253.654
169.293 242.574
142.885 213.222
164.788 211.665
163.524 212.612
153.672 212.915
162.325 235.862
146.567 237.668
168.903 254.785
146.315 229.206
171.827 230.086
128.672 237.512
152.590 240.528
140.285 234.380
142.373 230.392
145.451 226.586
134.339 222.158
149.238 249.807
172.277 236.736
164.128 250.046
154.873 238.964
167.112 248.957
164.864 223.499
172.794 239.280
144.649 254.068
167.615 239.630
149.614 221.253
160.364 216.980
139.920 247.605
163.958 212.134
152.089 234.316
131.291 214.758
149.582 239.088
133.064 245.922
162.014 224.005
165.473 225.770
139.910 252.097
166.372 223.954
171.942 224.029
146.085 229.734
130.882 235.374
173.166 249.778
139.324 220.959
161.331 235.075
135.019 220.326
132.598 238.111
152.671 212.660
147.504 236.961
128.706 236.526
163.727 211.266
151.463 232.672
137.685 249.268
166.363 242.569
142.146 234.073
166.185 219.921
131.920 255.314
155.227 243.067
169.287 214.849
135.379 222.293
155.330 232.512
173.331 255.968
135.499 226.895
140.902 241.430
136.138 232.302
159.673 214.294
145.717 252.488
161.269 230.217
166.102 249.829
170.005 238.347
150.012 222.269
134.034 227.341
153.712 220.743
167.962 255.943
171.737 228.609
140.148 253.498
129.956 214.154
130.277 224.852
173.513 239.378
130.117 254.546
131.138 216.071
168.243 226.432
130.087 238.300
131.443 238.439
150.800 220.519
158.832 215.565
145.509 255.156
171.271 231.182
137.665 220.359
146.900 243.299
158.209 224.193
153.572 228.982
133.780 226.270
163.342 216.567
155.161 222.283
170.520 243.631
128.662 234.862
141.542 251.276
140.063 248.559
144.717 240.921
158.792 231.761
159.942 211.315
145.573 232.851
160.472 212.601
154.698 245.068
165.991 239.391
143.179 227.623
164.753 238.234
158.312 237.877
162.908 241.536
155.133 218.168
168.370 237.797
153.347 253.449
172.039 230.341
156.540 228.595
136.535 242.367
149.324 234.346
162.146 212.058
147.859 227.765
135.336 247.282
159.372 250.833
148.869 255.960
151.053 255.273
161.034 228.256
136.235 237.918
150.757 233.794
135.578 246.028
132.838 253.657
171.435 251.764
142.150 230.621
158.925 220.060
167.442 233.773
142.927 221.863
170.527 224.596
172.195 254.344
154.019 254.495
139.484 250.975
164.407 223.617
134.721 247.059
173.623 229.481
160.630 212.174
167.881 237.519
146.592 215.933
171.395 247.694
131.752 237.062
172.985 251.387
172.111 236.473
131.081 253.222
163.918 245.824
163.885 240.970
170.570 248.944
135.692 220.555
150.343 222.543
169.550 251.685
158.944 247.207
145.929 229.577
137.046 230.928
159.614 248.905
146.195 254.488
154.844 247.338
138.215 252.108
165.546 223.857
136.155 253.201
145.871 213.663
156.312 229.690
171.499 220.258
146.275 213.626
149.768 232.803
159.194 250.650
172.668 232.720
151.450 220.690
155.638 251.622
160.812 248.631
138.241 231.252
167.305 216.264
129.437 227.035
168.826 225.734
135.313 254.522
170.942 233.316
150.559 252.911
146.794 240.956
139.104 244.733
155.516 242.978
153.211 225.440
164.536 245.381
139.440 223.117
155.969 241.113
158.792 224.101
137.447 241.652
161.922 219.722
134.976 242.384
155.636 237.804
174.018 223.404
166.168 251.583
156.724 215.361
164.277 232.297
171.870 225.864
141.696 247.275
167.177 254.465
173.424 227.987
151.334 230.745
141.016 248.784
162.898 218.342
141.503 213.307
142.188 239.452
166.358 253.196
173.477 213.450
130.994 238.708
145.395 232.812
133.827 252.864
140.777 238.669
249.305 143.590
288.686 158.387
288.170 149.731
290.328 167.386
265.651 143.849
286.071 153.608
252.673 153.678
252.585 150.068
266.634 152.812
290.733 137.895
255.879 147.275
277.543 132.834
267.685 161.486
256.701 129.296
277.978 167.476
285.082 142.686
258.383 171.232
274.371 132.643
246.701 167.348
280.137 158.843
247.725 162.005
265.518 132.043
251.431 157.779
269.025 155.382
276.838 154.663
271.375 164.709
253.375 146.859
277.007 158.415
255.359 169.442
282.124 157.422
273.755 134.831
278.176 170.282
256.602 140.356
284.557 145.298
283.515 163.816
278.364 154.407
246.483 154.645
290.441 151.543
254.532 165.563
290.186 133.427
258.326 133.938
285.314 132.270
262.247 163.631
274.637 134.038
291.172 169.990
280.024 158.556
279.299 164.374
271.819 160.809
252.159 146.758
287.145 162.781
260.362 149.757
282.317 130.336
275.359 146.977
246.999 148.596
291.099 148.822
277.713 164.539
270.930 169.125
256.435 151.300
251.032 138.156
259.131 162.542
252.738 138.314
257.819 132.116
273.404 162.528
258.703 147.804
280.053 163.554
258.409 162.953
289.277 143.728
290.409 158.841
275.152 168.754
270.902 131.582
270.882 173.502
247.949 167.594
276.621 142.517
246.183 139.355
249.560 141.210
286.470 149.639
251.438 143.506
271.917 160.808
288.143 145.569
278.770 145.751
249.953 130.083
256.500 139.153
255.905 130.765
264.605 168.046
258.633 141.232
261.416 154.075
279.239 169.073
285.477 172.119
271.287 157.406
274.040 157.136
268.020 158.817
254.579 136.296
283.121 140.056
277.965 152.332
277.090 141.600
260.456 144.705
267.740 143.688
246.172 168.967
283.237 129.179
275.080 140.647
262.223 144.144
272.848 147.226
284.504 152.783
250.816 169.443
273.385 173.540
286.261 173.066
259.048 141.965
251.902 149.087
247.745 136.833
257.243 171.548
247.196 147.417
277.818 131.630
252.671 156.910
246.026 144.184
247.938 131.655
251.763 149.014
279.004 140.505
247.354 143.200
270.125 145.892
268.161 144.858
287.505 152.084
271.501 171.499
270.704 161.433
263.174 172.392
271.206 161.535
282.228 137.831
248.870 137.714
289.852 166.047
258.184 158.873
274.484 173.423
258.661 152.836
259.254 160.296
263.712 132.636
259.650 154.132
267.002 150.909
277.852 152.599
253.047 129.388
266.980 155.042
278.242 148.457
274.128 168.097
251.228 160.992
258.667 168.570
290.626 136.879
268.326 131.109
268.866 168.884
287.464 169.281
254.291 171.101
270.637 153.205
268.351 167.264
278.238 153.340
269.536 161.410
290.395 158.909
266.837 137.971
264.235 172.681
253.379 156.902
275.450 135.149
281.073 171.256
258.304 134.982
279.521 144.143
271.798 135.017
285.397 147.932
249.299 165.261
280.265 173.888
283.875 142.589
276.284 159.374
259.926 167.481
275.742 143.898
282.909 149.505
252.461 165.451
259.849 134.492
275.673 157.196
274.024 130.026
259.485 170.275
282.811 142.477
274.295 137.303
249.728 169.358
289.508 136.747
49.735 485.542
469.726 140.626
23.410 131.240
468.402 442.572
53.926 208.109
59.385 82.473
61.637 284.713
80.535 13.893
488.656 80.109
230.619 45.716
408.557 2.240
348.467 47.189
28.318 188.439
183.515 12.169
121.913 64.864
126.499 44.659
274.487 435.926
200.058 69.090
342.218 462.436
474.683 37.411
247.897 39.423
51.756 94.598
420.934 210.261
432.762 31.757
55.309 207.788
453.837 74.067
480.506 126.428
89.542 449.454
154.849 91.803
317.860 65.423
479.984 349.191
4.728 332.841
470.761 467.707
463.592 369.818
132.610 372.898
63.509 156.824
55.325 372.640
395.976 24.127
36.551 265.270
154.069 51.052
95.825 49.903
489.390 278.352
205.589 64.635
60.014 449.958
319.134 72.354
204.220 489.932
9.144 442.937
98.677 421.197
481.446 296.900
457.779 228.482
15.476 292.341
85.686 431.135
441.287 203.958
63.271 92.349
408.580 154.100
56.315 364.582
124.922 24.201
45.533 258.703
5.505 498.587
334.581 456.166
473.041 362.896
177.838 70.534
418.006 485.691
478.109 120.256
107.725 333.567
483.937 290.832
61.466 468.699
362.987 121.828
143.183 46.790
10.654 434.660
377.543 2.139
417.077 137.843
95.319 403.692
62.290 340.942
101.648 74.551
225.317 66.488
170.268 77.054
386.107 0.252
98.875 133.185
82.089 158.317
365.400 377.919
335.061 15.010
64.481 191.296
108.570 101.802
286.439 448.088
58.007 485.507
439.399 483.582
94.631 155.465
71.759 318.094
397.641 448.506
362.753 0.560
10.173 460.139
384.473 483.327
346.818 48.408
201.751 78.165
458.581 463.886
369.912 57.554
29.934 310.737
158.921 455.965
71.818 141.025
188.411 4.681
193.195 77.018
402.313 492.025
470.817 487.404
98.813 494.031
369.990 110.507
342.359 42.523
54.411 327.031
433.603 308.574
422.734 29.383
468.781 420.367
336.517 419.564
390.367 108.681
454.098 294.236
385.254 90.748
23.127 261.000
