500 3
125.000 125.000
168.223 122.071
163.819 127.367
173.035 130.012
182.241 119.412
164.935 119.852
183.662 118.061
172.842 117.263
166.829 126.038
166.044 117.981
168.107 125.513
166.665 129.235
168.486 124.916
167.423 117.326
168.809 116.546
164.335 126.748
178.095 117.104
169.763 131.073
173.928 133.968
180.179 135.830
172.592 118.501
181.924 129.545
171.210 117.491
170.647 128.740
177.985 131.608
182.153 117.469
166.727 121.507
184.043 114.763
178.311 131.081
185.509 118.500
164.816 127.750
164.617 123.892
172.480 126.604
173.757 114.968
168.554 120.070
178.703 124.480
184.865 115.983
176.654 121.951
179.840 125.736
171.406 133.303
181.389 114.141
168.227 127.268
184.202 117.922
181.496 132.880
182.694 130.271
173.814 129.352
175.884 130.931
177.164 133.868
178.887 127.542
182.497 115.410
167.867 122.377
165.941 127.581
164.807 131.346
181.646 135.538
176.195 134.489
181.846 135.628
173.460 131.432
175.360 126.885
165.877 115.824
170.360 126.809
179.676 119.730
180.647 135.419
169.318 125.540
177.169 116.107
164.520 115.113
173.519 133.651
177.673 122.636
176.265 131.935
176.145 127.169
172.673 115.940
169.298 118.825
171.962 126.051
175.141 116.940
168.272 117.671
174.313 127.353
177.390 123.162
168.938 116.650
185.557 117.172
185.691 129.142
182.037 119.053
165.758 126.811
168.169 116.997
164.388 123.975
184.241 135.900
182.148 133.315
166.214 131.713
169.074 131.247
165.068 115.311
170.077 118.850
178.454 126.344
169.841 119.757
170.997 122.496
175.157 127.221
182.469 136.298
165.126 117.453
182.178 113.975
163.945 124.408
163.678 125.663
180.156 129.072
185.756 126.135
169.734 122.908
171.886 129.947
186.289 133.815
167.911 124.745
164.636 134.795
185.227 120.272
174.955 115.351
171.714 127.403
168.931 132.544
164.204 119.669
173.894 125.036
178.698 121.552
170.110 135.175
168.555 127.742
185.686 131.656
178.545 119.499
177.667 115.322
182.328 116.663
183.643 115.140
167.246 124.503
182.294 123.584
165.748 133.495
167.177 123.629
180.324 126.829
173.065 132.034
180.415 127.364
182.859 133.133
165.509 128.671
177.781 133.625
163.751 119.630
165.414 127.689
184.478 127.602
163.998 127.398
167.676 126.000
164.833 116.147
169.930 131.877
183.519 122.256
182.354 129.525
170.995 123.136
172.089 133.190
169.165 135.589
166.718 131.860
168.519 136.123
166.068 119.158
169.448 128.258
181.972 129.431
178.026 127.982
169.650 129.780
183.096 129.121
167.815 126.404
170.208 124.263
176.394 129.502
171.547 126.796
185.670 130.567
183.336 134.581
180.515 115.613
179.581 131.505
170.215 130.599
178.427 128.329
179.838 135.236
183.540 127.589
180.969 130.259
178.348 120.302
179.537 124.599
173.519 131.771
173.955 131.301
175.177 115.983
85.022 174.159
92.200 175.158
104.222 158.686
87.444 174.312
91.157 155.458
86.485 169.957
88.897 163.752
92.378 170.118
100.405 170.945
101.591 173.639
100.834 175.607
99.825 167.289
85.128 162.948
96.504 156.092
96.632 168.020
100.312 160.778
92.838 173.021
101.404 154.798
89.112 154.103
84.983 164.593
100.629 157.722
98.376 160.255
94.694 160.817
92.048 171.764
83.806 167.450
88.922 161.998
102.713 162.003
95.040 170.248
91.100 160.341
83.946 171.112
90.849 155.813
95.984 175.243
87.912 170.639
86.661 174.925
96.400 170.361
88.128 170.620
104.743 158.004
97.263 162.306
96.914 173.085
89.850 158.604
94.518 167.610
91.454 165.856
98.763 161.808
96.877 165.694
89.920 166.705
90.411 168.823
96.224 154.845
104.671 167.609
104.867 164.633
105.290 159.103
85.226 165.768
91.274 168.068
99.670 167.601
101.279 172.139
89.507 154.816
97.182 158.412
91.173 156.558
86.775 164.958
83.723 174.964
87.379 156.564
90.769 161.366
95.206 156.072
93.825 173.440
85.765 160.589
96.402 166.002
101.466 164.744
102.832 172.276
90.786 154.581
105.455 157.431
88.036 155.207
106.030 172.990
85.517 161.965
105.098 170.527
88.834 162.903
94.364 156.819
91.671 162.341
91.464 170.016
98.453 174.498
88.689 159.147
92.247 164.620
101.480 157.974
94.706 156.751
102.959 154.110
89.132 168.501
89.346 165.876
101.949 171.159
96.998 159.053
103.804 164.494
102.132 171.524
98.648 171.088
92.911 157.166
103.124 160.266
106.149 174.305
97.461 168.845
95.648 154.602
87.884 158.278
96.133 173.256
94.923 159.156
90.210 170.275
94.533 173.509
104.359 154.641
94.360 156.202
103.160 161.789
102.374 164.155
102.712 160.153
86.461 171.697
97.735 170.939
98.489 158.119
91.312 166.042
91.871 164.904
96.035 176.142
87.768 170.982
94.511 160.634
101.736 160.238
89.080 164.512
98.910 160.850
101.597 173.051
105.890 160.208
85.119 161.503
86.814 156.509
88.016 169.281
97.441 170.129
89.847 157.918
98.759 167.848
87.718 170.848
85.480 168.421
84.157 162.207
99.651 163.799
97.936 166.435
103.691 169.419
89.716 168.779
100.291 83.249
90.145 95.559
80.684 81.188
83.800 80.770
100.787 94.353
86.953 93.083
97.609 85.424
87.902 96.595
83.936 87.602
90.476 90.024
99.070 87.737
89.335 76.557
81.577 93.355
100.797 97.224
101.813 82.322
99.343 85.727
96.925 96.465
83.497 79.476
95.261 89.691
94.408 98.079
100.822 76.754
101.666 90.670
94.587 85.394
95.483 92.611
87.962 86.141
85.990 85.792
92.492 97.216
87.053 83.331
87.826 94.410
82.286 80.088
101.138 84.253
84.943 80.791
93.732 87.154
95.898 84.677
86.669 78.039
94.287 95.611
99.540 87.940
98.943 96.141
88.094 85.975
98.347 92.817
94.035 78.626
100.145 90.863
91.310 88.527
81.641 95.161
87.569 93.681
97.451 91.231
100.667 82.696
92.700 92.985
93.339 92.977
99.239 84.569
93.188 94.408
102.616 82.172
87.055 80.292
93.322 87.191
84.397 85.536
81.715 86.866
98.121 77.847
86.367 96.247
98.193 76.913
89.937 88.762
93.317 91.766
81.328 93.186
86.327 76.530
101.581 87.120
95.080 95.951
95.666 95.618
101.598 86.117
86.519 84.466
84.226 77.447
97.677 82.666
84.711 80.897
98.733 87.879
95.141 94.751
93.442 87.504
90.032 80.952
87.018 92.079
91.586 93.440
98.047 80.001
98.056 86.540
94.107 76.375
85.300 88.617
102.789 95.631
90.385 96.058
95.908 81.238
96.710 78.371
101.366 82.217
91.178 92.520
97.600 77.017
89.485 91.733
95.861 78.249
100.797 87.994
89.821 81.002
96.267 98.530
103.131 98.656
98.240 95.237
92.629 76.830
86.392 92.172
100.687 76.695
84.656 81.780
90.965 87.531
89.114 77.904
101.859 91.234
85.441 81.536
101.019 87.079
85.494 90.638
88.293 80.660
98.773 89.581
90.084 96.325
103.064 79.098
88.530 93.018
94.435 79.013
100.372 80.840
91.567 86.485
91.034 85.723
101.593 88.660
96.605 82.254
81.042 90.920
101.223 87.091
81.425 86.582
90.299 89.299
94.014 78.659
95.383 80.239
100.758 87.452
91.037 92.287
81.685 83.391
100.668 96.250
88.478 91.823
85.433 97.069
100.790 94.936
84.455 87.734
85.164 76.956
84.290 91.471
91.645 82.846
85.924 78.786
96.185 77.377
100.396 86.643
89.319 82.384
29.563 168.091
227.597 237.527
102.951 242.183
26.587 167.320
149.695 40.008
186.882 23.229
68.991 232.876
183.328 14.382
238.763 35.008
214.423 162.185
240.651 17.707
14.826 69.733
11.812 111.635
16.151 201.871
100.249 0.784
206.052 202.265
42.978 186.864
36.282 212.964
99.517 0.832
181.442 185.540
27.987 80.504
217.570 177.248
38.209 220.073
160.331 6.657
26.772 174.853
138.587 233.150
189.500 64.105
5.879 225.373
231.892 131.124
224.388 136.520
209.299 165.576
217.153 87.981
196.321 65.453
235.509 17.472
218.363 224.145
119.097 211.791
16.740 96.811
210.229 87.787
113.422 29.775
52.815 64.704
226.366 44.589
243.337 17.772
170.856 38.158
114.953 207.399
170.610 216.179
152.282 17.677
7.041 134.096
25.391 227.357
245.742 56.366
195.444 238.780
9.522 112.891
17.761 222.754
26.641 77.871
226.278 93.422
192.481 51.930
197.330 239.992
75.536 227.615
56.001 46.708
20.250 205.435
116.644 211.490
232.156 14.923
136.469 214.746
242.403 124.335
9.541 119.245
191.529 48.525
