500 2
125.000 125.000
167.303 135.159
165.412 123.833
175.172 131.114
172.562 130.215
178.406 130.455
183.939 126.534
176.871 121.010
170.486 123.192
173.492 136.647
176.653 126.181
173.827 130.315
168.474 117.456
184.059 127.555
169.209 129.024
164.198 121.969
174.055 131.902
185.863 130.118
180.707 131.680
177.429 121.792
177.802 134.759
185.195 132.977
181.361 132.311
165.791 120.336
178.611 119.583
179.146 127.460
164.016 134.925
172.904 128.778
173.347 131.623
176.629 125.788
167.291 118.103
175.839 119.037
174.325 116.322
170.925 138.138
181.168 134.128
175.233 125.009
171.709 122.855
171.888 123.905
174.377 134.084
165.089 118.681
170.257 119.535
183.156 123.451
174.179 122.473
175.794 132.738
172.906 125.125
181.656 120.285
167.152 132.084
183.838 133.339
176.252 130.272
184.213 127.762
164.055 132.617
169.903 137.207
170.788 133.064
179.355 137.514
167.838 130.871
172.840 117.966
173.794 131.623
175.405 123.546
163.877 119.993
174.943 133.053
167.787 136.364
177.770 135.342
179.020 128.690
173.092 124.170
174.405 122.740
184.451 136.144
163.798 117.761
176.308 120.746
171.265 116.400
171.231 126.997
173.277 118.843
178.951 127.335
180.481 135.153
172.165 126.497
176.400 118.843
178.643 115.962
178.327 123.239
170.867 136.784
181.613 132.999
178.420 125.546
179.927 120.776
180.625 131.035
173.276 126.765
183.319 128.411
169.914 132.538
185.229 134.693
175.112 135.666
169.458 137.638
171.481 132.591
180.277 122.505
183.933 126.590
175.126 126.792
178.923 119.200
181.142 120.865
171.186 129.916
174.327 122.184
163.793 126.302
170.073 135.451
170.832 131.953
177.077 121.448
173.643 137.833
179.418 130.863
179.781 116.325
170.164 131.179
171.936 127.534
184.811 131.588
167.244 134.913
178.144 124.627
170.734 122.324
177.791 135.286
171.849 124.216
179.913 131.108
182.102 127.283
168.897 117.327
186.025 116.131
164.869 134.782
173.883 135.510
170.892 119.383
183.468 118.495
165.358 121.939
185.185 136.383
178.628 129.329
176.516 120.796
119.675 174.391
127.460 184.201
121.856 171.168
132.934 165.748
129.872 184.315
138.735 180.552
119.376 168.406
122.673 180.755
128.025 170.163
135.977 164.839
134.584 168.090
130.805 163.479
134.259 168.948
134.831 169.935
138.590 184.627
136.928 185.386
130.516 184.225
135.389 170.025
119.615 170.926
132.090 173.780
126.001 168.977
121.228 181.989
129.808 179.232
123.053 172.075
130.021 172.553
119.540 175.667
137.186 178.623
138.878 177.054
120.624 178.583
131.329 177.791
139.252 175.736
137.452 174.169
136.450 166.455
123.720 168.866
123.039 166.403
123.766 180.067
141.325 181.746
126.951 175.385
123.499 184.673
123.826 175.782
122.441 165.349
128.817 179.987
135.369 183.414
120.860 164.408
119.434 176.134
138.593 173.576
122.196 166.010
139.563 179.927
140.829 178.370
140.666 173.281
133.002 186.038
133.965 185.477
129.991 165.481
130.762 167.988
139.729 183.628
125.584 164.902
119.330 175.126
134.279 177.678
124.479 173.820
119.204 179.540
135.079 175.858
138.274 180.366
121.970 180.322
121.460 182.928
133.426 165.359
120.762 177.840
131.604 182.369
131.353 168.804
131.869 171.659
137.144 168.641
137.383 185.736
132.083 165.321
138.242 169.000
136.567 164.647
135.764 174.245
133.306 178.454
119.733 182.714
122.679 172.649
134.178 166.463
124.526 183.236
137.381 174.709
140.379 166.556
133.758 163.493
138.705 177.221
132.465 174.527
121.287 170.982
138.685 185.805
136.934 166.523
141.540 179.064
140.856 173.708
138.235 165.851
140.836 178.883
119.808 177.033
139.331 179.671
139.108 167.808
123.125 179.421
134.435 181.162
121.682 165.176
140.055 180.477
135.565 176.862
121.629 167.958
125.926 185.924
130.541 178.071
136.145 182.018
140.210 181.754
139.532 172.574
129.036 171.592
130.763 164.850
139.575 175.852
119.232 172.938
122.672 176.977
122.983 176.432
127.601 174.962
123.164 183.554
125.904 169.036
123.947 174.914
136.441 163.474
139.803 165.165
125.157 174.833
136.099 164.807
127.206 166.616
137.853 165.742
67.821 124.108
73.326 134.062
86.645 131.429
82.691 135.460
64.682 134.880
86.917 132.196
71.576 143.899
69.731 124.982
84.323 131.644
70.640 122.977
65.670 136.314
71.555 142.157
82.759 138.496
85.306 136.763
72.682 124.554
75.491 141.235
69.959 129.386
75.816 133.851
70.470 139.473
78.418 127.137
84.890 137.094
71.227 122.378
67.208 134.666
64.992 128.205
84.084 142.265
70.053 133.079
78.308 139.549
67.924 142.234
77.875 143.071
74.104 138.894
66.482 127.867
66.145 140.957
82.344 142.909
79.395 123.255
80.567 136.804
81.022 141.241
86.492 128.544
74.629 131.131
84.041 126.048
83.473 137.456
74.583 142.155
85.535 128.488
80.164 130.603
80.286 128.117
71.634 136.313
76.975 125.499
85.579 131.980
70.923 128.336
83.968 143.295
70.308 123.229
69.139 133.251
78.038 131.068
69.411 127.027
78.679 142.084
81.372 132.912
75.185 136.374
78.188 143.683
69.691 126.704
76.078 135.442
84.782 129.157
86.223 131.950
86.672 138.789
72.451 121.821
75.736 133.389
72.534 136.305
68.960 129.182
77.554 140.657
66.183 123.716
77.674 135.454
83.782 135.788
68.613 136.006
66.623 129.927
132.150 73.883
136.987 84.177
126.025 68.736
132.026 66.341
130.383 74.108
125.467 70.271
127.332 83.432
131.121 73.536
136.006 71.117
144.393 85.756
138.025 86.543
134.779 72.990
136.072 65.523
145.570 65.746
140.194 76.775
124.087 81.145
134.236 86.485
130.175 68.757
125.725 70.754
125.203 73.877
138.462 87.327
141.464 67.861
131.201 73.047
146.332 86.079
145.146 80.824
145.867 73.041
127.792 76.981
137.749 73.930
136.354 86.081
138.597 83.100
142.513 74.572
136.251 81.293
136.105 75.395
135.283 67.952
125.255 77.718
130.825 82.336
144.850 81.250
125.109 82.730
144.455 67.329
131.773 72.537
126.502 71.020
135.670 74.527
132.620 70.637
131.086 78.767
140.454 86.827
137.568 69.805
144.250 68.938
145.397 66.412
129.115 67.871
124.340 80.304
126.993 69.808
141.267 76.176
133.517 68.700
139.413 65.643
141.299 64.935
124.410 74.411
125.452 76.037
143.448 86.565
143.167 70.425
128.454 70.651
126.675 67.028
134.474 71.877
143.395 80.070
127.160 86.053
125.931 68.803
137.210 69.551
142.137 80.510
137.354 66.331
141.324 75.847
127.972 65.304
134.356 76.477
129.390 69.453
145.326 82.231
128.418 85.105
144.270 87.184
125.808 75.955
138.003 79.449
125.736 72.235
133.599 78.976
128.006 82.316
137.963 84.230
131.010 73.053
130.293 66.583
137.254 82.329
130.018 66.253
132.186 87.313
137.982 69.005
132.446 80.389
144.673 72.796
221.104 205.020
108.609 33.775
8.412 245.587
43.375 17.633
173.014 205.006
4.423 160.731
15.539 124.241
66.077 8.743
9.437 66.541
181.073 239.283
201.034 13.541
199.387 205.625
228.064 71.844
206.806 219.103
45.540 97.358
116.162 245.112
170.534 16.802
197.044 202.613
24.096 144.770
246.127 55.366
37.716 198.647
247.371 13.309
221.703 103.098
114.499 9.379
208.314 202.019
249.552 56.970
232.340 83.041
36.809 206.546
14.440 35.145
74.493 4.652
196.300 227.063
134.981 231.085
30.004 143.753
54.117 43.762
211.436 224.814
242.323 183.570
21.178 234.431
200.636 224.464
140.428 222.925
175.706 22.773
29.210 191.653
49.582 194.722
188.595 19.264
131.726 25.633
195.725 58.317
14.888 122.398
242.864 53.235
50.331 200.527
92.952 224.301
233.874 217.352
85.311 207.277
121.066 241.267
84.812 208.895
36.112 196.659
217.048 189.409
216.512 242.206
241.956 131.233
10.315 63.218
156.405 237.058
123.588 25.444
235.819 111.024
77.504 39.228
196.242 48.883
12.290 24.161
216.547 180.307
37.027 81.367
151.175 220.803
11.881 209.367
215.755 42.244
94.290 229.119
136.347 244.878
126.295 241.281
61.723 28.219
178.616 43.052
166.319 238.555
206.435 86.268
142.003 25.849
12.662 66.957
205.501 58.344
61.743 227.063
225.387 77.713
93.510 15.075
7.234 240.995
221.113 236.009
38.009 23.276
227.657 127.005
38.900 239.684
42.898 47.997
54.216 188.736
191.737 239.273
22.829 232.713
154.784 247.033
37.739 211.693
111.430 242.533
