500 5
125.000 125.000
169.291 142.627
174.303 136.623
176.713 134.713
165.601 132.965
166.957 144.501
178.742 133.553
177.900 128.530
169.941 136.863
170.080 138.482
177.901 128.527
181.997 123.291
164.123 133.179
172.124 137.179
164.466 128.757
184.417 126.304
173.729 137.780
178.204 129.293
175.293 135.709
181.155 136.542
167.588 135.052
168.071 137.234
180.435 140.218
178.136 139.259
185.555 133.017
178.968 123.868
171.982 138.788
171.914 123.036
185.042 143.663
184.939 137.245
164.208 133.082
179.249 124.591
181.019 129.125
162.904 141.646
166.712 136.210
174.591 131.630
183.936 143.171
168.925 136.998
171.257 135.201
167.725 143.445
177.823 129.914
163.642 139.701
179.548 129.918
170.295 142.670
174.422 134.379
168.116 126.735
178.968 137.678
166.694 128.458
168.907 131.638
172.837 143.080
177.991 130.487
168.720 126.749
172.292 144.261
184.485 134.281
163.616 123.117
166.105 135.203
165.637 142.646
165.525 126.277
180.082 135.589
164.754 136.700
171.920 140.446
174.617 142.879
180.697 137.806
185.480 133.912
169.589 137.638
167.294 130.018
168.232 142.378
173.295 133.052
180.617 142.617
169.018 133.787
174.902 122.687
163.324 130.708
164.203 139.249
182.432 122.891
166.784 141.289
164.153 125.173
164.941 129.769
168.259 123.436
182.757 142.687
174.217 124.823
165.908 133.279
177.779 123.823
174.204 140.741
178.095 141.504
167.426 141.459
163.555 129.677
177.283 124.600
166.146 126.423
174.205 127.320
165.047 126.162
170.060 139.014
174.019 137.633
182.065 140.769
165.028 128.764
184.508 125.380
178.741 141.901
180.530 123.314
168.866 135.060
175.664 125.444
164.815 141.094
172.073 144.695
167.868 126.212
177.113 126.488
184.247 141.733
175.534 141.637
169.302 132.722
163.726 124.765
181.066 124.376
185.414 141.319
177.721 124.012
171.122 143.049
176.502 126.985
173.907 134.774
163.997 144.655
175.113 141.670
166.248 134.051
169.694 139.346
170.679 126.647
164.801 138.170
175.027 127.704
175.418 132.677
171.961 141.410
164.772 136.951
180.260 128.421
166.669 138.285
173.087 141.204
184.919 131.720
168.892 126.130
181.503 129.518
165.987 135.659
176.950 140.645
173.597 126.727
174.179 127.267
166.281 122.446
163.028 134.761
164.476 144.173
179.059 143.554
167.535 128.360
175.057 126.118
170.644 136.618
174.611 130.142
180.064 137.345
179.000 134.143
165.322 139.398
185.194 128.658
184.969 125.949
172.145 123.466
165.378 143.015
181.642 139.086
172.373 128.454
178.780 143.175
179.815 126.661
178.387 133.447
183.151 130.373
168.985 141.680
166.070 135.042
176.107 135.113
175.443 136.953
182.502 135.572
165.053 142.053
178.189 140.841
178.144 129.792
163.459 124.984
180.048 143.090
180.229 125.379
172.657 142.829
180.319 140.464
96.170 166.723
93.881 180.811
106.553 169.657
96.858 162.603
104.880 162.697
104.025 178.730
106.054 158.943
108.047 165.287
108.502 173.586
92.757 176.336
109.722 178.767
91.615 175.245
93.767 172.916
98.023 173.609
103.202 169.031
109.574 181.008
93.507 161.867
95.434 166.049
92.580 180.968
107.915 175.860
103.118 160.294
102.072 179.459
112.299 161.198
106.492 161.604
105.443 164.122
111.249 175.066
113.588 176.654
109.933 178.797
92.707 172.649
104.405 180.642
103.761 174.451
103.325 168.346
100.849 170.405
102.297 166.788
95.007 173.415
101.249 167.268
96.233 180.317
110.787 159.915
114.096 177.520
105.224 161.095
95.853 167.396
104.570 178.269
103.975 169.056
103.110 170.555
92.514 165.033
103.090 169.684
101.649 167.815
110.908 167.212
93.406 176.780
107.562 165.814
107.588 172.822
104.206 178.225
98.295 158.463
94.563 162.243
92.156 181.150
101.040 163.770
113.856 169.312
110.221 159.469
113.918 172.927
103.256 159.415
111.143 171.577
111.859 171.926
93.659 171.587
98.714 173.412
102.520 163.711
98.704 171.591
100.585 166.870
106.686 161.421
113.835 180.703
94.419 171.233
107.049 180.716
99.583 170.666
113.718 167.851
101.336 167.974
100.109 166.139
102.068 170.135
98.594 177.258
112.037 163.322
110.170 170.051
92.080 173.551
101.716 161.583
113.171 174.363
98.435 171.999
106.806 162.531
107.094 176.092
98.483 168.585
113.192 175.852
93.443 178.202
112.248 162.861
110.040 179.966
96.492 162.630
99.897 176.999
97.348 163.631
100.472 178.406
91.821 160.484
112.488 160.336
109.970 167.858
98.850 172.784
111.278 158.810
93.128 169.674
98.314 162.975
96.137 176.550
108.323 175.998
112.507 163.234
97.767 176.690
112.039 180.588
93.970 173.770
97.637 164.685
113.592 166.290
94.902 178.015
92.447 178.881
96.034 160.630
104.155 167.523
110.689 169.670
106.219 168.971
101.661 159.158
93.893 166.487
112.915 167.346
93.461 171.849
114.083 172.188
97.532 177.323
113.527 180.708
105.169 165.599
92.889 165.961
107.730 164.036
92.992 175.549
107.899 170.515
99.627 173.881
109.798 178.398
112.103 164.781
113.188 158.726
110.087 171.736
108.807 165.396
94.087 84.935
108.915 87.483
100.803 89.705
95.544 82.809
107.204 80.016
101.649 71.877
92.787 73.584
93.357 78.660
109.847 72.450
106.821 73.599
111.389 75.616
113.272 85.728
107.758 87.761
109.385 72.862
94.383 69.141
95.074 69.285
94.793 72.076
103.363 75.317
99.101 77.847
105.847 79.049
94.188 78.937
112.354 83.307
103.983 70.171
112.178 85.025
95.869 72.029
98.674 89.541
98.188 84.812
94.446 84.623
95.995 71.122
113.076 75.528
107.409 85.714
96.836 79.952
104.618 83.533
108.365 77.536
99.078 86.295
110.114 80.444
104.425 71.933
96.771 86.900
98.729 71.706
94.819 80.918
99.647 84.670
98.706 87.204
111.654 80.840
105.881 86.686
96.029 76.941
104.616 87.726
103.863 75.746
113.402 87.999
100.924 69.439
94.328 74.498
112.949 74.730
101.210 88.941
110.072 81.992
102.102 76.313
109.940 70.967
106.261 87.493
105.450 82.224
112.817 88.996
106.725 89.427
98.765 89.063
100.389 88.990
94.052 78.680
112.361 83.936
106.719 82.675
99.870 71.757
106.711 74.683
101.530 71.436
102.316 87.683
91.989 82.256
96.612 83.796
107.424 69.418
107.939 73.902
105.092 73.359
97.448 89.760
102.949 80.538
92.902 86.936
101.929 74.873
95.087 82.851
109.959 68.937
104.679 70.548
111.044 82.438
105.062 81.617
104.993 78.603
112.377 86.419
113.981 90.399
94.231 83.352
111.166 80.608
102.269 90.787
95.742 70.183
100.631 76.193
105.658 80.462
103.997 91.182
92.691 88.294
100.790 75.412
112.045 83.121
97.143 87.743
102.315 87.196
113.710 84.365
113.280 87.564
95.484 80.193
102.512 85.506
101.901 74.144
113.868 89.670
107.268 85.541
91.657 68.873
111.448 80.395
104.246 85.264
105.691 73.832
92.753 70.093
95.280 75.962
105.926 75.614
103.661 89.210
93.055 88.906
92.938 72.008
106.289 90.158
111.954 68.963
107.815 87.986
97.601 79.809
93.118 75.970
103.112 77.804
96.303 86.094
107.721 82.700
111.070 73.670
100.223 76.505
100.564 70.491
97.336 86.652
111.220 90.117
93.874 90.859
105.784 70.928
112.238 77.224
110.295 83.828
109.109 88.925
104.598 85.775
96.719 79.150
93.655 70.146
91.966 81.224
102.409 87.341
93.138 76.275
97.171 91.385
102.267 80.993
109.436 79.549
99.829 69.896
102.289 89.291
98.877 82.513
102.404 78.351
112.694 70.913
94.555 75.415
127.119 235.941
50.410 184.173
6.588 77.190
11.962 156.048
157.547 8.493
45.621 151.285
26.439 225.413
237.320 145.903
180.062 217.228
33.065 243.101
237.389 224.143
8.943 100.686
177.104 30.585
191.124 216.373
49.737 159.422
151.580 29.239
219.565 185.800
221.930 64.639
88.471 8.423
15.551 37.493
9.826 166.176
246.430 209.913
127.070 34.104
230.639 201.149
160.889 48.744
218.330 170.356
57.250 73.929
54.690 241.940
159.772 204.019
249.383 79.920
244.865 211.364
37.691 69.102
107.044 242.846
207.677 224.579
220.196 142.088
175.282 35.397
164.306 221.199
105.236 6.048
17.635 143.775
150.447 27.127
2.237 64.931
196.446 221.312
14.825 4.302
25.158 132.884
188.707 0.699
163.639 226.817
195.183 182.164
18.552 47.742
209.798 201.804
229.578 59.900
33.497 88.272
35.616 212.843
59.479 55.425
