1000 5
250.000 250.000
364.535 228.952
361.880 223.137
339.838 237.168
327.157 233.161
370.083 250.939
344.486 236.737
364.458 241.825
346.637 247.955
344.163 253.552
349.968 263.145
356.343 252.124
365.943 230.809
351.138 266.219
328.502 240.265
361.843 230.736
344.815 227.452
346.374 254.595
370.255 262.534
344.038 236.601
339.041 237.690
334.632 246.225
358.417 242.039
369.067 225.604
361.556 263.706
348.276 237.826
337.330 225.225
364.122 233.314
350.659 265.247
347.218 252.684
340.751 246.484
371.578 241.858
339.435 254.211
340.028 233.971
327.190 262.206
359.874 239.329
329.749 248.553
331.552 232.676
341.576 235.454
364.437 263.516
358.805 255.448
361.354 259.004
334.786 226.606
336.135 245.339
360.698 260.586
345.138 244.712
363.526 235.898
365.594 228.136
363.663 221.794
370.057 239.910
334.910 224.632
356.450 249.423
364.128 241.156
357.285 225.767
347.390 241.737
362.962 234.530
352.748 252.841
366.923 234.812
349.802 245.355
355.072 240.591
370.066 244.295
338.339 228.172
362.658 231.103
370.588 259.178
360.469 260.987
333.905 244.512
344.175 238.402
354.212 223.244
341.129 229.938
345.359 249.733
330.059 248.527
349.584 241.520
349.067 225.892
345.709 241.876
327.371 251.825
339.248 231.396
341.007 260.607
335.933 253.624
342.633 223.644
357.954 225.462
331.095 250.923
372.529 222.413
370.021 225.478
330.706 229.326
351.217 259.553
342.068 230.503
355.254 259.309
331.560 237.691
341.913 234.510
371.970 259.425
347.090 249.890
337.788 254.884
346.279 232.139
349.256 233.433
344.807 261.464
345.192 242.912
343.499 240.667
345.440 245.284
346.335 230.894
370.030 256.223
348.815 252.603
339.673 223.469
343.049 232.553
334.090 223.620
355.187 231.081
345.299 259.730
357.188 245.755
331.026 251.529
338.125 248.451
368.942 263.744
328.094 257.783
339.382 232.923
352.001 221.276
340.828 224.091
329.322 228.185
336.204 226.022
372.077 244.257
370.646 260.633
336.395 241.785
342.393 228.553
328.206 234.419
347.663 233.641
350.816 266.530
347.637 230.190
341.916 229.372
372.531 256.192
349.348 236.224
339.004 229.228
366.201 232.687
349.581 235.421
331.416 257.032
342.500 239.369
329.712 229.447
343.603 239.093
353.647 223.746
359.898 228.777
345.327 237.139
352.553 235.297
354.898 255.577
365.035 251.128
328.001 235.526
328.052 262.291
330.151 236.332
336.649 226.726
372.057 231.357
369.810 229.911
349.771 244.601
367.803 236.224
348.756 266.450
331.532 245.626
340.846 248.845
359.900 266.215
368.130 237.702
356.631 230.251
337.362 262.108
359.115 238.722
339.459 244.319
348.205 261.937
352.662 231.712
348.329 234.746
344.303 239.330
337.055 247.470
359.185 252.934
333.883 254.859
361.842 264.799
351.249 251.740
363.764 250.235
334.979 246.995
330.307 232.337
345.861 235.965
335.101 221.450
333.272 241.987
365.739 263.447
358.403 228.929
370.376 231.580
333.767 244.622
370.752 259.191
327.194 235.216
342.099 237.195
350.281 240.818
330.390 235.743
368.026 228.398
348.254 247.486
360.289 231.878
359.953 233.349
342.456 255.488
334.845 254.190
334.230 236.098
338.158 253.901
352.077 238.857
338.171 228.948
336.540 224.185
342.406 240.909
357.851 254.838
329.842 247.758
365.225 227.043
347.347 222.747
361.604 233.103
365.312 228.683
340.300 231.878
334.305 262.276
360.639 246.939
357.329 250.085
340.048 223.860
328.658 222.233
346.668 229.305
363.180 247.612
349.420 244.659
369.722 234.026
346.296 227.470
332.570 241.304
363.356 246.457
370.542 256.507
356.389 236.576
366.209 257.806
364.898 262.610
348.488 254.222
369.863 264.635
345.475 243.073
328.326 222.512
362.252 248.349
341.114 247.582
337.162 261.115
350.883 261.035
365.128 262.628
365.719 221.586
265.109 331.862
252.107 329.233
270.077 330.871
291.041 334.674
293.576 347.759
259.828 356.705
277.537 345.354
251.721 363.577
263.314 331.813
288.023 325.895
258.211 353.993
254.041 336.304
267.684 326.860
292.820 325.235
257.464 331.713
269.171 335.820
251.925 343.199
257.723 353.019
260.036 352.376
292.230 330.844
280.656 334.015
265.034 334.386
267.407 341.944
257.372 361.860
288.998 364.908
258.134 369.096
278.807 330.988
251.386 336.766
291.310 350.619
262.273 358.627
257.913 338.183
288.478 326.735
263.369 362.665
285.310 329.148
283.419 334.023
274.823 340.582
263.918 330.202
289.283 355.792
281.509 357.033
262.795 340.445
284.631 356.825
274.823 344.149
261.690 342.810
255.964 335.184
287.097 335.849
267.245 338.746
282.060 329.637
285.770 339.062
263.096 331.058
284.587 333.782
262.963 359.649
292.205 368.447
256.339 341.045
293.628 327.376
250.018 368.268
261.835 337.310
287.797 347.272
280.741 328.408
254.715 328.841
274.302 334.031
279.557 344.994
289.042 363.956
262.657 328.750
280.516 347.018
255.355 362.723
265.029 335.680
248.596 351.478
282.379 358.043
282.766 328.767
268.537 342.762
286.463 329.310
287.728 361.196
255.422 367.453
292.603 329.434
249.665 341.111
273.165 335.932
284.473 328.656
272.434 346.176
265.388 349.771
265.247 345.398
283.672 344.340
251.320 340.210
270.592 341.723
266.981 349.622
260.963 328.262
288.299 369.392
290.602 362.889
265.847 335.703
291.881 338.479
262.465 369.755
262.209 365.878
272.553 340.854
290.844 337.739
251.856 360.525
281.742 365.312
266.861 340.471
259.295 359.774
266.929 328.461
249.589 359.694
265.935 346.802
290.080 327.945
266.722 363.362
279.225 330.695
257.489 336.815
250.986 342.322
256.079 363.279
276.306 337.172
252.157 367.324
280.294 369.420
282.187 360.063
248.997 339.108
248.806 365.440
257.373 362.429
292.323 356.707
256.570 349.570
280.965 357.480
250.374 346.214
252.691 354.154
250.560 354.270
251.168 341.447
271.113 333.660
260.038 359.503
263.493 369.754
281.203 328.533
275.389 337.933
289.649 342.359
279.224 368.211
256.147 352.407
258.593 352.053
272.148 332.874
291.920 331.204
263.809 337.975
253.534 352.357
270.949 342.110
273.158 330.496
260.190 362.428
258.175 340.501
278.427 327.236
262.725 355.996
254.639 340.838
260.695 338.645
272.166 358.424
251.025 333.705
279.361 344.880
282.642 358.830
256.526 354.724
253.477 369.855
266.456 333.798
293.877 365.914
267.305 332.435
249.232 338.937
252.471 336.354
283.775 356.263
258.051 352.256
278.915 347.354
278.139 350.218
272.902 370.347
277.711 356.377
256.267 359.102
281.138 363.230
283.804 364.879
292.858 325.891
262.756 327.025
270.433 361.865
257.953 348.820
262.118 337.684
275.361 343.307
269.577 360.402
275.315 365.511
287.044 348.021
285.724 353.232
263.047 352.950
279.453 351.598
259.300 364.208
263.231 327.758
279.905 343.431
278.696 333.949
287.053 347.276
253.293 340.611
281.991 333.914
273.861 355.694
268.717 360.515
280.908 351.364
287.013 343.131
272.175 359.862
264.572 342.985
259.663 358.544
256.216 331.478
249.694 349.269
276.056 337.400
260.262 354.385
286.241 348.737
290.487 347.988
253.090 347.595
278.193 335.941
274.052 334.178
267.268 329.067
280.879 335.331
282.322 365.490
261.248 350.760
282.338 358.958
283.015 356.599
264.329 345.486
278.243 329.641
259.899 345.148
252.149 329.382
285.072 340.235
269.913 367.249
283.860 342.537
270.450 358.638
280.180 329.000
266.906 326.268
265.438 359.908
250.241 364.028
272.726 356.491
253.623 338.829
262.297 346.994
286.740 368.953
276.405 361.224
290.477 329.996
277.040 364.248
270.001 340.050
282.810 328.385
270.026 334.958
284.143 345.698
290.684 365.141
279.309 367.484
287.040 369.708
264.884 342.030
284.536 340.408
278.236 337.396
267.401 362.965
288.960 347.495
152.747 268.526
147.419 259.891
132.270 268.194
153.872 272.176
160.717 269.961
149.797 283.990
166.409 259.402
151.649 268.203
141.885 270.945
160.937 276.483
149.453 248.822
167.435 244.435
156.550 245.214
173.330 249.230
170.124 247.258
158.916 281.777
148.290 267.021
172.442 266.141
130.965 277.410
130.737 264.746
152.651 255.262
171.570 283.324
136.738 250.140
144.669 252.661
161.998 262.298
143.004 250.108
153.477 259.063
145.494 262.198
148.454 268.669
150.148 249.217
143.860 246.584
172.326 252.581
167.059 277.291
173.551 280.974
139.644 248.056
135.700 261.664
148.904 286.147
172.354 249.411
163.950 245.113
165.189 260.396
150.014 259.961
159.050 243.988
164.978 282.094
170.961 255.628
162.777 263.613
169.073 268.010
128.420 247.005
148.372 279.372
168.453 274.094
132.405 279.365
145.812 247.920
156.264 285.758
156.109 260.045
142.625 285.222
144.600 266.404
150.254 247.929
134.849 275.887
172.331 271.273
133.845 244.004
140.516 274.757
165.046 274.431
141.226 257.429
165.063 245.255
148.414 280.606
150.461 273.197
155.620 285.633
135.257 266.320
130.185 262.347
134.875 269.864
140.689 276.393
151.420 243.261
132.805 249.282
161.417 251.041
143.168 240.824
173.041 269.542
155.484 272.300
135.433 278.927
166.562 279.197
139.176 255.361
156.566 244.853
138.137 243.454
172.596 279.677
164.394 275.616
141.188 244.792
162.002 253.682
170.244 248.903
151.764 247.619
132.705 283.731
173.511 268.130
130.459 246.596
165.788 244.241
172.285 264.187
148.937 262.487
147.062 254.376
148.473 251.541
161.979 275.369
141.705 249.640
160.614 283.075
155.897 264.702
145.696 282.619
142.833 261.226
171.790 260.741
131.548 283.367
142.244 259.113
133.836 275.746
128.330 245.281
161.410 272.175
150.776 260.410
156.471 241.724
162.997 250.038
167.726 284.973
171.061 263.825
147.657 276.511
136.487 257.092
161.213 244.109
134.759 258.269
141.844 252.381
152.630 282.303
147.470 244.254
160.230 265.817
164.947 277.379
136.052 274.024
167.367 262.337
141.979 247.853
129.333 261.351
153.582 261.250
129.835 274.499
141.552 247.538
154.569 284.917
158.307 250.252
167.445 284.265
148.548 273.335
171.149 284.115
133.327 253.074
143.391 276.933
170.719 247.575
169.526 277.497
149.498 278.300
158.136 244.033
157.977 262.745
171.182 271.121
135.609 268.184
151.012 275.761
136.458 279.131
131.858 273.749
139.675 258.229
166.609 272.417
171.666 250.086
164.539 254.406
130.974 255.588
138.991 279.316
153.180 264.347
132.097 282.221
135.024 252.566
163.647 274.189
154.320 267.163
141.170 277.406
171.933 246.307
145.168 268.469
148.615 245.548
153.060 260.630
146.228 275.097
161.530 262.099
135.351 245.022
137.832 279.022
157.740 262.329
140.622 256.936
156.818 270.025
156.194 273.276
150.411 268.491
128.397 282.615
144.920 281.710
140.717 262.154
168.679 277.424
142.773 283.621
168.466 274.870
144.283 266.812
129.047 251.856
142.946 246.958
140.255 259.773
133.763 282.117
172.290 271.255
132.772 275.329
159.197 282.262
159.408 260.065
150.985 252.045
128.563 264.619
164.703 273.709
146.512 257.177
173.369 265.063
136.729 275.938
133.299 260.836
160.007 241.551
158.745 265.299
172.753 259.496
147.282 247.203
151.578 261.454
138.172 260.295
156.702 283.324
133.664 241.510
134.275 253.157
140.873 251.152
164.483 277.549
271.738 156.421
234.630 152.678
253.992 167.548
267.260 129.475
274.767 146.445
263.417 135.971
266.195 140.924
277.955 135.687
264.799 164.487
240.214 128.325
244.420 144.025
270.886 151.853
255.227 152.151
278.294 170.446
242.321 159.748
275.186 168.954
246.891 133.738
272.010 142.805
255.583 169.294
261.649 172.128
266.576 146.214
259.762 130.366
266.223 134.673
235.383 161.503
246.191 157.287
252.585 160.743
251.435 141.063
265.722 172.942
235.996 138.137
274.888 157.507
246.659 166.876
260.251 129.706
237.174 147.517
238.383 161.772
262.065 143.560
274.049 141.639
266.132 137.638
272.157 169.916
260.674 155.460
249.182 141.871
276.450 141.953
252.232 131.437
279.405 135.821
278.653 159.562
276.146 128.599
238.573 154.131
268.964 166.252
258.446 162.745
240.961 133.008
250.298 142.556
264.363 135.830
250.798 129.470
234.691 151.563
274.046 128.930
275.876 156.977
276.997 127.700
270.310 135.626
238.261 153.808
256.279 151.293
260.133 162.552
272.274 168.277
273.796 156.427
271.814 165.060
238.514 157.893
250.368 157.617
235.407 152.584
235.207 145.595
248.712 154.576
269.232 169.407
256.336 156.092
273.431 152.240
249.474 169.086
244.393 148.072
260.103 137.189
266.573 163.815
236.776 160.114
258.239 161.129
252.068 138.299
246.228 132.220
255.273 141.840
271.306 164.953
251.421 147.093
239.027 152.129
243.312 165.837
256.094 163.958
265.265 161.612
272.577 172.678
270.123 143.717
271.653 128.746
244.102 168.596
273.847 138.691
251.581 137.720
263.885 140.005
266.632 158.514
242.792 172.054
270.743 147.755
273.056 158.458
270.360 148.026
273.162 156.727
235.390 133.817
250.876 172.371
260.587 161.091
240.487 168.548
239.334 137.161
240.721 133.902
249.470 130.192
242.649 144.416
268.948 167.953
274.167 152.818
256.958 131.645
264.196 154.691
258.763 137.380
237.208 134.426
277.042 155.664
275.329 163.791
240.495 156.811
258.372 133.792
257.014 168.214
265.740 150.610
255.755 147.364
271.254 144.637
245.903 130.697
241.757 139.942
237.418 157.044
269.989 130.997
240.357 166.098
275.719 140.759
248.455 162.121
269.233 141.923
234.647 129.492
270.160 164.318
261.015 142.471
269.719 128.374
259.375 136.084
246.973 134.692
275.981 149.945
266.894 136.981
250.643 137.970
238.421 148.346
272.227 146.882
256.284 132.397
275.636 130.170
267.493 169.319
238.304 162.703
255.705 151.011
279.502 129.250
250.365 142.275
253.407 133.158
251.106 150.530
267.064 167.509
247.549 132.044
275.493 149.280
248.445 142.376
257.836 151.434
278.470 137.483
259.023 148.794
263.454 156.677
275.116 134.077
268.720 169.050
237.160 165.642
239.601 143.017
268.342 136.297
249.692 151.735
255.869 147.386
238.066 154.744
265.633 140.110
276.899 145.439
275.051 145.874
263.888 142.723
246.894 153.167
275.300 148.277
261.062 136.391
246.264 165.765
260.196 154.783
275.422 159.788
242.805 135.843
250.067 134.846
270.103 167.545
273.874 144.474
276.516 156.657
236.207 155.580
273.924 165.969
259.594 164.079
250.903 136.568
237.155 156.067
253.699 134.173
259.640 163.730
266.445 167.000
274.659 133.018
158.399 439.545
136.032 420.371
486.219 22.441
106.277 168.252
34.296 391.070
67.577 391.243
399.821 402.512
0.323 154.002
113.768 444.203
299.397 447.670
65.205 312.831
44.834 284.045
8.723 293.562
73.520 115.559
379.482 86.218
273.322 492.806
95.722 480.086
480.458 450.155
39.430 413.590
60.231 248.565
415.144 173.767
19.483 186.566
478.669 229.816
17.848 206.716
455.711 263.761
400.937 327.029
86.919 465.898
433.602 304.386
483.695 470.157
131.212 474.476
454.159 191.569
470.166 389.185
433.658 422.371
171.153 1.731
70.787 116.991
57.578 277.488
472.523 120.877
278.670 52.926
31.311 120.881
446.378 280.161
229.092 6.439
361.953 10.635
49.396 357.279
65.961 86.292
499.487 157.177
346.478 482.539
227.997 427.533
420.959 167.039
84.202 337.148
8.021 484.090
488.207 292.222
463.858 432.805
372.442 477.532
93.562 157.581
389.437 356.147
85.040 72.819
37.707 347.558
304.538 38.071
147.042 488.910
499.594 255.174
205.196 12.385
86.388 354.914
110.427 137.029
48.813 328.964
464.178 227.288
38.633 489.753
118.706 3.409
499.289 274.297
62.840 297.023
464.556 293.901
379.951 3.331
55.952 117.760
48.459 410.243
483.126 293.630
103.478 116.492
179.127 448.751
463.419 87.454
45.327 169.443
84.814 439.784
467.206 202.559
484.722 4.078
450.041 273.563
39.563 483.640
462.796 25.634
126.433 487.417
125.216 471.269
21.503 368.225
378.334 131.913
112.097 68.864
496.444 105.017
105.378 429.141
163.491 471.280
105.960 166.250
74.415 57.524
488.868 78.033
352.840 29.760
371.628 128.698
474.840 428.287
465.610 189.601
173.517 17.031
416.284 309.077
108.471 458.522
53.935 308.428
264.650 453.567
26.220 321.476
27.357 309.191
461.414 300.295
12.397 151.028
108.493 32.155
411.563 96.972
415.803 24.314
49.213 82.717
44.171 289.187
6.715 163.945
12.515 489.532
493.862 280.190
302.380 7.656
187.118 68.537
62.564 325.436
129.050 376.600
104.756 152.844
274.754 439.764
136.791 70.056
395.970 93.770
352.044 109.140
415.795 37.470
452.031 203.435
41.421 480.224
442.949 256.828
4.411 217.889
308.898 28.285
54.279 345.821
302.106 11.853
34.345 134.676
101.320 107.194
57.944 155.321
453.680 89.144
85.337 26.228
182.536 432.547
490.282 417.535
400.591 365.050
454.811 414.290
307.104 62.518
381.211 137.621
264.227 28.252
131.797 369.234
472.951 165.456
461.430 186.247
110.787 137.250
