50 2
12.500 12.500
21.000 19.932
23.559 13.993
21.054 12.973
23.816 11.662
22.621 18.727
25.000 12.800
25.000 19.469
25.000 17.307
20.662 15.804
21.053 12.370
25.000 15.396
20.060 14.689
20.554 20.073
25.000 15.416
22.479 13.154
25.000 11.502
1.088 25.000
1.257 24.434
1.335 22.750
3.523 23.448
4.319 22.215
0.000 25.000
0.000 24.471
1.044 21.726
0.052 25.000
0.000 23.012
2.445 22.603
1.712 25.000
4.572 25.000
4.620 20.637
0.000 2.312
1.820 0.000
5.931 0.000
7.729 0.000
2.666 0.517
0.000 0.000
5.886 3.436
0.000 1.638
5.553 0.000
2.862 1.110
3.341 1.570
5.907 0.000
7.323 21.299
15.248 21.049
3.748 12.370
22.411 5.984
4.634 19.463
3.223 12.508
0.327 8.223
