200 5
50.000 50.000
67.193 48.205
71.681 49.153
72.013 55.400
71.315 50.842
65.209 47.575
69.744 52.921
67.307 51.502
64.951 47.955
74.791 49.573
74.642 56.749
73.445 51.092
69.345 51.495
67.380 55.373
66.387 47.652
72.281 52.980
67.679 54.096
66.742 51.259
72.350 50.914
69.593 50.213
69.207 52.967
74.266 47.609
73.163 49.206
73.943 48.115
70.652 56.671
74.462 52.206
69.183 54.350
70.137 56.649
68.524 51.721
70.357 47.009
71.178 54.002
71.427 51.576
71.102 51.973
72.237 48.395
70.600 49.292
73.422 48.068
72.704 48.292
65.001 54.383
72.660 47.488
70.636 51.022
71.591 47.040
71.369 56.166
74.495 48.983
74.392 47.154
72.043 53.768
66.846 47.513
70.314 51.537
72.801 46.964
67.089 52.329
73.753 55.327
67.328 56.274
73.304 54.457
71.937 54.754
74.279 49.440
71.349 48.931
73.177 52.884
66.706 49.487
66.874 53.622
71.904 49.022
74.682 56.057
68.896 53.518
42.017 71.387
39.324 71.629
43.442 65.586
42.704 69.122
45.143 69.158
39.490 71.513
41.399 72.477
46.372 66.359
46.180 72.334
37.540 67.065
39.734 67.256
37.546 73.319
45.783 65.429
40.564 65.334
39.095 64.563
40.574 67.227
45.728 69.228
44.533 73.021
38.974 65.153
38.836 66.932
44.343 68.667
42.773 67.143
42.588 70.815
40.052 65.366
42.744 71.442
46.408 72.151
37.320 68.028
39.110 66.377
37.585 69.288
45.097 72.062
40.603 65.431
43.974 71.643
37.299 68.466
46.939 67.300
44.433 64.952
41.445 69.755
40.194 72.514
44.393 69.236
40.060 70.948
39.190 69.827
41.658 70.063
37.439 63.718
43.784 66.631
39.980 63.654
44.507 67.745
43.468 68.693
37.604 64.836
38.530 66.358
42.559 71.691
37.623 72.035
47.159 63.596
44.509 70.688
40.385 72.443
42.337 64.328
45.531 69.870
43.552 70.880
46.994 67.748
37.932 65.971
44.472 65.985
40.762 68.812
42.306 35.003
35.967 30.864
42.904 32.131
41.927 30.000
43.886 34.123
35.914 30.297
44.456 35.842
39.825 27.363
41.945 28.873
37.756 33.312
42.890 31.113
35.951 35.077
38.518 31.081
36.613 34.342
39.385 29.169
36.755 32.682
38.676 31.817
42.463 28.437
37.124 28.256
40.492 36.542
36.224 29.072
42.735 35.496
41.569 31.160
41.603 36.753
41.696 31.259
36.683 30.731
42.182 29.560
42.701 28.113
36.124 34.487
35.979 36.796
36.357 32.309
39.036 33.774
41.107 33.762
44.946 32.960
41.692 34.632
44.385 33.283
42.279 35.564
39.591 33.236
39.733 27.347
41.369 33.327
38.800 31.996
38.017 29.959
41.682 35.928
45.707 27.500
37.175 35.294
40.680 27.380
40.318 28.703
36.876 36.225
36.948 27.499
43.075 37.045
36.683 31.436
39.215 30.047
38.168 36.619
97.533 25.997
86.967 31.303
23.881 73.672
37.252 6.296
93.937 47.774
19.469 75.424
5.047 14.512
18.271 92.718
2.259 53.725
86.221 22.205
14.726 32.784
97.075 21.825
61.736 95.217
80.097 35.861
99.436 51.825
91.064 64.762
4.964 11.152
75.230 73.086
29.882 1.120
81.628 21.959
93.001 19.032
82.879 67.282
21.251 86.770
58.981 14.183
79.914 11.972
34.079 97.041
