5000 5
1250.000 1250.000
1838.824 1281.428
1787.407 1277.488
1754.732 1197.617
1836.199 1292.996
1836.552 1226.113
1674.217 1316.196
1695.675 1146.256
1800.123 1258.765
1773.366 1231.720
1715.498 1298.644
1797.104 1205.718
1727.800 1223.535
1727.358 1331.427
1687.153 1159.591
1827.953 1308.735
1683.946 1349.236
1728.041 1344.060
1715.035 1200.427
1770.850 1174.468
1823.943 1268.317
1781.630 1186.196
1857.734 1226.016
1810.249 1183.777
1722.751 1315.087
1691.654 1232.178
1711.666 1167.306
1847.983 1324.055
1814.156 1328.423
1741.424 1293.170
1653.119 1292.487
1802.000 1301.412
1719.880 1299.689
1755.428 1197.573
1767.130 1221.651
1757.183 1284.974
1654.833 1245.038
1750.882 1214.569
1749.683 1325.969
1724.122 1261.895
1752.727 1294.491
1661.116 1297.726
1656.043 1305.982
1846.102 1263.489
1810.376 1247.100
1795.994 1304.609
1851.459 1308.018
1742.280 1232.621
1859.285 1208.935
1652.808 1329.004
1704.420 1288.065
1731.343 1183.982
1815.176 1221.134
1717.780 1144.762
1743.045 1242.976
1845.286 1258.111
1666.609 1253.481
1679.516 1296.070
1814.052 1253.597
1843.844 1137.381
1698.903 1167.021
1848.204 1335.461
1789.301 1294.258
1701.191 1282.339
1843.303 1138.594
1658.099 1341.408
1685.201 1156.489
1659.386 1175.319
1679.746 1248.943
1769.305 1196.645
1669.269 1160.308
1809.472 1181.700
1757.675 1294.575
1860.338 1363.014
1843.082 1359.705
1669.349 1194.897
1702.082 1145.774
1843.837 1174.642
1784.295 1253.733
1820.690 1268.991
1821.521 1137.385
1727.907 1200.439
1654.527 1164.249
1844.943 1194.722
1704.080 1242.059
1712.988 1144.129
1779.140 1323.057
1765.218 1187.163
1816.790 1205.654
1663.467 1264.552
1804.649 1175.265
1667.068 1338.311
1838.179 1353.843
1810.732 1147.557
1823.330 1250.836
1681.015 1362.007
1764.400 1362.500
1863.001 1149.926
1776.118 1223.516
1794.642 1242.116
1655.386 1259.744
1718.857 1264.920
1728.880 1273.249
1762.619 1348.419
1693.397 1328.020
1804.582 1363.374
1643.073 1250.546
1778.229 1257.210
1857.677 1144.474
1773.550 1140.089
1646.969 1168.782
1781.648 1270.680
1759.788 1346.319
1775.922 1143.072
1743.602 1157.247
1701.830 1171.826
1814.646 1293.663
1861.834 1149.718
1661.235 1283.176
1779.776 1331.253
1795.343 1188.093
1676.909 1191.091
1679.507 1307.201
1863.424 1171.790
1663.653 1167.980
1763.595 1293.119
1788.385 1322.702
1707.315 1159.090
1747.554 1304.448
1673.054 1291.436
1638.779 1209.602
1858.806 1336.544
1753.831 1241.856
1740.282 1311.052
1829.915 1141.527
1640.048 1160.314
1781.112 1300.788
1777.322 1245.232
1858.999 1225.281
1718.918 1321.017
1690.861 1328.728
1715.155 1264.267
1819.444 1301.468
1771.130 1344.045
1717.332 1159.655
1719.721 1290.708
1757.049 1193.435
1785.488 1149.348
1699.597 1357.596
1651.719 1359.705
1640.450 1355.509
1789.075 1202.395
1792.869 1336.019
1786.277 1254.932
1832.431 1149.117
1823.292 1252.346
1776.040 1277.469
1843.688 1341.407
1824.271 1273.405
1668.698 1275.240
1787.657 1338.441
1775.993 1325.469
1726.373 1235.788
1842.934 1231.007
1723.975 1208.132
1764.681 1250.441
1848.105 1297.083
1809.591 1211.767
1757.442 1221.111
1741.230 1219.885
1725.906 1187.868
1694.107 1188.970
1722.591 1197.600
1749.741 1274.389
1777.038 1299.965
1775.877 1234.810
1787.432 1154.173
1736.790 1348.791
1724.844 1270.530
1856.078 1219.227
1692.248 1359.471
1810.375 1261.959
1699.582 1162.776
1768.547 1323.827
1809.745 1253.965
1826.430 1142.995
1688.808 1188.211
1722.623 1223.706
1728.101 1240.707
1690.089 1211.500
1781.926 1196.879
1662.364 1273.158
1651.657 1330.865
1744.215 1360.308
1657.303 1283.100
1846.435 1153.248
1809.065 1326.840
1806.151 1227.113
1705.907 1255.469
1778.163 1254.956
1639.275 1195.626
1752.372 1212.589
1693.613 1330.883
1755.231 1186.430
1661.532 1340.274
1862.183 1229.025
1783.457 1329.785
1700.955 1269.890
1789.962 1360.644
1665.946 1306.447
1751.761 1210.928
1859.625 1236.384
1761.427 1185.687
1731.215 1218.425
1786.936 1142.717
1673.933 1178.862
1761.012 1321.125
1807.652 1174.211
1845.765 1204.612
1780.923 1196.847
1809.785 1176.965
1746.430 1308.393
1719.582 1231.124
1754.092 1341.194
1707.469 1222.208
1654.959 1330.285
1706.531 1205.477
1714.252 1338.628
1786.602 1301.582
1729.253 1353.362
1725.258 1308.851
1685.635 1252.658
1839.471 1356.674
1658.985 1302.395
1780.610 1152.342
1705.305 1194.507
1638.108 1354.225
1735.687 1155.628
1758.985 1258.680
1848.978 1218.361
1662.892 1356.642
1702.407 1264.696
1755.707 1218.043
1662.736 1182.905
1768.243 1298.484
1693.730 1211.178
1724.640 1239.231
1735.458 1357.869
1745.607 1277.651
1853.923 1334.717
1732.298 1145.896
1683.925 1233.338
1797.787 1282.067
1721.105 1243.211
1798.797 1321.910
1648.275 1188.811
1771.822 1306.064
1722.374 1322.997
1640.144 1312.468
1754.339 1344.561
1794.304 1339.302
1680.259 1193.822
1806.710 1181.409
1825.901 1232.937
1806.103 1148.059
1665.184 1194.738
1730.518 1188.427
1841.879 1348.990
1739.302 1332.748
1720.838 1307.159
1660.291 1187.280
1670.988 1165.765
1664.565 1185.609
1755.537 1335.823
1726.576 1257.007
1798.542 1145.837
1654.322 1332.147
1663.883 1181.468
1801.461 1143.949
1651.885 1287.224
1679.173 1232.148
1756.264 1304.143
1740.930 1167.189
1705.785 1269.155
1690.303 1170.228
1744.510 1269.621
1749.459 1309.608
1693.986 1322.520
1661.160 1213.436
1796.958 1354.369
1784.095 1325.553
1783.650 1137.824
1825.584 1234.586
1757.212 1302.315
1854.492 1151.300
1655.358 1175.853
1806.579 1196.458
1771.637 1204.482
1637.484 1293.207
1787.236 1309.518
1770.797 1278.526
1723.381 1275.067
1797.891 1314.278
1637.097 1255.217
1861.568 1176.522
1639.861 1173.061
1757.464 1269.027
1711.131 1307.582
1859.597 1236.886
1640.824 1199.512
1833.537 1320.440
1647.901 1160.430
1666.297 1303.666
1729.322 1230.767
1694.626 1306.392
1664.233 1340.441
1842.090 1311.821
1791.432 1354.223
1794.161 1212.829
1787.551 1286.835
1656.853 1330.679
1648.217 1352.946
1680.659 1162.419
1774.841 1202.098
1730.503 1147.410
1781.772 1274.531
1787.764 1256.085
1802.321 1347.917
1808.063 1267.700
1805.260 1307.145
1682.104 1162.929
1818.941 1164.274
1815.044 1138.048
1848.159 1166.981
1822.409 1356.938
1707.502 1229.582
1768.904 1159.605
1673.891 1158.580
1732.924 1182.372
1752.961 1145.108
1702.916 1221.112
1801.356 1172.488
1787.583 1169.223
1721.027 1235.782
1696.849 1242.190
1831.678 1322.620
1822.203 1200.326
1794.678 1325.403
1734.389 1198.863
1799.980 1343.363
1638.431 1270.166
1789.603 1340.581
1698.833 1298.632
1657.315 1199.989
1726.979 1329.146
1766.899 1224.193
1704.152 1363.560
1852.468 1203.066
1828.440 1249.197
1819.288 1237.366
1849.861 1317.800
1650.698 1359.791
1846.854 1167.550
1751.868 1229.523
1773.620 1279.919
1643.958 1144.432
1836.816 1237.024
1817.767 1296.809
1859.964 1274.478
1840.112 1158.431
1755.979 1258.857
1685.533 1194.702
1690.422 1283.960
1674.298 1353.569
1791.653 1155.526
1656.638 1326.205
1792.039 1313.854
1651.563 1217.060
1856.647 1189.144
1834.174 1271.687
1741.065 1256.040
1765.155 1156.036
1647.772 1333.058
1726.854 1207.513
1794.990 1343.928
1772.814 1200.715
1808.671 1234.908
1712.818 1183.984
1819.187 1186.081
1801.112 1270.158
1801.423 1361.805
1729.402 1138.858
1824.802 1275.210
1724.113 1152.786
1684.883 1354.567
1646.396 1288.617
1859.620 1189.815
1678.595 1219.531
1778.079 1160.882
1683.953 1318.181
1827.767 1209.706
1773.540 1269.655
1732.175 1276.233
1839.268 1290.430
1652.826 1337.505
1782.420 1357.433
1814.973 1285.407
1733.719 1205.798
1673.135 1274.730
1665.930 1351.513
1764.738 1206.513
1677.995 1180.245
1645.324 1340.830
1785.352 1215.454
1680.586 1174.830
1859.822 1185.870
1745.764 1266.354
1771.328 1337.642
1768.813 1199.955
1791.634 1209.083
1770.017 1177.159
1693.099 1294.611
1772.946 1242.005
1648.469 1233.143
1680.067 1199.319
1651.213 1352.767
1698.665 1194.035
1725.024 1161.092
1671.043 1279.896
1770.227 1257.920
1661.745 1255.902
1684.169 1313.661
1833.673 1179.609
1650.166 1356.875
1673.426 1222.294
1787.824 1143.211
1710.788 1295.761
1790.400 1204.593
1682.331 1303.305
1695.698 1163.945
1746.873 1355.306
1706.732 1143.423
1661.728 1306.677
1750.048 1274.875
1742.193 1332.788
1654.010 1311.694
1766.159 1255.901
1750.361 1151.528
1687.311 1255.990
1797.848 1250.497
1848.829 1259.334
1653.026 1156.492
1671.781 1342.947
1819.781 1217.410
1722.409 1312.968
1763.402 1311.683
1699.615 1354.982
1849.975 1190.876
1740.695 1188.837
1766.708 1284.025
1782.548 1317.304
1753.929 1322.823
1687.567 1158.966
1802.748 1189.114
1713.913 1210.544
1842.991 1158.833
1703.428 1291.660
1682.800 1193.168
1661.118 1361.845
1818.250 1295.074
1704.636 1224.958
1778.462 1355.586
1665.892 1327.144
1802.783 1341.746
1649.670 1311.914
1666.476 1271.010
1720.643 1230.556
1659.281 1160.695
1719.339 1150.444
1821.305 1175.328
1651.852 1213.444
1664.299 1299.305
1706.884 1147.783
1798.608 1200.582
1715.123 1202.046
1719.917 1290.237
1820.060 1136.850
1825.639 1159.536
1789.112 1265.514
1840.502 1193.201
1661.999 1237.505
1774.454 1296.917
1695.900 1315.347
1745.856 1278.103
1730.383 1303.451
1706.693 1152.177
1734.468 1280.287
1863.583 1269.168
1847.713 1258.252
1678.804 1161.374
1713.165 1273.610
1677.167 1312.046
1698.741 1236.591
1727.399 1244.616
1717.850 1307.393
1756.830 1259.012
1831.762 1291.672
1783.239 1318.077
1696.771 1202.748
1734.098 1249.199
1709.072 1207.254
1645.579 1145.621
1834.106 1362.495
1695.928 1225.042
1665.109 1305.047
1818.360 1155.530
1827.516 1361.085
1810.884 1239.369
1709.640 1288.958
1780.684 1254.879
1738.639 1214.394
1682.218 1185.700
1709.818 1356.542
1849.455 1215.114
1709.912 1270.254
1692.086 1232.462
1721.789 1299.017
1794.275 1325.779
1645.045 1355.847
1726.132 1303.752
1713.925 1235.313
1777.117 1288.289
1696.636 1221.904
1782.154 1160.505
1826.413 1252.010
1856.158 1228.027
1779.017 1230.277
1852.975 1183.327
1709.714 1348.785
1729.677 1339.811
1859.131 1180.825
1665.390 1189.057
1749.074 1139.626
1637.033 1295.549
1722.279 1183.187
1704.865 1269.771
1689.741 1161.481
1822.015 1272.304
1786.325 1317.418
1654.968 1157.050
1749.408 1307.858
1724.379 1263.793
1768.856 1311.271
1707.892 1317.994
1812.740 1357.030
1694.842 1149.516
1657.756 1267.736
1678.918 1345.797
1809.853 1147.115
1745.028 1325.529
1662.645 1179.607
1737.960 1297.018
1751.047 1292.659
1711.455 1311.739
1713.409 1322.230
1691.020 1325.780
1809.855 1207.349
1816.625 1138.637
1768.992 1247.285
1810.319 1354.142
1694.039 1239.924
1840.563 1326.796
1862.180 1137.241
1722.004 1360.817
1665.307 1234.640
1793.430 1300.849
1694.900 1226.963
1782.595 1174.953
1856.467 1166.737
1845.788 1342.481
1751.725 1160.808
1710.625 1205.809
1785.341 1253.262
1741.729 1225.960
1637.892 1185.772
1843.149 1156.969
1808.554 1246.502
1831.191 1257.826
1795.411 1340.468
1799.561 1215.477
1678.429 1253.010
1672.849 1317.557
1728.790 1299.193
1826.094 1138.497
1665.811 1188.311
1819.885 1247.421
1773.346 1242.903
1641.636 1189.536
1813.402 1307.211
1820.407 1236.306
1828.831 1175.082
1706.341 1221.586
1799.124 1315.388
1767.477 1304.498
1703.108 1328.496
1669.311 1156.291
1665.138 1190.153
1818.465 1183.671
1659.344 1199.227
1863.235 1323.051
1793.314 1176.279
1797.944 1213.165
1654.729 1242.839
1776.913 1210.207
1805.619 1214.479
1654.417 1172.123
1845.106 1177.237
1648.993 1251.587
1677.140 1290.131
1806.565 1260.821
1674.263 1194.393
1731.682 1183.683
1670.156 1321.085
1838.100 1283.574
1690.404 1289.434
1666.724 1202.836
1801.726 1361.665
1769.404 1245.572
1815.257 1322.152
1719.938 1189.430
1855.806 1178.670
1859.247 1351.979
1848.007 1145.128
1643.019 1139.927
1663.998 1310.681
1683.383 1361.657
1656.073 1256.583
1802.998 1286.068
1711.881 1140.320
1850.381 1317.820
1789.435 1231.023
1647.629 1303.281
1751.068 1316.102
1787.696 1188.331
1861.198 1353.027
1723.056 1239.190
1638.563 1284.976
1715.486 1204.281
1767.551 1313.617
1813.151 1231.475
1657.810 1187.686
1727.315 1233.121
1662.357 1269.660
1666.480 1290.091
1675.889 1352.840
1843.460 1279.829
1801.741 1292.135
1821.433 1177.162
1653.619 1344.660
1813.116 1315.023
1837.036 1201.930
1731.714 1304.690
1679.056 1257.858
1776.610 1155.914
1687.475 1159.032
1819.979 1284.164
1819.471 1316.904
1697.078 1141.547
1703.533 1276.587
1658.273 1173.439
1742.719 1227.464
1688.518 1306.700
1728.830 1286.942
1707.734 1309.617
1684.218 1167.561
1800.090 1231.849
1787.335 1339.559
1662.791 1264.625
1665.773 1250.205
1851.232 1295.593
1785.567 1164.573
1812.648 1274.599
1685.188 1228.926
1837.093 1310.451
1755.119 1157.195
1861.467 1155.430
1760.955 1323.840
1793.657 1198.266
1831.714 1341.853
1717.093 1173.173
1745.266 1249.416
1854.780 1338.423
1682.452 1166.566
1755.991 1148.722
1732.742 1300.498
1642.795 1332.668
1724.072 1232.070
1716.068 1305.568
1803.631 1226.139
1838.826 1190.293
1733.490 1310.050
1806.935 1271.019
1836.564 1219.414
1702.671 1170.089
1771.649 1339.468
1679.072 1349.207
1776.055 1177.370
1740.504 1269.225
1862.809 1352.639
1674.249 1307.793
1711.670 1315.375
1855.442 1347.946
1835.116 1307.681
1844.649 1344.903
1811.842 1343.988
1678.859 1233.340
1813.741 1148.635
1862.541 1232.085
1857.956 1210.319
1830.320 1329.169
1827.218 1161.145
1819.820 1228.214
1728.165 1272.231
1839.046 1193.010
1700.843 1363.950
1755.233 1228.135
1743.451 1245.374
1744.934 1207.347
1727.720 1256.546
1699.347 1322.340
1799.517 1250.078
1736.791 1325.965
1844.019 1341.164
1708.307 1242.334
1740.645 1153.907
1831.174 1276.656
1761.938 1263.656
1824.711 1339.501
1698.702 1283.394
1737.306 1316.155
1693.360 1269.756
1681.593 1149.448
1683.606 1270.885
1831.444 1295.092
1665.741 1201.333
1853.283 1186.591
1749.484 1199.023
1799.818 1281.893
1830.810 1340.578
1821.877 1238.168
1681.386 1282.034
1836.681 1216.872
1751.731 1344.591
1735.720 1291.463
1819.248 1295.651
1680.707 1302.345
1801.860 1324.479
1822.271 1198.461
1820.833 1169.060
1735.198 1338.848
1814.064 1251.259
1745.851 1286.177
1771.573 1251.376
1636.447 1301.181
1698.690 1260.876
1665.186 1141.938
1843.062 1196.216
1681.117 1228.944
1745.987 1154.262
1740.069 1287.854
1711.233 1138.455
1863.335 1285.640
1660.451 1225.503
1777.547 1159.718
1828.877 1299.020
1790.749 1257.119
1838.931 1267.269
1858.098 1289.119
1835.486 1320.442
1811.178 1258.253
1637.050 1316.751
1857.261 1148.262
1723.431 1306.882
1722.582 1175.183
1772.489 1226.511
1665.325 1263.819
1817.230 1301.615
1701.351 1336.976
1720.613 1182.577
1848.227 1165.528
1802.236 1223.955
1832.161 1317.309
1823.011 1294.083
1782.733 1207.631
1752.719 1169.204
1648.755 1289.076
1755.045 1192.543
1701.210 1318.868
1637.476 1340.715
1659.614 1327.905
1657.776 1161.111
1676.553 1363.075
1729.271 1322.991
1760.204 1292.257
1846.980 1302.114
1777.030 1270.089
1770.691 1164.977
1656.543 1181.690
1671.241 1317.553
1780.472 1194.272
1723.772 1361.895
1678.589 1223.533
1828.235 1145.211
1681.202 1355.606
1819.678 1361.894
1761.153 1324.294
1803.041 1196.922
1790.365 1204.641
1661.360 1191.610
1715.774 1179.512
1788.188 1158.991
1662.761 1176.897
1672.342 1300.560
1823.845 1210.255
1724.296 1312.358
1862.185 1298.033
1673.834 1221.214
1672.725 1144.264
1850.624 1214.935
1766.844 1354.321
1775.390 1202.669
1788.927 1318.397
1666.099 1193.403
1751.788 1206.649
1784.657 1303.146
1801.462 1176.637
1701.672 1189.614
1808.524 1160.231
1665.398 1287.207
1713.360 1161.145
1706.890 1233.585
1671.419 1285.773
1640.666 1237.729
1665.509 1353.881
1684.861 1143.234
1707.789 1243.606
1640.167 1242.627
1637.126 1150.974
1846.208 1150.081
1770.049 1346.353
1722.259 1355.979
1698.453 1291.903
1761.544 1221.401
1651.077 1288.306
1851.648 1312.625
1816.683 1209.236
1806.485 1211.230
1767.240 1344.740
1655.121 1223.404
1667.515 1266.594
1795.036 1263.018
1693.075 1235.091
1854.843 1171.786
1715.320 1340.702
1776.053 1186.067
1695.043 1161.164
1645.343 1331.689
1727.540 1330.063
1808.658 1183.542
1713.936 1204.916
1772.050 1243.930
1802.832 1342.940
1721.807 1173.417
1841.340 1153.926
1825.370 1190.352
1658.982 1309.062
1679.826 1303.305
1696.058 1203.006
1788.255 1310.034
1842.923 1137.122
1759.779 1196.562
1671.072 1234.527
1684.781 1165.447
1756.697 1334.767
1793.421 1183.938
1800.408 1190.541
1693.808 1158.215
1782.083 1146.236
1851.819 1183.217
1827.910 1272.006
1660.160 1233.401
1828.409 1215.179
1791.465 1183.122
1830.553 1273.453
1776.610 1214.893
1765.452 1148.884
1784.309 1218.580
1671.661 1184.212
1798.402 1256.716
1857.318 1176.986
1775.578 1341.827
1683.774 1276.508
1724.828 1355.670
1753.984 1237.712
1771.293 1301.254
1766.688 1179.118
1669.160 1235.002
1857.075 1291.721
1751.846 1279.986
1688.949 1192.582
1712.230 1257.755
1683.770 1344.638
1680.808 1242.063
1853.606 1310.451
1763.269 1298.462
1847.871 1210.745
1692.966 1166.917
1736.445 1168.561
1833.767 1170.683
1821.940 1198.233
1841.995 1331.557
1793.858 1345.377
1740.205 1193.389
1849.330 1140.558
1816.872 1224.474
1834.516 1145.418
1652.066 1298.957
1761.414 1174.289
1717.459 1339.558
1688.157 1256.510
1697.783 1162.115
1707.965 1224.333
1795.200 1167.888
1831.069 1199.346
1742.450 1204.318
1754.291 1291.737
1695.935 1149.349
1705.351 1163.295
1739.489 1328.285
1768.255 1160.134
1667.233 1159.140
1855.459 1198.978
1703.582 1181.662
1742.929 1346.003
1747.428 1150.143
1638.557 1238.817
1817.308 1173.933
1836.237 1358.449
1719.977 1238.290
1841.708 1194.616
1798.244 1214.066
1831.627 1231.341
1810.027 1358.476
1770.440 1230.605
1735.426 1355.558
1816.731 1320.680
1832.075 1200.672
1837.559 1251.289
1798.996 1221.397
1832.648 1288.686
1713.948 1359.817
1718.699 1143.379
1645.754 1221.099
1658.147 1175.898
1684.831 1193.812
1729.130 1223.488
1862.500 1145.986
1781.174 1284.831
1702.215 1309.713
1688.543 1297.277
1649.022 1188.823
1859.228 1298.233
1824.872 1268.366
1686.134 1212.302
1665.131 1179.772
1776.858 1301.773
1760.934 1191.109
1681.681 1148.162
1833.783 1338.302
1704.735 1252.427
1717.877 1214.413
1641.382 1320.759
1758.838 1201.185
1733.828 1322.544
1856.690 1342.868
1723.711 1327.306
1669.474 1205.803
1754.462 1345.062
1770.415 1309.345
1649.546 1222.584
1651.471 1231.419
1668.457 1289.447
1805.310 1317.125
1719.642 1311.120
1652.089 1340.740
1733.916 1168.344
1796.939 1325.752
1667.746 1178.441
1802.769 1234.494
1765.215 1146.623
1848.464 1295.143
1717.835 1202.520
1763.976 1178.130
1685.659 1236.020
1731.578 1186.801
1822.384 1356.291
1742.464 1255.582
1666.297 1255.176
1829.098 1168.444
1710.175 1319.719
1756.305 1216.729
1653.297 1301.583
1762.999 1329.090
1664.712 1202.117
1777.611 1354.925
1852.390 1203.537
1667.310 1144.229
1736.355 1290.659
1857.698 1245.969
1717.813 1259.439
1776.162 1326.344
1802.525 1338.601
1716.319 1236.399
1800.177 1211.129
1674.467 1277.236
1641.898 1153.312
1803.812 1162.411
1673.181 1163.815
1736.894 1330.945
1667.265 1183.453
1795.634 1363.279
1745.395 1340.696
1791.527 1156.999
1732.636 1188.446
1733.632 1315.982
1739.373 1348.530
1707.077 1340.421
1844.858 1347.148
1801.999 1291.958
1666.556 1305.981
1850.316 1286.109
1817.992 1279.376
1761.877 1252.069
1691.210 1149.208
1708.809 1232.970
1795.779 1252.415
1804.882 1338.856
1747.331 1251.933
1841.814 1347.497
1811.858 1138.027
1725.369 1324.840
1668.180 1284.761
1783.381 1172.588
1735.881 1138.772
1714.097 1245.996
1691.116 1280.147
1803.615 1225.814
1679.039 1157.710
1731.290 1177.978
1841.496 1263.188
1638.135 1278.417
1816.522 1189.433
1786.857 1137.057
1787.431 1319.501
1858.541 1326.012
1743.426 1138.228
1687.714 1205.276
1781.285 1147.142
1829.499 1238.403
1683.309 1203.725
1839.238 1323.446
1822.465 1199.697
1813.556 1186.747
1804.547 1199.271
1821.498 1177.214
1704.847 1322.211
1844.982 1226.309
1702.666 1192.054
1839.867 1330.616
1755.705 1297.786
1736.863 1272.039
1863.539 1151.005
1646.642 1141.642
1725.135 1361.780
1737.371 1319.165
1658.572 1160.041
1700.397 1334.541
1780.219 1224.616
1787.957 1341.263
1645.304 1278.965
1693.285 1241.095
1777.763 1254.082
1832.429 1361.388
1651.643 1160.067
1694.171 1304.946
1850.969 1280.220
1784.487 1199.826
1742.739 1209.951
1717.998 1325.889
1810.154 1312.856
1748.234 1180.736
1712.385 1146.415
1650.778 1359.219
1706.488 1237.047
1831.383 1198.762
1649.162 1208.173
1734.941 1268.737
1792.240 1194.500
1778.288 1238.757
1683.317 1293.112
1721.150 1152.403
1813.089 1229.402
1823.625 1265.372
1753.147 1243.949
1658.356 1153.857
1810.897 1255.707
1702.317 1330.246
1833.785 1264.478
1691.442 1347.857
1686.343 1157.952
1830.373 1358.786
1705.377 1239.791
1712.057 1178.980
1695.726 1279.876
1695.041 1228.399
1659.268 1326.452
1828.763 1266.501
1781.781 1305.766
1764.748 1246.774
1794.423 1208.670
1751.161 1248.631
1721.255 1269.902
1792.036 1223.190
1721.239 1280.894
1723.033 1302.158
1674.432 1191.678
1854.196 1277.180
1790.022 1240.346
1706.024 1169.206
1780.665 1172.757
1644.766 1327.312
1839.008 1335.830
1838.408 1313.944
1794.248 1346.802
1654.668 1162.404
1785.107 1289.893
1774.730 1173.303
1838.398 1286.580
1742.622 1177.300
1673.221 1140.496
1733.206 1162.301
1639.995 1271.796
1811.274 1226.111
1685.264 1266.469
1694.610 1268.843
1702.528 1255.722
1685.310 1292.765
1693.689 1168.973
1758.092 1153.648
1807.194 1305.933
1785.970 1240.625
1650.890 1202.491
1766.188 1170.022
1788.741 1305.831
1863.528 1188.562
1739.684 1302.116
1768.671 1149.479
1686.359 1321.353
1757.437 1274.259
1790.717 1267.795
1763.383 1209.371
1679.739 1220.485
1659.961 1258.336
1652.862 1173.175
1863.429 1357.245
1768.512 1219.749
1849.578 1211.931
1806.089 1228.463
1679.215 1239.032
1842.573 1137.458
1655.490 1355.244
1835.464 1209.924
1657.643 1346.487
1695.560 1238.186
1694.484 1185.153
1827.975 1219.215
1758.224 1342.080
1763.224 1231.553
1659.605 1175.344
1819.370 1346.126
1651.274 1255.059
1694.005 1275.942
1805.796 1233.148
1791.192 1299.858
1643.079 1317.079
1666.863 1198.559
1793.398 1281.767
1828.469 1244.151
1775.966 1318.629
1734.970 1140.418
1774.809 1337.855
1705.679 1217.704
1845.900 1293.509
1636.913 1287.966
1717.641 1312.373
1742.775 1184.942
1703.471 1216.604
1852.877 1143.910
1800.163 1292.766
1677.667 1323.350
1682.810 1228.829
1729.966 1281.260
1779.346 1342.183
1799.927 1355.919
1809.875 1300.044
1676.785 1308.222
1737.650 1218.971
1663.000 1355.543
1661.082 1204.082
1774.797 1246.060
1854.268 1284.295
1664.929 1335.272
1660.484 1192.764
1718.504 1185.046
1742.694 1303.573
1701.337 1223.097
1802.419 1205.593
1858.508 1194.035
1698.518 1341.496
1652.071 1258.526
1650.079 1148.433
1665.209 1148.912
1684.767 1274.316
1750.577 1173.195
1658.217 1288.349
1702.879 1343.389
1715.405 1154.273
1822.924 1197.007
1803.437 1228.950
1862.667 1341.250
1639.490 1352.289
1804.347 1217.299
1636.672 1178.622
1636.423 1274.934
1756.973 1141.277
1837.947 1172.922
1722.039 1278.112
1647.664 1182.514
1776.079 1163.016
1736.314 1304.452
1811.728 1149.216
1639.726 1196.658
1782.405 1251.129
1664.426 1167.034
1848.022 1236.090
1761.362 1259.003
1833.296 1326.501
1695.546 1252.894
1796.495 1318.459
1749.147 1153.740
1789.649 1338.210
1861.406 1154.458
1850.919 1308.472
1800.758 1186.253
1649.345 1280.671
1651.421 1227.903
1703.973 1180.476
1807.084 1281.067
1692.382 1296.154
1767.707 1140.645
1806.090 1306.451
1782.784 1252.846
1859.343 1236.177
1815.023 1296.867
1734.779 1363.537
1703.830 1362.611
1715.999 1274.443
1731.278 1363.615
1820.826 1257.864
1641.417 1192.538
1723.141 1253.335
1710.219 1354.464
1636.598 1348.780
1855.375 1277.179
1707.551 1324.863
1707.558 1279.053
1808.113 1162.929
1751.832 1267.863
1710.858 1158.364
1801.495 1236.761
1764.048 1178.909
1797.226 1276.031
1713.422 1271.590
1756.198 1290.270
1716.036 1193.768
1739.812 1363.480
1730.085 1253.212
1743.350 1288.350
1708.543 1179.886
1857.439 1319.492
1679.118 1350.827
1694.938 1191.576
1835.705 1265.445
1651.799 1243.387
1742.401 1254.955
1805.481 1325.864
1643.715 1321.385
1744.897 1240.358
1717.219 1248.504
1827.717 1257.739
1750.093 1358.122
1765.590 1225.244
1809.137 1283.055
1780.550 1349.594
1664.896 1153.500
1712.097 1261.430
1801.247 1177.174
1735.764 1311.091
1729.278 1247.704
1848.687 1176.771
1777.430 1328.288
1835.592 1245.846
1696.792 1172.592
1758.158 1329.512
1854.933 1249.652
1701.638 1304.480
1858.895 1252.107
1855.875 1208.245
1641.837 1243.688
1840.587 1192.099
1664.814 1328.739
1803.801 1308.455
1676.051 1360.108
1741.824 1149.468
1735.753 1264.887
1790.186 1320.378
1780.588 1177.015
1750.573 1211.263
1672.858 1252.506
1653.889 1281.402
1785.777 1258.594
1696.037 1347.974
1652.990 1201.567
1767.929 1144.457
1644.022 1270.358
1743.250 1227.705
1835.071 1318.685
1811.013 1329.122
1745.762 1186.394
1736.731 1189.521
1646.512 1341.470
1719.084 1251.484
1858.455 1293.768
1699.405 1299.219
1814.243 1142.135
1831.586 1314.132
1693.423 1309.274
1827.142 1217.063
1737.646 1213.067
1639.869 1140.898
1772.649 1204.055
1744.651 1326.203
1832.567 1322.428
1726.427 1259.374
1848.580 1233.399
1664.322 1345.812
1756.522 1200.886
1636.958 1267.971
1837.682 1237.644
1842.534 1209.241
1644.417 1208.606
1684.406 1206.772
1754.503 1192.304
1811.154 1247.680
1860.008 1264.675
1740.338 1256.877
1694.089 1340.610
1747.355 1240.188
1826.378 1228.979
1776.679 1294.929
1647.595 1168.965
1796.864 1147.383
1738.675 1348.033
1716.193 1141.260
1719.850 1219.729
1642.360 1183.077
1858.459 1348.953
1770.151 1169.025
1726.254 1140.375
1748.971 1210.985
1727.625 1280.383
1645.546 1314.934
1791.869 1138.468
1685.596 1225.704
1835.088 1349.948
1681.222 1277.826
1823.303 1180.462
1823.167 1252.781
1786.547 1346.873
1794.855 1268.756
1794.385 1324.311
1755.458 1329.892
1658.095 1359.300
1669.795 1251.374
1854.534 1246.301
1673.998 1164.272
1841.447 1326.730
1841.069 1307.011
1660.775 1289.152
1784.345 1172.592
1793.980 1274.880
1842.257 1202.656
1662.977 1301.087
1807.439 1156.911
1832.031 1283.432
1745.362 1281.762
1675.708 1171.187
1766.145 1145.167
1645.137 1319.350
1707.500 1242.861
1828.866 1213.444
1768.213 1159.589
1698.491 1307.135
1688.704 1304.076
1749.173 1287.531
1730.215 1285.039
1708.805 1226.596
1766.689 1254.481
1721.460 1350.415
1732.503 1318.193
1860.956 1219.339
1776.158 1161.771
1687.888 1166.120
1827.330 1318.996
1756.872 1249.026
1684.689 1272.209
1698.774 1329.218
1784.805 1313.177
1773.521 1275.312
1789.132 1162.226
1796.669 1187.996
1765.178 1237.509
1638.503 1259.577
1853.625 1206.945
1803.527 1160.029
1644.893 1171.501
1776.442 1229.256
1750.087 1201.286
1797.217 1308.082
1637.174 1352.409
1853.361 1177.079
1689.618 1319.797
1788.044 1292.630
1710.074 1235.826
1721.519 1174.744
1722.368 1153.991
1808.873 1153.200
1835.327 1230.026
1711.237 1193.959
1717.067 1137.423
1845.833 1143.007
1860.018 1339.050
1828.029 1359.732
1732.831 1185.140
1689.180 1254.245
1710.461 1227.063
1704.516 1339.161
1829.143 1347.774
1639.004 1317.150
1662.312 1148.024
1759.881 1326.416
1689.603 1163.437
1842.396 1353.063
1788.448 1345.339
1702.546 1344.890
1735.520 1186.671
1838.800 1235.089
1774.917 1196.543
1842.088 1155.667
1692.107 1305.195
1660.007 1283.964
1862.486 1269.700
1726.810 1327.997
1683.892 1241.300
1699.546 1312.639
1770.387 1238.504
1732.001 1349.407
1714.412 1183.098
1767.493 1341.399
1674.350 1279.791
1813.155 1339.804
1817.877 1140.217
1694.866 1313.554
1811.234 1195.294
1809.834 1356.884
1854.633 1229.860
1750.697 1245.167
1824.158 1196.763
1765.915 1233.136
1679.075 1169.737
1828.879 1138.747
1696.031 1261.495
1745.348 1243.447
1838.100 1332.101
1713.576 1213.836
1687.394 1339.985
1794.326 1207.368
1786.734 1250.748
1701.880 1307.743
1727.588 1330.967
1797.797 1225.023
1702.430 1284.692
1842.499 1351.931
1718.736 1238.513
1730.504 1181.938
1723.061 1172.700
1832.895 1185.476
1817.035 1146.129
1683.665 1208.572
1704.176 1274.880
1708.186 1224.486
1858.222 1319.718
1758.451 1142.395
1819.779 1336.706
1721.574 1329.133
1719.493 1303.849
1655.930 1254.934
1855.524 1212.153
1738.841 1265.095
1769.373 1139.710
1727.855 1271.487
1743.426 1323.581
1767.883 1177.631
1841.556 1332.202
1810.979 1218.761
1704.724 1346.239
1836.164 1189.787
1659.287 1292.871
1745.387 1350.009
1678.368 1178.029
1668.627 1207.045
1684.239 1200.682
1638.439 1277.805
1857.136 1319.648
1849.872 1196.488
1766.885 1238.567
1280.053 1661.901
1427.119 1790.468
1263.868 1781.172
1338.321 1656.205
1416.821 1847.362
1205.864 1754.951
1315.381 1723.124
1395.295 1697.348
1224.466 1661.244
1288.512 1827.618
1213.601 1730.789
1280.160 1723.450
1305.024 1727.956
1294.003 1657.881
1225.686 1799.634
1398.169 1640.137
1212.304 1794.671
1242.200 1637.758
1392.489 1715.769
1239.317 1832.463
1331.683 1747.795
1391.102 1695.580
1421.543 1778.267
1237.868 1660.458
1208.502 1637.016
1290.610 1753.491
1420.273 1717.190
1368.581 1698.235
1321.787 1754.719
1364.643 1768.984
1320.270 1846.149
1424.360 1644.572
1414.182 1680.549
1315.978 1783.349
1246.850 1685.628
1284.723 1648.814
1215.223 1692.349
1207.716 1695.576
1416.401 1631.814
1295.808 1691.006
1397.897 1852.964
1384.367 1796.348
1320.233 1809.006
1302.434 1853.970
1352.046 1843.819
1273.727 1749.712
1348.169 1669.825
1205.161 1673.624
1369.715 1764.643
1292.691 1713.860
1260.692 1657.228
1288.883 1835.935
1332.372 1681.692
1261.082 1661.160
1407.913 1678.598
1386.870 1677.352
1424.877 1681.573
1242.222 1750.118
1227.792 1633.771
1224.082 1650.731
1284.850 1764.317
1316.360 1856.896
1341.387 1716.814
1401.608 1640.623
1314.226 1745.428
1256.906 1639.248
1412.542 1797.795
1421.651 1858.616
1428.309 1632.946
1419.566 1746.810
1326.446 1798.271
1410.145 1768.934
1270.056 1746.031
1313.189 1683.241
1267.014 1767.340
1367.140 1715.849
1383.649 1809.011
1273.253 1827.142
1293.451 1716.000
1395.066 1837.752
1277.920 1661.891
1338.422 1799.945
1233.831 1680.035
1289.800 1694.144
1347.948 1655.798
1370.999 1675.785
1206.167 1782.794
1316.102 1841.559
1363.309 1657.440
1431.731 1707.950
1387.068 1715.387
1390.099 1799.186
1402.999 1856.687
1396.578 1668.092
1421.698 1755.463
1346.419 1747.582
1278.070 1796.537
1348.772 1689.351
1338.820 1721.426
1278.103 1678.972
1420.318 1783.680
1231.284 1791.773
1275.888 1642.973
1278.065 1839.585
1320.854 1674.508
1278.685 1789.251
1376.498 1781.032
1388.266 1678.532
1371.959 1752.811
1257.600 1649.538
1210.839 1638.137
1377.680 1685.070
1339.696 1762.511
1395.951 1648.110
1403.780 1851.278
1377.258 1811.586
1345.152 1719.842
1348.217 1734.232
1276.523 1646.761
1223.843 1777.091
1335.717 1700.702
1299.202 1814.299
1428.667 1821.414
1420.324 1851.496
1346.926 1645.628
1333.451 1837.319
1323.169 1666.922
1304.323 1779.102
1356.022 1787.466
1337.610 1651.180
1205.578 1855.948
1421.108 1708.119
1317.080 1667.741
1250.313 1761.651
1210.542 1793.175
1233.832 1808.373
1370.190 1658.736
1300.792 1773.483
1300.330 1717.324
1314.001 1660.533
1424.485 1665.793
1360.990 1825.239
1323.436 1770.260
1303.487 1697.921
1209.378 1691.669
1250.900 1722.006
1401.137 1821.710
1384.897 1649.763
1431.496 1854.264
1269.271 1845.056
1262.790 1841.049
1333.638 1847.577
1243.404 1673.123
1239.383 1749.742
1406.486 1732.444
1207.109 1640.272
1329.235 1852.336
1218.613 1816.938
1359.097 1678.172
1239.964 1834.885
1249.334 1748.148
1390.893 1817.621
1247.749 1796.346
1250.336 1803.690
1281.343 1793.433
1302.911 1754.669
1286.680 1830.695
1244.643 1796.060
1311.218 1697.569
1251.934 1772.714
1227.612 1669.089
1301.199 1761.642
1256.652 1795.501
1260.582 1820.986
1298.809 1782.079
1313.379 1833.253
1300.519 1670.701
1289.494 1660.964
1320.610 1651.701
1304.965 1781.112
1214.590 1719.564
1381.386 1808.414
1378.560 1814.720
1211.373 1802.666
1235.840 1707.890
1222.736 1655.811
1346.538 1816.654
1227.016 1721.054
1397.140 1785.513
1245.559 1657.411
1383.260 1636.322
1231.664 1797.360
1428.933 1648.660
1206.326 1658.788
1276.742 1715.717
1210.373 1828.622
1234.349 1632.412
1214.299 1669.179
1336.250 1807.565
1400.032 1747.703
1257.701 1724.158
1227.234 1772.827
1293.194 1818.140
1412.281 1699.244
1394.247 1852.014
1207.568 1666.376
1380.228 1830.626
1340.967 1732.066
1226.369 1756.924
1267.316 1769.541
1271.861 1815.944
1397.809 1741.929
1256.050 1750.957
1408.545 1708.864
1226.347 1737.482
1270.779 1847.306
1344.350 1740.539
1241.652 1651.384
1310.562 1661.677
1430.323 1641.782
1362.558 1699.088
1337.929 1648.770
1312.259 1795.437
1327.081 1658.257
1395.304 1695.440
1248.723 1807.974
1210.555 1750.250
1405.181 1635.613
1339.773 1818.727
1362.424 1811.473
1320.907 1699.795
1370.228 1700.506
1349.436 1711.232
1209.947 1652.407
1295.625 1855.941
1206.363 1649.762
1349.863 1637.916
1393.953 1648.412
1270.451 1816.706
1273.046 1674.598
1239.496 1646.103
1276.620 1773.051
1227.218 1791.764
1235.272 1681.182
1292.383 1691.884
1323.095 1680.166
1263.851 1660.697
1367.689 1842.921
1311.584 1636.535
1356.731 1643.830
1340.598 1747.069
1302.326 1795.102
1348.864 1766.801
1356.363 1771.889
1397.276 1757.177
1263.542 1682.484
1428.261 1820.218
1219.555 1781.192
1363.654 1677.597
1300.482 1656.541
1358.775 1810.965
1258.096 1709.963
1268.129 1749.968
1366.735 1853.661
1234.942 1797.783
1312.392 1775.748
1305.234 1632.510
1248.659 1740.662
1403.340 1683.965
1227.011 1787.122
1262.109 1835.475
1244.424 1685.099
1277.796 1798.116
1285.828 1671.198
1417.528 1663.631
1306.675 1645.621
1234.679 1819.832
1422.597 1758.914
1294.487 1800.878
1398.809 1854.206
1255.539 1851.328
1313.948 1643.681
1280.385 1759.538
1320.262 1651.746
1231.149 1783.215
1237.340 1823.996
1335.932 1650.686
1303.732 1839.137
1403.177 1640.056
1239.004 1838.370
1243.483 1674.846
1274.307 1797.960
1371.643 1837.198
1428.360 1730.517
1263.042 1649.052
1231.052 1676.869
1214.351 1833.641
1247.697 1692.800
1389.021 1638.510
1235.007 1734.537
1330.020 1664.163
1232.747 1753.712
1301.883 1674.985
1367.949 1841.166
1213.549 1681.506
1254.448 1801.644
1218.904 1775.242
1392.191 1774.127
1235.497 1797.217
1337.900 1671.490
1338.352 1708.998
1294.839 1856.438
1231.294 1642.470
1235.358 1700.551
1255.282 1858.301
1427.331 1642.378
1277.525 1697.021
1228.091 1787.135
1248.860 1675.738
1213.761 1857.572
1266.222 1855.513
1294.135 1656.648
1246.090 1660.102
1331.049 1758.595
1294.526 1817.571
1314.280 1845.670
1299.511 1815.569
1345.419 1746.339
1430.184 1758.136
1331.307 1783.056
1327.110 1837.895
1322.207 1635.522
1404.961 1637.106
1256.752 1667.399
1267.059 1745.350
1346.652 1795.557
1306.958 1793.937
1403.456 1838.606
1358.918 1772.953
1328.481 1744.189
1403.669 1743.438
1308.524 1775.342
1331.437 1790.004
1302.518 1766.616
1373.258 1669.027
1393.355 1670.794
1412.506 1749.484
1344.847 1855.127
1429.676 1648.855
1227.159 1720.607
1430.692 1695.492
1226.768 1701.287
1368.632 1653.908
1317.911 1742.144
1377.197 1847.132
1279.862 1680.039
1405.025 1732.337
1364.444 1691.608
1218.811 1817.079
1409.004 1773.873
1369.689 1749.484
1289.947 1710.022
1415.575 1758.569
1252.348 1851.257
1407.260 1749.105
1335.821 1776.606
1328.409 1792.464
1267.593 1853.077
1323.608 1772.833
1245.954 1651.904
1267.534 1698.149
1279.043 1679.343
1247.292 1758.692
1294.513 1803.800
1323.266 1785.937
1414.695 1696.629
1262.907 1697.737
1320.034 1795.457
1251.158 1837.119
1232.456 1750.464
1264.500 1704.399
1343.540 1760.457
1310.669 1697.510
1291.508 1774.961
1417.954 1747.600
1425.724 1820.339
1370.052 1718.917
1423.764 1743.843
1401.467 1755.411
1379.652 1794.544
1255.675 1701.449
1298.951 1704.101
1384.308 1735.524
1226.630 1709.940
1221.632 1694.417
1293.036 1670.427
1340.913 1648.121
1210.917 1682.205
1429.850 1658.605
1225.241 1768.865
1401.399 1644.981
1340.170 1764.060
1292.114 1762.589
1383.658 1723.263
1334.349 1751.456
1365.952 1787.532
1283.388 1706.668
1402.229 1855.912
1262.807 1802.966
1327.097 1666.609
1367.272 1656.208
1387.567 1774.922
1283.161 1838.159
1219.057 1780.575
1383.727 1773.396
1243.095 1640.328
1254.763 1808.905
1322.309 1701.734
1266.509 1694.996
1339.822 1778.700
1316.705 1829.277
1310.371 1724.651
1392.094 1675.962
1341.833 1685.665
1343.978 1656.369
1390.968 1753.415
1233.370 1736.815
1329.471 1697.907
1263.571 1850.678
1391.595 1667.272
1340.440 1689.494
1353.970 1633.175
1228.479 1773.310
1352.080 1655.698
1358.386 1685.692
1385.734 1691.155
1346.870 1713.805
1432.372 1668.855
1370.794 1763.471
1403.664 1797.817
1345.120 1856.364
1310.982 1853.868
1266.160 1737.180
1270.717 1693.840
1266.784 1700.512
1273.352 1771.083
1365.025 1805.033
1283.172 1736.378
1320.954 1719.419
1401.422 1833.534
1396.435 1657.677
1289.715 1846.294
1402.340 1759.365
1379.801 1688.031
1397.653 1839.846
1219.990 1651.958
1357.912 1847.630
1343.423 1817.882
1351.811 1688.773
1357.413 1705.181
1355.469 1690.429
1254.319 1756.581
1318.023 1827.218
1360.661 1772.598
1333.595 1849.817
1381.491 1670.509
1429.443 1633.540
1355.754 1841.343
1413.650 1819.228
1382.296 1711.179
1247.627 1708.943
1308.529 1668.289
1273.213 1780.718
1209.609 1798.666
1341.557 1778.396
1303.234 1826.145
1244.427 1644.519
1393.054 1735.205
1351.023 1775.144
1262.928 1853.473
1372.175 1722.731
1368.693 1683.677
1349.192 1773.855
1265.634 1740.145
1372.513 1781.865
1302.133 1688.041
1423.696 1672.325
1420.708 1717.679
1223.311 1773.490
1415.765 1740.276
1359.504 1747.968
1285.460 1703.463
1262.195 1829.672
1313.595 1702.709
1330.148 1674.090
1402.389 1680.897
1254.116 1739.779
1229.928 1796.071
1339.396 1762.380
1273.711 1822.254
1291.537 1768.732
1286.123 1701.199
1303.311 1791.281
1225.823 1685.360
1278.496 1763.506
1397.751 1693.456
1308.815 1797.864
1370.851 1678.859
1236.944 1758.473
1227.450 1840.887
1243.433 1807.106
1328.432 1663.324
1276.300 1685.809
1324.323 1681.236
1378.899 1646.660
1431.333 1789.880
1359.847 1718.173
1230.302 1638.943
1327.598 1648.752
1205.620 1707.875
1404.172 1687.724
1335.297 1634.266
1368.346 1710.874
1251.256 1704.229
1326.367 1637.075
1382.717 1852.200
1229.201 1754.438
1407.761 1675.782
1343.454 1730.893
1286.717 1770.907
1429.182 1837.326
1428.431 1795.282
1312.949 1678.422
1333.102 1839.385
1308.478 1837.751
1271.556 1829.227
1333.618 1744.984
1305.572 1740.944
1400.809 1733.472
1315.559 1857.699
1423.833 1821.691
1360.098 1734.481
1362.868 1724.689
1328.780 1772.119
1318.360 1691.721
1422.133 1633.108
1368.419 1655.961
1294.528 1768.081
1298.034 1849.681
1320.241 1759.337
1413.848 1748.510
1320.943 1852.297
1236.860 1854.157
1424.384 1718.573
1424.536 1802.946
1344.011 1687.085
1321.274 1694.177
1398.448 1668.030
1412.596 1653.706
1331.915 1840.845
1343.953 1737.642
1240.965 1780.664
1209.436 1708.115
1389.506 1653.027
1387.201 1711.120
1240.315 1647.201
1314.562 1697.837
1368.378 1709.584
1220.113 1847.088
1389.306 1789.131
1411.066 1710.815
1430.285 1827.784
1274.629 1684.213
1362.161 1771.177
1289.620 1832.627
1408.227 1737.175
1401.772 1667.441
1222.371 1717.429
1423.666 1746.548
1420.148 1824.597
1367.899 1745.091
1314.711 1801.394
1339.285 1645.969
1417.237 1809.076
1242.341 1846.191
1388.625 1783.745
1334.169 1835.894
1393.821 1634.903
1277.445 1660.561
1233.818 1858.689
1432.257 1673.136
1363.888 1815.814
1311.789 1650.878
1408.486 1652.265
1211.854 1694.575
1244.223 1720.389
1353.195 1812.955
1395.270 1809.094
1429.371 1717.054
1401.460 1656.444
1397.727 1827.491
1350.840 1794.531
1256.146 1733.606
1345.208 1785.282
1326.631 1748.535
1408.176 1649.694
1253.458 1762.946
1370.658 1772.680
1339.820 1719.415
1242.456 1801.088
1294.098 1683.411
1371.297 1831.917
1377.535 1801.195
1246.233 1830.444
1292.437 1704.262
1262.152 1669.428
1355.292 1753.647
1369.514 1806.215
1426.931 1740.268
1284.502 1761.655
1258.766 1702.641
1356.550 1667.584
1397.370 1672.002
1229.643 1769.131
1230.266 1689.117
1234.525 1756.030
1293.825 1787.900
1420.126 1685.445
1367.656 1739.862
1371.485 1654.285
1288.460 1641.286
1418.523 1753.194
1368.043 1793.285
1376.833 1646.223
1348.695 1808.916
1295.489 1690.804
1261.083 1751.159
1423.351 1820.457
1279.672 1733.703
1414.432 1747.126
1315.265 1733.653
1237.890 1707.187
1353.513 1833.512
1339.422 1719.805
1283.731 1829.155
1277.760 1806.102
1286.793 1632.534
1263.846 1736.275
1219.124 1718.633
1347.698 1741.626
1318.958 1694.794
1385.681 1668.260
1252.477 1741.462
1351.737 1758.892
1212.499 1788.127
1231.781 1690.017
1376.126 1695.653
1344.607 1779.733
1279.618 1733.650
1275.900 1702.521
1277.459 1667.338
1257.012 1816.567
1338.688 1836.826
1372.279 1821.456
1213.927 1706.947
1344.691 1830.916
1299.971 1649.595
1212.706 1683.712
1392.789 1668.569
1429.349 1748.072
1405.853 1756.623
1265.735 1697.742
1247.334 1755.440
1357.656 1760.321
1417.256 1711.685
1321.739 1847.214
1399.655 1706.973
1418.864 1815.730
1373.546 1650.832
1227.358 1856.445
1384.979 1805.164
1323.539 1743.270
1210.011 1679.279
1297.448 1733.391
1420.255 1848.840
1392.087 1809.824
1274.096 1729.083
1281.639 1779.189
1242.022 1645.364
1266.787 1791.366
1312.722 1760.829
1267.638 1633.433
1370.678 1777.503
1306.214 1791.513
1424.893 1832.249
1239.777 1744.692
1338.273 1662.131
1353.819 1734.422
1372.496 1811.343
1215.758 1669.664
1362.565 1665.396
1406.416 1642.642
1286.501 1644.335
1220.249 1649.096
1351.699 1661.697
1238.355 1708.046
1331.271 1821.547
1332.213 1683.971
1379.137 1716.081
1269.180 1800.352
1383.203 1702.388
1235.823 1654.446
1267.332 1733.878
1262.895 1696.652
1406.236 1805.438
1257.685 1777.139
1359.795 1730.050
1402.912 1705.130
1318.612 1715.176
1344.156 1707.974
1238.741 1688.085
1417.329 1648.123
1322.615 1736.358
1321.542 1730.391
1237.185 1789.645
1275.788 1792.292
1397.694 1690.791
1412.428 1820.180
1346.503 1706.362
1274.309 1671.742
1229.506 1781.350
1296.324 1851.667
1393.320 1657.966
1217.502 1635.983
1373.068 1855.245
1333.576 1705.371
1259.280 1837.956
1333.338 1635.354
1423.804 1818.148
1214.299 1850.894
1366.512 1730.560
1271.516 1833.863
1387.111 1728.647
1415.607 1694.092
1296.442 1726.785
1227.542 1766.820
1378.862 1847.379
1378.085 1834.955
1277.551 1838.784
1385.016 1633.040
1317.157 1750.942
1289.602 1748.802
1295.744 1670.879
1425.031 1775.347
1362.602 1700.213
1327.172 1723.535
1217.536 1660.770
1279.263 1773.423
1292.081 1728.294
1243.789 1664.941
1209.402 1748.804
1332.276 1633.665
1391.914 1715.492
1317.975 1674.743
1272.619 1792.491
1235.091 1637.248
1260.190 1838.685
1294.802 1678.436
1269.943 1651.734
1334.513 1788.071
1232.021 1709.234
1360.065 1682.994
1371.318 1815.636
1320.520 1746.182
1206.436 1702.215
1242.768 1820.863
1346.564 1702.273
1340.133 1714.452
1212.756 1707.206
1239.017 1817.703
1390.336 1705.931
1425.368 1741.724
1332.539 1691.467
1363.948 1722.801
1236.815 1704.394
1317.258 1807.084
1322.318 1743.289
1290.039 1631.725
1252.628 1771.675
1212.703 1853.085
1261.894 1674.380
1214.144 1739.024
1280.990 1657.101
1235.591 1817.042
1227.883 1685.674
1381.058 1742.565
1428.041 1856.084
1324.834 1811.848
1310.136 1640.504
1216.614 1766.334
1287.649 1753.674
1234.773 1741.137
1407.799 1849.230
1290.550 1694.892
1235.510 1763.845
1392.630 1794.080
1370.627 1774.094
1257.340 1834.116
1326.427 1839.584
1233.802 1816.172
1350.016 1636.563
1298.152 1779.111
1401.935 1796.217
1412.696 1707.180
1249.845 1796.389
1350.497 1838.985
1244.790 1857.288
1222.855 1684.320
1262.807 1790.381
1347.232 1789.946
1423.370 1834.639
1370.771 1812.617
1308.456 1713.653
1387.240 1730.212
1233.374 1761.536
1240.533 1789.227
1209.876 1661.146
1418.494 1818.512
1399.669 1770.399
1352.586 1755.419
1206.338 1698.187
1391.344 1762.304
1338.384 1670.302
1384.321 1675.665
1263.422 1794.048
1326.590 1792.405
1388.070 1663.797
1372.023 1683.788
1364.395 1844.617
1391.249 1817.623
1266.780 1783.220
1396.696 1713.820
1392.362 1692.460
1238.362 1717.916
1418.226 1647.753
1331.634 1836.199
1356.633 1706.317
1306.883 1702.702
1428.402 1743.061
1359.867 1801.177
1250.137 1813.835
1214.875 1761.838
1306.061 1773.996
1413.591 1732.401
1415.992 1778.345
1287.328 1730.265
1382.299 1822.635
1245.961 1846.698
1415.343 1720.770
1245.989 1689.896
1295.833 1684.364
1425.141 1781.867
1256.921 1725.016
1412.267 1693.679
1403.294 1751.808
1379.209 1836.373
1366.437 1646.731
1414.359 1753.447
1238.758 1681.227
1365.248 1814.900
1276.233 1798.043
1348.535 1676.854
1235.416 1790.269
1367.756 1766.416
1412.282 1661.586
1206.542 1814.971
1320.355 1645.109
1326.746 1839.236
1335.348 1736.863
1350.471 1777.135
1371.993 1655.224
1296.273 1753.194
1383.049 1752.379
1314.059 1715.360
1361.180 1685.367
1208.846 1760.827
1262.859 1662.034
1371.399 1694.204
1399.460 1736.503
1345.200 1750.836
1348.537 1700.324
1374.669 1763.780
1431.132 1844.003
1365.346 1722.004
1264.993 1782.922
1295.193 1838.653
1258.523 1681.780
1388.263 1723.236
1259.775 1796.736
1335.855 1716.973
1210.007 1769.939
1209.316 1726.512
1218.646 1814.386
1244.389 1749.354
1351.377 1659.425
1219.864 1772.975
1283.115 1661.087
1429.905 1694.307
1409.491 1825.221
1320.508 1838.111
1301.536 1724.327
1223.682 1694.339
1334.327 1671.295
1406.702 1842.080
1341.118 1660.320
1408.126 1805.497
1212.157 1805.476
1328.916 1657.042
1285.843 1740.040
1300.286 1737.269
1424.330 1643.601
1414.424 1640.915
1402.078 1641.235
1240.479 1790.817
1231.142 1669.410
1233.678 1664.078
1414.177 1708.573
1282.927 1834.200
1387.309 1847.098
1367.935 1790.099
1306.646 1763.394
1245.923 1811.126
1337.449 1741.245
1267.983 1795.407
1359.084 1770.987
1236.168 1692.410
1430.374 1763.406
1408.260 1753.779
1207.722 1731.951
1322.825 1786.403
1359.319 1807.316
1336.373 1669.390
1338.042 1749.707
1215.208 1744.136
1349.010 1770.575
1429.998 1731.655
1210.768 1684.915
1352.772 1800.464
1310.418 1702.935
1375.317 1703.624
1325.246 1671.608
1287.111 1663.459
1282.067 1783.023
1297.799 1647.295
1218.603 1657.624
1375.230 1780.780
1258.875 1661.395
1429.466 1666.170
1210.488 1726.630
1372.844 1816.783
1228.828 1699.904
1410.529 1710.513
1407.735 1677.237
1319.960 1857.690
1359.031 1674.084
1245.900 1813.838
1229.815 1825.016
1319.271 1759.416
1421.984 1844.913
1325.584 1848.899
1291.023 1669.636
1401.586 1662.844
1384.770 1672.935
1299.287 1696.406
1392.136 1724.758
787.659 1190.665
691.786 1147.956
827.187 1175.542
746.761 1034.231
799.763 1066.646
781.635 1213.002
773.555 1106.109
808.281 1183.224
675.655 1066.434
845.110 1204.058
843.704 1154.755
834.544 1230.262
716.061 1038.443
819.415 1219.723
704.018 1137.607
732.019 1130.251
670.541 1187.548
721.834 1136.032
803.770 1077.234
842.027 1237.718
848.646 1197.024
701.171 1234.372
666.969 1118.325
859.073 1225.076
713.494 1159.782
862.679 1211.759
767.829 1103.488
767.463 1080.004
701.274 1069.031
850.674 1137.911
854.422 1172.588
871.788 1245.590
757.519 1211.094
673.735 1134.939
725.933 1146.430
718.445 1232.316
812.807 1181.919
805.523 1069.880
737.733 1087.019
874.345 1108.107
783.232 1031.893
699.367 1105.540
681.148 1044.723
779.901 1127.724
831.545 1207.143
650.641 1092.361
832.523 1126.669
804.476 1141.269
846.894 1174.589
792.549 1077.972
661.982 1125.372
732.667 1056.018
770.891 1203.233
736.839 1080.209
656.719 1117.658
714.834 1194.941
651.046 1036.029
820.927 1038.168
795.927 1107.789
786.893 1154.942
857.120 1179.237
728.385 1147.708
722.649 1132.537
702.700 1248.300
773.429 1221.433
780.660 1125.711
715.340 1065.438
830.186 1046.726
721.667 1164.492
793.497 1210.181
675.954 1224.938
711.151 1199.706
836.102 1241.952
723.240 1097.836
794.886 1231.427
814.672 1248.678
694.844 1192.788
752.213 1155.004
789.461 1199.283
822.372 1193.490
809.689 1130.709
827.688 1104.818
786.885 1034.016
842.405 1049.071
755.972 1040.386
695.144 1039.247
817.990 1222.460
652.978 1076.299
863.555 1224.084
753.772 1117.201
811.386 1224.675
865.948 1174.666
803.222 1033.249
693.194 1134.409
715.590 1191.806
694.850 1209.920
697.492 1160.124
660.041 1207.383
679.578 1208.955
686.744 1191.219
715.607 1104.440
680.435 1166.275
689.928 1224.407
652.790 1186.005
827.095 1198.826
701.995 1235.589
772.274 1084.808
738.296 1206.527
826.787 1240.475
757.701 1166.389
705.290 1142.951
723.991 1209.142
784.835 1027.873
763.124 1209.890
765.467 1243.990
675.205 1112.120
834.988 1196.563
831.765 1119.933
681.791 1234.372
686.523 1064.431
689.122 1129.322
778.642 1205.592
856.859 1054.203
837.738 1165.481
752.371 1113.157
802.647 1191.313
869.964 1027.865
738.779 1134.558
659.636 1240.668
723.056 1136.164
708.662 1247.352
851.341 1155.509
850.718 1126.649
708.251 1095.947
778.177 1077.419
783.254 1189.984
724.864 1058.100
704.625 1133.974
816.263 1111.720
862.382 1173.045
790.185 1135.773
661.253 1111.933
820.151 1140.426
670.158 1055.031
847.347 1147.473
809.833 1097.669
796.973 1175.681
860.881 1208.373
656.002 1192.224
813.173 1081.950
745.916 1067.088
701.636 1162.047
857.687 1105.506
792.883 1071.997
719.037 1212.040
792.565 1201.971
737.289 1030.052
762.543 1065.218
786.112 1078.562
862.505 1057.135
782.134 1039.416
771.586 1074.436
862.770 1115.542
743.234 1093.899
701.387 1222.336
719.607 1094.815
695.483 1043.558
736.418 1187.036
791.030 1095.360
755.747 1055.529
682.013 1049.590
833.934 1208.992
851.989 1072.329
794.794 1198.673
769.869 1163.052
773.133 1249.401
745.121 1120.137
827.478 1119.108
741.616 1213.141
744.662 1110.138
750.137 1222.111
872.741 1089.589
831.186 1179.060
762.717 1181.467
769.546 1137.200
705.424 1180.858
797.325 1128.192
688.898 1069.313
693.510 1115.529
703.593 1032.337
817.231 1139.847
662.347 1046.881
826.483 1045.784
789.473 1102.139
769.280 1067.237
701.344 1027.974
780.657 1033.919
723.060 1094.761
783.716 1237.621
792.524 1071.253
712.407 1072.900
736.981 1058.322
751.484 1106.262
826.013 1088.184
741.051 1226.046
655.946 1254.312
748.750 1129.072
824.700 1131.074
680.330 1224.241
816.108 1176.183
833.056 1064.968
813.505 1183.665
743.978 1175.109
855.756 1208.207
783.914 1073.314
663.382 1117.857
849.308 1202.385
733.500 1140.681
761.183 1167.107
789.094 1182.418
816.570 1115.613
834.376 1174.570
727.634 1206.596
803.442 1120.812
819.345 1067.346
870.970 1145.724
810.983 1081.009
700.940 1206.486
780.799 1251.797
677.697 1163.059
706.837 1162.399
839.378 1113.060
862.591 1099.830
746.796 1198.096
744.007 1063.985
870.311 1052.140
852.087 1178.349
747.025 1132.275
777.610 1047.062
791.757 1086.471
772.960 1054.647
762.250 1173.099
712.551 1091.344
863.395 1247.955
806.445 1095.464
725.841 1206.462
743.591 1044.019
823.306 1125.128
727.928 1241.155
776.190 1253.479
836.092 1050.011
767.443 1037.371
671.073 1214.944
752.479 1096.254
825.705 1155.133
806.291 1129.182
830.873 1082.134
845.471 1187.539
861.052 1142.862
829.068 1083.457
660.138 1108.562
822.653 1190.433
788.156 1204.588
836.338 1144.246
751.537 1112.319
803.802 1237.305
669.375 1060.301
763.687 1029.887
825.955 1204.066
754.266 1192.768
778.029 1223.415
867.749 1213.194
827.705 1134.909
797.396 1227.252
723.094 1111.575
739.153 1102.959
772.429 1081.340
760.412 1059.244
840.209 1108.940
651.424 1174.446
741.014 1069.039
717.990 1231.123
700.634 1146.975
819.218 1244.397
730.923 1249.991
804.285 1178.998
677.512 1178.131
729.213 1253.441
659.910 1076.528
747.213 1064.687
686.489 1240.412
730.583 1127.001
659.011 1049.091
845.011 1214.893
800.407 1122.050
860.988 1228.191
712.472 1141.552
871.734 1053.803
673.311 1065.031
660.349 1171.742
700.412 1208.879
790.056 1074.963
683.041 1200.013
865.178 1081.505
760.411 1132.903
772.031 1143.070
789.948 1125.641
768.855 1161.860
686.048 1108.619
797.355 1061.166
721.154 1187.703
860.976 1119.893
746.681 1200.411
703.159 1188.151
653.792 1027.781
810.623 1059.471
800.986 1244.115
857.917 1175.847
649.388 1042.956
724.977 1129.856
762.867 1134.765
820.884 1151.132
865.078 1143.326
834.937 1175.828
652.321 1090.116
735.332 1150.749
801.678 1150.405
748.080 1209.975
700.187 1220.793
782.950 1037.735
753.971 1084.934
694.317 1216.797
812.582 1048.326
865.514 1127.131
665.593 1044.939
786.867 1253.395
839.510 1242.944
774.396 1046.146
827.485 1167.358
850.496 1169.942
868.825 1212.908
842.446 1133.158
854.496 1202.381
650.221 1212.077
762.131 1063.751
702.334 1135.441
838.622 1152.005
683.438 1111.183
665.433 1088.095
700.008 1067.341
803.462 1156.047
855.548 1055.876
722.474 1125.019
779.668 1187.841
828.600 1076.122
859.760 1144.064
766.050 1067.691
678.802 1062.026
753.109 1175.615
717.223 1206.582
860.800 1118.628
691.644 1091.851
668.086 1181.260
765.146 1228.137
794.846 1073.858
812.136 1060.291
712.322 1186.471
738.141 1039.725
770.703 1246.835
716.595 1169.605
717.617 1232.170
845.821 1154.847
660.498 1106.728
836.861 1124.074
825.772 1231.390
668.158 1092.861
662.171 1162.952
786.192 1126.765
690.138 1066.879
697.934 1064.650
814.775 1220.930
771.320 1131.574
655.545 1147.495
704.977 1207.368
832.131 1075.078
716.960 1160.615
649.921 1047.777
807.357 1125.619
736.140 1135.259
793.339 1155.269
844.840 1047.414
871.875 1091.008
840.574 1222.899
813.649 1249.361
800.838 1115.646
791.930 1232.772
707.338 1249.464
850.095 1237.503
763.309 1073.377
847.230 1165.043
845.955 1044.395
652.068 1254.336
664.808 1152.486
767.034 1221.787
846.156 1199.440
724.657 1049.445
723.613 1231.144
761.673 1109.745
741.431 1230.131
838.640 1108.277
828.590 1219.775
845.180 1253.968
764.012 1144.794
811.214 1214.985
802.772 1108.943
832.261 1166.883
758.748 1108.664
716.571 1158.383
697.360 1046.273
743.675 1156.367
799.069 1051.984
649.423 1085.872
719.417 1162.509
828.666 1180.145
666.427 1250.212
661.086 1058.960
798.853 1132.699
688.908 1074.912
763.876 1092.647
739.637 1055.669
658.013 1198.245
845.376 1244.810
731.267 1152.621
752.464 1108.268
686.302 1185.584
704.561 1116.100
660.283 1217.249
843.037 1208.442
690.259 1236.179
788.098 1082.456
738.263 1039.513
776.137 1065.213
666.310 1138.508
735.810 1089.964
829.641 1121.142
718.770 1163.159
692.622 1079.243
678.382 1054.628
673.218 1173.070
723.837 1218.091
780.043 1141.284
765.596 1154.924
759.161 1057.570
870.464 1253.311
872.221 1231.452
817.975 1185.239
854.236 1145.370
798.563 1208.324
708.917 1177.433
739.811 1073.481
823.484 1180.513
703.517 1073.327
695.392 1115.791
733.776 1102.069
794.076 1182.608
815.135 1086.740
848.462 1192.402
816.743 1123.244
731.159 1150.189
779.168 1166.985
840.853 1087.966
798.897 1043.933
837.661 1156.685
764.675 1038.588
822.659 1059.942
817.555 1246.824
859.758 1030.798
744.768 1069.936
782.341 1053.347
743.274 1036.398
781.833 1081.910
788.083 1176.212
825.698 1173.997
659.235 1164.692
654.837 1210.376
851.187 1138.425
795.859 1176.891
670.157 1250.390
856.852 1184.488
864.881 1195.670
866.524 1110.838
651.973 1066.619
785.528 1233.740
696.550 1240.154
651.638 1129.255
735.199 1233.629
862.680 1036.532
813.571 1050.545
765.778 1044.925
667.990 1150.230
662.937 1105.379
791.488 1170.044
673.911 1117.674
801.826 1166.674
750.632 1030.583
745.086 1096.135
805.707 1147.517
842.650 1098.587
826.837 1147.429
805.519 1202.600
840.354 1199.065
796.996 1248.974
825.916 1091.808
701.174 1079.396
818.263 1070.774
794.078 1132.956
732.931 1151.556
770.647 1212.662
785.466 1076.906
853.980 1162.554
789.296 1179.346
689.006 1176.845
747.137 1229.134
735.555 1167.461
688.742 1116.903
655.151 1252.947
716.873 1053.769
730.054 1158.349
685.519 1230.287
856.281 1093.624
678.872 1073.755
688.898 1166.680
724.350 1113.070
847.476 1141.921
843.995 1146.948
790.193 1112.274
759.749 1130.232
690.214 1040.876
827.008 1203.686
661.815 1062.020
684.012 1058.335
819.394 1057.531
722.423 1045.237
862.236 1184.968
650.711 1044.960
733.538 1103.349
714.086 1138.355
801.728 1149.716
729.695 1206.844
860.855 1186.905
862.412 1090.778
654.574 1213.134
751.970 1195.676
815.472 1192.777
839.108 1134.928
768.804 1165.193
841.179 1038.471
836.263 1065.951
863.950 1239.682
720.322 1036.061
717.779 1209.296
677.894 1037.327
869.948 1053.942
806.028 1039.584
825.698 1078.577
689.873 1082.775
775.475 1209.617
793.707 1039.328
688.569 1109.033
663.106 1037.453
828.983 1143.453
707.071 1094.155
716.574 1169.190
699.328 1068.855
748.114 1079.481
835.345 1098.244
776.220 1172.663
785.329 1157.972
701.781 1239.596
837.657 1165.138
687.097 1120.892
781.453 1106.626
705.474 1166.487
836.834 1190.156
794.923 1231.375
763.979 1253.482
789.194 1065.425
869.161 1082.319
739.303 1199.539
736.332 1072.944
751.430 1228.137
725.194 1078.392
665.732 1147.216
667.168 1043.320
729.222 1104.610
746.541 1169.816
828.405 1085.394
701.873 1085.320
708.169 1184.970
860.963 1060.817
849.438 1243.829
675.727 1046.519
681.079 1207.691
660.077 1199.958
771.357 1141.603
667.641 1079.591
801.940 1088.530
667.507 1164.059
809.013 1238.970
676.725 1133.265
849.454 1184.969
726.251 1108.524
713.699 1118.172
739.495 1183.607
742.171 1136.015
796.406 1045.028
827.223 1207.269
808.449 1222.851
686.236 1072.249
849.345 1082.556
726.943 1163.794
832.595 1181.619
833.325 1103.630
716.700 1201.388
813.922 1147.248
655.135 1135.012
679.256 1099.010
748.700 1242.258
839.755 1155.646
700.609 1131.337
806.458 1099.373
712.022 1139.127
750.474 1229.692
823.091 1213.907
675.439 1132.127
806.350 1057.283
762.403 1052.468
820.560 1198.483
859.190 1232.395
800.258 1058.858
833.384 1195.319
717.133 1221.603
714.505 1237.070
786.948 1157.856
751.866 1102.135
808.243 1229.774
784.006 1238.581
718.453 1068.453
814.359 1176.131
662.920 1173.234
842.328 1046.355
656.929 1240.424
828.963 1211.694
842.627 1079.021
788.430 1193.678
858.507 1061.572
774.479 1247.735
867.480 1083.808
800.289 1195.538
778.834 1172.284
748.711 1147.904
749.634 1243.088
868.515 1173.295
841.481 1086.631
746.271 1096.610
681.176 1031.009
846.365 1108.967
754.115 1092.258
715.526 1150.494
702.522 1152.678
665.608 1246.266
735.429 1136.600
689.395 1102.916
853.304 1158.518
723.362 1040.484
790.687 1068.776
724.557 1091.299
875.352 1058.882
768.919 1248.947
793.986 1167.814
860.836 1079.397
776.602 1248.736
660.206 1147.803
812.591 1174.398
705.505 1192.287
781.057 1131.607
811.371 1214.709
841.534 1241.045
820.050 1195.674
812.931 1150.085
787.899 1208.142
776.697 1134.621
694.722 1154.346
656.501 1161.865
680.602 1076.075
752.374 1234.815
702.239 1207.734
765.613 1077.055
760.206 1070.505
778.387 1059.629
682.530 1086.179
682.405 1033.417
754.442 1069.156
776.292 1233.693
743.547 1043.628
766.604 1108.889
773.414 1225.853
665.378 1153.531
752.259 1116.563
714.401 1149.434
823.328 1123.908
718.591 1219.417
819.710 1146.321
753.264 1225.977
855.100 1157.639
853.969 1249.087
767.241 1083.325
869.634 1254.640
816.037 1089.082
834.023 1217.463
753.658 1088.478
836.644 1228.495
852.216 1199.010
741.766 1044.949
808.554 1061.641
774.730 1102.419
821.591 1061.953
710.675 1093.154
695.934 1229.800
768.376 1250.013
745.485 1051.441
669.488 1162.706
689.058 1190.581
659.709 1102.779
805.676 1102.712
781.039 1090.661
659.268 1215.872
664.578 1226.666
785.175 1109.768
711.521 1080.231
709.311 1095.536
695.061 1147.027
739.675 1208.903
794.225 1084.038
745.177 1237.715
726.160 1224.569
726.677 1030.261
804.597 1048.299
864.145 1163.412
791.238 1183.762
778.780 1077.685
799.740 1146.048
767.905 1185.969
740.704 1177.938
860.244 1030.719
815.086 1096.943
714.717 1163.348
814.189 1049.773
671.353 1104.156
800.186 1061.025
788.797 1142.864
795.184 1191.426
747.932 1143.491
790.933 1155.196
852.471 1168.224
691.834 1210.289
667.229 1101.694
684.922 1087.188
749.120 1152.547
786.310 1105.983
696.124 1062.264
802.978 1089.392
663.552 1123.890
650.848 1183.087
758.952 1033.908
692.351 1088.534
764.418 1205.269
852.254 1247.227
846.981 1193.728
767.097 1116.892
723.075 1236.896
672.973 1097.679
802.992 1249.504
725.570 1152.381
794.274 1130.454
809.203 1176.196
777.313 1118.412
744.734 1118.521
715.033 1041.060
715.364 1250.828
709.202 1052.061
746.702 1064.546
677.969 1067.157
804.232 1069.216
687.911 1104.334
875.468 1105.511
715.307 1188.704
760.555 1105.558
800.040 1181.919
749.544 1091.395
771.398 1087.445
823.217 1235.535
746.987 1209.958
744.082 1059.089
866.563 1087.297
708.904 1183.584
864.253 1227.171
768.910 1137.219
674.042 1132.303
706.782 1222.147
865.357 1069.948
682.755 1030.497
777.426 1193.499
786.573 1088.795
866.339 1126.567
867.908 1136.517
703.654 1193.025
687.886 1047.765
820.164 1078.423
675.755 1146.758
801.172 1070.692
852.903 1221.698
776.475 1251.768
727.103 1105.378
799.794 1208.961
868.517 1095.893
790.192 1091.086
693.594 1049.526
729.269 1236.024
670.796 1242.566
685.918 1083.591
776.612 1212.758
780.543 1032.526
671.092 1196.767
836.133 1116.487
669.364 1146.605
810.327 1195.722
730.050 1114.261
721.116 1107.204
846.479 1056.292
665.358 1237.690
750.730 1226.875
664.372 1200.445
784.525 1070.564
685.879 1196.293
738.613 1100.541
768.639 1069.918
677.379 1155.146
753.313 1209.891
675.876 1215.085
698.310 1166.449
762.165 1183.067
660.929 1207.088
811.645 1185.107
804.312 1164.985
800.449 1190.693
846.164 1187.172
730.944 1082.087
705.166 1131.996
795.001 1061.874
813.459 1241.439
653.754 1173.542
711.309 1215.009
680.814 1240.215
719.825 1077.302
713.518 1053.417
737.255 1028.898
732.956 1052.986
665.579 1235.090
768.740 1212.184
815.855 1204.385
738.599 1096.373
674.302 1244.906
700.849 1047.934
742.958 1235.690
798.766 1028.956
769.196 1137.168
766.186 1062.150
849.597 1109.904
670.722 1076.455
751.320 1229.057
756.150 1138.863
864.891 1076.424
671.144 1143.081
706.915 1185.051
757.186 1162.118
790.961 1240.503
676.067 1050.695
716.285 1061.753
742.507 1219.763
737.346 1192.067
697.409 1222.046
835.748 1209.827
790.393 1063.771
683.989 1214.672
792.040 1080.626
808.996 1183.662
803.722 1135.165
872.260 1092.934
705.854 1055.475
1152.280 801.058
1302.684 763.901
1348.644 849.702
1335.258 718.656
1323.344 777.493
1305.252 642.989
1217.848 643.313
1284.933 856.666
1228.696 699.705
1338.007 754.222
1186.637 811.203
1225.719 723.827
1276.109 652.043
1188.276 697.219
1143.284 817.464
1284.766 734.286
1138.248 777.162
1217.044 841.712
1278.245 799.138
1165.061 847.759
1224.948 723.805
1139.434 641.859
1234.166 849.843
1284.514 751.479
1295.778 848.229
1235.817 808.563
1256.451 766.312
1186.565 828.372
1137.064 744.309
1151.869 647.301
1340.341 852.502
1227.310 851.000
1262.889 796.116
1301.424 787.148
1198.394 730.589
1255.251 740.819
1188.852 666.947
1334.906 806.383
1189.003 813.874
1339.588 772.983
1224.221 689.757
1190.713 826.459
1327.831 746.076
1248.599 700.286
1270.564 692.068
1161.550 655.445
1242.785 804.813
1345.843 796.136
1202.902 758.462
1304.017 682.764
1323.169 794.720
1131.916 763.673
1254.301 809.753
1317.513 821.190
1279.939 657.716
1330.008 680.103
1237.633 762.791
1202.461 661.957
1142.857 720.308
1277.562 767.521
1158.241 785.511
1287.404 681.147
1310.340 649.286
1324.150 667.953
1189.577 654.167
1135.513 693.789
1222.374 685.769
1345.425 815.716
1183.715 728.798
1299.543 724.797
1186.818 856.023
1303.433 851.143
1247.018 652.307
1255.450 688.106
1144.185 719.682
1333.169 774.881
1246.094 716.944
1352.739 843.136
1336.725 730.890
1172.711 647.594
1139.766 647.612
1249.580 828.447
1253.595 847.563
1350.377 656.765
1229.463 673.854
1222.448 674.959
1204.480 779.478
1162.847 656.500
1267.123 669.430
1228.455 661.504
1157.159 717.666
1262.439 755.695
1229.096 641.165
1257.524 755.807
1210.323 668.921
1340.215 777.525
1168.579 738.736
1184.055 728.384
1176.769 774.029
1332.562 732.883
1267.697 687.715
1305.551 818.112
1353.678 741.944
1154.062 678.950
1304.869 770.576
1299.984 785.793
1133.024 708.294
1196.610 697.181
1343.300 679.804
1200.633 718.026
1346.455 780.480
1294.475 782.439
1298.468 666.555
1191.546 756.218
1140.617 753.790
1132.794 838.094
1335.485 801.708
1319.378 777.408
1303.742 696.078
1163.481 645.315
1313.401 811.781
1254.975 653.110
1242.577 851.133
1157.463 768.635
1226.470 791.831
1312.180 742.074
1233.715 834.903
1286.774 665.218
1143.674 700.820
1256.364 831.778
1291.406 771.295
1177.559 792.858
1203.591 804.308
1345.009 637.740
1275.840 822.619
1280.762 699.119
1312.531 766.389
1200.088 706.954
1207.366 787.832
1194.819 673.309
1141.125 839.428
1183.885 795.925
1351.490 681.794
1323.448 699.594
1243.596 822.273
1134.065 649.024
1336.465 832.150
1129.916 712.340
1218.320 785.565
1296.541 641.658
1150.856 760.206
1191.340 707.520
1193.914 821.865
1226.917 820.151
1319.392 717.607
1238.460 803.651
1168.517 785.499
1168.904 844.234
1257.962 827.278
1328.281 692.575
1281.695 673.139
1155.686 639.155
1281.445 693.473
1207.538 850.751
1319.848 718.113
1198.437 744.278
1149.491 784.542
1175.158 708.233
1338.666 742.005
1284.025 745.244
1291.439 789.117
1233.197 663.305
1185.179 788.025
1333.258 728.837
1131.637 762.932
1332.579 743.979
1352.893 712.341
1199.449 743.464
1353.612 816.272
1193.745 810.989
1327.286 718.517
1256.566 681.487
1269.251 793.055
1226.218 699.450
1246.520 726.550
1166.872 840.842
1344.610 699.104
1273.584 835.147
1272.454 827.461
1197.252 682.528
1183.204 783.174
1186.586 811.703
1182.893 693.960
1249.935 684.530
1237.286 713.341
1277.429 719.678
1230.045 741.880
1234.141 669.247
1194.322 714.686
1278.020 821.849
1343.369 687.110
1172.743 639.591
1289.713 768.679
1267.924 750.544
1131.237 709.254
1202.760 661.215
1152.301 857.095
1318.567 721.569
1202.871 678.664
1155.631 715.923
1207.239 858.798
1230.122 763.893
1234.479 806.897
1259.834 706.908
1233.077 683.777
1265.340 697.441
1189.715 724.269
1195.535 705.767
1201.797 804.109
1322.113 678.146
1237.012 770.886
1253.334 761.473
1332.859 782.850
1205.549 700.842
1217.179 673.292
1206.040 656.007
1150.549 650.397
1296.771 775.817
1211.856 700.010
1207.166 727.131
1244.904 761.567
1306.691 718.297
1155.437 684.047
1202.757 713.329
1157.776 704.867
1154.132 822.783
1255.571 761.900
1168.196 779.279
1349.199 849.813
1351.710 689.478
1273.202 800.205
1187.878 788.996
1216.109 786.878
1151.032 672.144
1146.773 653.156
1170.174 782.219
1213.373 797.582
1294.029 636.533
1346.118 753.507
1228.697 742.280
1315.164 735.791
1341.876 658.325
1282.862 758.236
1284.385 708.165
1204.083 714.130
1134.081 671.986
1335.801 844.078
1335.455 683.510
1313.079 820.228
1351.605 779.177
1177.536 663.843
1228.701 686.586
1128.424 770.747
1204.039 706.877
1216.590 756.327
1326.104 654.651
1192.300 794.860
1134.923 666.401
1192.453 816.052
1288.451 756.085
1202.304 835.375
1170.982 782.901
1167.382 715.548
1266.660 826.422
1166.936 854.487
1177.174 692.555
1320.695 861.609
1168.879 792.530
1192.201 704.076
1299.938 646.766
1286.477 709.147
1206.524 750.234
1163.868 816.333
1184.265 797.441
1298.551 843.766
1217.169 641.573
1194.322 644.400
1164.379 863.267
1283.314 702.627
1306.880 756.182
1156.437 713.363
1243.592 846.750
1336.480 836.613
1178.094 786.412
1213.310 766.541
1289.769 682.191
1153.839 792.642
1316.336 822.763
1343.035 730.185
1160.231 750.449
1333.764 740.153
1339.738 665.587
1200.421 660.143
1135.865 709.400
1276.596 844.348
1309.601 658.923
1129.898 770.047
1137.275 812.259
1296.376 779.134
1174.221 794.414
1345.892 727.052
1146.668 721.448
1343.735 770.031
1130.749 834.665
1237.986 747.925
1305.903 733.184
1222.983 840.441
1135.140 753.878
1317.154 738.730
1286.519 849.918
1136.697 815.490
1271.603 776.693
1295.810 760.663
1197.297 774.191
1129.717 690.405
1336.301 760.362
1187.894 665.591
1242.317 711.450
1294.107 752.876
1341.374 832.755
1279.220 724.137
1163.572 736.529
1160.889 737.553
1148.500 719.291
1224.647 689.967
1132.071 834.412
1171.048 818.396
1265.758 678.553
1220.736 650.388
1177.010 742.312
1178.146 745.053
1135.000 830.863
1343.340 668.492
1282.408 755.342
1345.075 853.610
1152.903 815.101
1303.570 779.285
1220.115 759.661
1314.013 830.933
1137.399 643.228
1339.673 654.652
1292.344 681.679
1245.907 856.395
1198.211 695.077
1335.787 854.432
1193.631 844.780
1295.926 863.599
1209.804 715.570
1146.905 664.736
1276.737 791.132
1183.920 816.249
1218.636 753.312
1249.951 664.011
1298.454 728.779
1336.066 698.817
1237.859 666.193
1202.762 742.252
1298.817 747.203
1221.695 696.328
1225.068 803.121
1228.358 778.225
1307.151 732.660
1265.325 657.180
1182.239 698.938
1335.120 839.954
1225.293 850.130
1129.427 811.845
1129.515 663.900
1335.419 639.773
1280.510 677.656
1139.996 688.521
1292.152 718.212
1222.330 657.975
1232.973 810.695
1324.099 826.357
1277.244 838.265
1312.478 663.246
1269.258 716.677
1269.406 810.284
1216.560 661.878
1187.871 763.284
1305.903 766.246
1320.409 825.488
1148.945 723.966
1149.926 787.969
1276.542 643.237
1156.795 695.416
1277.589 812.071
1188.846 702.809
1167.728 796.019
1235.329 654.373
1150.847 793.104
1238.356 689.163
1346.974 662.278
1169.844 684.487
1267.109 776.674
1164.175 852.706
1332.820 834.953
1140.300 833.010
1142.750 784.382
1295.806 769.050
1207.970 688.677
1200.990 808.602
1168.944 782.299
1206.760 754.596
1247.699 727.345
1223.594 808.299
1278.205 649.894
1221.205 754.201
1183.744 829.251
1314.853 693.859
1138.212 854.461
1201.540 784.282
1163.438 806.313
1127.605 855.085
1339.810 741.445
1201.621 758.126
1143.422 770.681
1211.220 734.508
1340.159 720.089
1140.397 709.172
1149.578 787.448
1291.401 717.992
1187.459 665.519
1257.663 675.619
1145.822 762.797
1293.825 740.555
1176.481 780.548
1324.128 737.930
1218.163 715.925
1344.170 690.733
1319.365 812.578
1171.493 772.644
1238.303 680.833
1338.419 766.179
1274.679 673.535
1225.761 673.216
1265.822 797.774
1353.449 848.530
1180.097 796.236
1233.787 688.612
1220.081 775.683
1240.718 839.780
1223.702 668.097
1328.485 854.764
1170.149 733.210
1250.899 847.688
1131.862 840.095
1264.938 821.211
1274.404 724.106
1216.131 713.996
1174.651 859.079
1244.548 786.492
1236.476 841.653
1255.134 725.935
1238.088 679.007
1155.482 839.213
1327.824 723.062
1237.887 729.257
1161.362 840.157
1191.873 711.861
1203.125 756.676
1204.406 654.632
1218.526 655.214
1224.455 675.230
1338.013 793.500
1211.658 736.235
1297.717 785.933
1335.972 754.466
1248.623 639.062
1285.848 724.237
1297.703 693.910
1177.431 766.130
1207.147 763.025
1171.330 764.551
1312.132 782.273
1337.143 691.959
1308.803 809.344
1201.081 760.953
1151.354 658.894
1234.328 729.632
1295.151 847.350
1295.346 762.189
1197.745 744.521
1256.186 827.841
1209.744 644.435
1319.604 743.724
1177.709 664.591
1197.684 789.810
1169.547 650.801
1200.227 645.124
1327.223 836.764
1222.581 834.901
1223.809 827.651
1195.288 663.501
1242.979 734.352
1176.562 777.450
1185.610 671.695
1270.513 831.547
1341.080 721.763
1215.626 835.016
1276.556 704.470
1185.012 681.344
1348.553 786.804
1310.680 692.266
1303.842 724.376
1331.266 807.119
1288.790 746.698
1146.383 736.586
1239.151 668.170
1244.870 818.906
1239.143 729.813
1165.387 773.516
1184.852 853.577
1163.899 847.622
1144.454 652.875
1322.253 713.382
1185.110 731.668
1166.582 838.127
1260.060 671.421
1221.831 692.142
1169.720 849.182
1331.529 742.539
1154.826 697.557
1202.552 664.253
1128.987 835.422
1223.926 810.031
1200.936 674.443
1193.770 749.446
1344.295 807.746
1169.015 780.503
1143.267 642.656
1342.576 676.396
1302.413 660.559
1305.150 658.156
1251.452 832.261
1226.656 778.703
1235.754 643.092
1131.619 828.251
1154.161 803.768
1152.017 827.903
1196.847 693.465
1251.560 727.659
1151.698 772.830
1233.881 844.195
1193.640 691.742
1246.560 730.912
1267.329 757.149
1234.636 689.363
1151.461 730.201
1236.263 684.896
1161.188 809.664
1129.524 852.917
1312.261 645.629
1186.455 728.005
1127.336 848.911
1273.240 775.708
1318.883 770.881
1348.703 812.853
1312.300 671.973
1174.917 767.463
1230.323 833.800
1200.057 802.560
1314.862 840.995
1248.795 681.723
1136.534 814.954
1268.270 716.757
1337.461 768.898
1128.249 768.185
1261.168 711.547
1280.154 793.223
1350.467 770.598
1298.242 687.438
1136.836 757.208
1257.742 724.769
1148.609 711.877
1314.737 831.580
1148.460 780.887
1150.658 803.984
1201.193 659.000
1160.333 863.636
1302.030 677.818
1235.189 689.916
1219.783 682.013
1280.893 673.449
1267.170 652.732
1289.007 697.027
1187.334 773.569
1138.663 790.539
1195.358 738.378
1306.538 756.047
1165.990 779.469
1299.418 832.396
1168.432 709.810
1273.315 708.505
1309.863 681.857
1292.931 800.442
1273.581 678.743
1234.027 766.773
1139.223 786.655
1185.511 848.523
1200.873 693.579
1278.033 669.060
1297.400 668.577
1207.866 776.741
1146.621 765.933
1135.872 732.507
1257.585 834.780
1187.555 794.022
1315.267 761.285
1181.104 846.346
1186.513 695.393
1134.233 822.710
1350.206 689.675
1192.814 702.839
1205.749 852.421
1267.568 750.203
1221.770 858.426
1211.590 831.527
1208.369 668.934
1267.634 667.188
1149.910 642.825
1353.394 801.687
1190.632 656.000
1223.957 806.649
1268.575 779.007
1137.659 671.925
1346.678 740.028
1349.677 781.599
1230.836 673.093
1232.035 684.298
1338.189 676.099
1175.134 849.391
1333.453 816.352
1202.474 803.167
1157.636 831.908
1136.257 797.324
1234.786 690.657
1307.643 709.742
1206.800 723.256
1333.609 825.652
1348.489 701.740
1161.352 800.858
1332.235 801.843
1217.400 642.792
1140.253 757.873
1288.636 742.193
1302.407 765.469
1296.124 661.168
1208.677 658.882
1248.866 792.925
1280.535 693.748
1193.229 736.268
1280.879 674.391
1132.743 714.147
1187.191 757.216
1130.130 673.963
1265.505 692.598
1353.221 785.745
1151.586 709.440
1240.921 788.816
1162.285 789.224
1283.136 663.135
1129.838 676.847
1325.528 844.558
1172.714 685.184
1211.278 780.563
1246.601 811.136
1328.017 687.800
1202.197 810.209
1168.422 673.381
1310.758 654.870
1153.417 644.153
1183.033 679.645
1274.448 653.066
1134.847 694.050
1136.705 841.889
1255.760 671.762
1321.005 705.817
1217.546 760.188
1213.359 753.288
1150.602 780.620
1157.963 764.650
1130.985 861.182
1199.929 835.313
1135.466 642.074
1173.010 816.704
1292.375 785.557
1201.085 748.881
1167.427 688.857
1224.742 726.188
1227.011 789.785
1190.563 695.937
1191.862 785.306
1281.753 823.482
1302.320 662.359
1150.869 702.143
1296.304 766.876
1223.148 838.714
1143.479 765.482
1172.894 745.474
1257.764 753.641
1290.482 692.334
1308.947 758.804
1340.391 839.037
1196.090 802.359
1128.541 823.168
1343.971 717.646
1225.257 656.410
1131.716 695.352
1146.032 721.479
1276.711 744.040
1139.291 693.324
1224.212 750.189
1132.080 808.665
1157.867 713.972
1335.005 681.967
1132.022 645.258
1340.247 641.260
1296.087 712.990
1144.749 774.661
1346.654 736.520
1155.842 826.780
1336.430 730.949
1144.968 694.886
1154.016 704.950
1221.053 827.000
1330.176 773.970
1340.315 650.255
1207.102 844.748
1264.921 724.366
1350.676 809.895
1221.421 722.126
1341.016 702.595
1277.136 744.224
1286.848 852.406
1301.286 660.586
1169.862 775.640
1195.828 850.708
1163.619 759.837
1168.363 855.901
1243.274 849.352
1304.724 728.200
1353.777 727.916
1299.080 727.616
1326.162 673.143
1232.779 777.604
1270.254 656.410
1257.579 636.952
1333.958 861.885
1240.162 822.721
1306.874 740.146
1193.170 855.168
1189.713 650.933
1345.788 649.104
1261.362 810.443
1339.288 732.499
1151.953 850.055
1312.570 827.445
1264.457 786.283
1301.395 764.922
1274.116 668.637
1235.254 839.250
1133.672 828.389
1282.311 824.974
1318.633 691.566
1206.845 722.314
1267.921 709.800
1158.090 751.969
1161.163 806.115
1322.690 845.780
1253.550 768.763
1162.893 807.469
1222.592 716.310
1221.547 832.959
1255.647 762.438
1164.516 663.304
1158.577 814.789
1211.327 767.278
1320.890 756.421
1161.222 739.201
1205.472 771.500
1314.609 786.105
1198.608 676.793
1245.942 790.900
1238.929 798.333
1309.878 734.633
1276.213 697.498
1276.288 807.245
1234.274 811.096
1335.623 770.541
1213.592 747.998
1276.974 829.872
1206.113 716.356
1298.774 699.545
1173.954 812.772
1142.541 803.275
1250.249 826.367
1145.507 779.243
1331.735 659.351
1331.004 782.612
1270.067 788.492
1257.830 845.078
1172.926 809.182
1308.896 850.081
1148.915 638.428
1349.867 862.822
1132.553 833.384
1130.065 848.033
1305.160 835.887
1130.167 804.235
1144.985 691.358
1254.408 784.456
1135.083 688.312
1260.917 715.938
1212.062 639.088
1187.752 712.273
1142.859 782.043
1314.792 716.449
1229.910 678.892
1289.415 793.675
1217.714 678.541
1152.953 842.717
1146.590 791.172
1218.552 801.142
1320.402 648.863
1290.976 637.905
1279.680 739.417
1191.362 736.919
1205.616 791.843
1308.988 701.014
1305.723 829.105
1316.348 817.404
1222.466 759.531
1256.650 652.858
1205.152 860.200
1268.084 861.957
1179.600 808.134
1198.505 789.339
1234.753 659.170
1310.497 644.502
1301.731 766.106
1281.497 844.668
1303.456 740.907
1213.754 637.123
1343.581 647.931
1349.917 704.138
1351.088 832.776
1344.191 772.254
1312.801 836.981
1175.758 757.646
1126.723 763.498
1164.959 859.969
1312.013 792.393
1191.141 850.874
1160.352 794.858
1185.639 781.569
1298.180 854.538
1195.758 700.951
1151.063 837.122
1134.387 751.894
1209.020 696.614
1136.362 734.374
1218.151 717.907
1316.164 727.256
1271.152 717.521
1347.026 688.933
1267.658 695.729
1200.093 646.465
1350.573 737.350
1190.655 731.522
1286.620 791.692
1128.176 783.136
1222.827 829.354
1219.652 751.765
1270.266 819.312
1181.981 785.724
1300.777 721.152
1328.659 778.159
1280.227 695.668
1185.180 684.249
1322.760 812.224
1313.618 662.876
1266.190 721.415
1145.270 688.568
1219.306 683.095
1296.970 734.306
1231.135 722.049
1146.265 757.542
1281.566 821.669
1176.499 758.164
1198.581 792.979
1176.689 762.100
1298.295 640.405
1238.629 801.174
1343.826 674.421
1193.758 711.139
1261.181 852.418
1265.111 640.151
1288.575 826.044
1339.766 809.944
1257.334 675.566
1345.066 778.816
1155.373 711.775
1322.135 708.115
1272.305 753.758
1187.926 769.958
1183.615 641.741
1198.901 721.582
1339.325 723.504
1313.180 842.683
1202.631 729.380
1246.867 775.128
1199.493 743.331
1318.746 718.415
1348.605 778.407
1202.474 637.768
1127.226 760.129
1339.096 792.403
1206.174 764.883
1307.252 692.210
1132.547 740.719
1242.023 719.643
1255.683 718.788
1292.986 685.671
1212.506 704.186
1194.468 735.545
1312.370 732.113
1321.773 729.140
1302.173 782.632
1352.071 829.386
1224.715 642.287
1203.071 840.446
1210.594 812.566
1195.813 830.833
1221.774 719.767
1301.682 850.836
1327.109 861.512
1239.659 659.883
1267.015 801.252
1182.688 817.711
1214.334 700.780
1169.066 652.886
1222.282 835.572
1137.965 684.095
1305.490 694.141
1350.385 801.191
1242.106 824.340
1150.196 712.229
1182.006 644.237
1308.597 643.732
1344.884 685.102
1166.381 671.449
1262.788 752.752
1349.578 796.275
1342.225 693.269
1222.120 810.446
1338.403 783.338
1352.658 721.401
1181.773 647.573
1136.478 770.958
1241.156 738.223
1235.040 662.428
1278.886 729.361
1350.480 690.641
1284.646 742.479
1164.933 710.554
1217.926 727.444
1221.560 664.562
1252.425 701.259
1345.748 832.453
1289.546 744.018
1350.240 790.702
1211.921 849.941
1165.416 781.752
1276.475 703.603
1270.810 645.275
1281.830 846.908
1306.542 790.597
1253.477 840.168
1233.481 731.629
1271.788 764.273
1276.673 681.187
1273.378 667.551
1334.143 755.637
1172.134 678.268
1306.926 651.707
1272.695 803.810
1290.185 838.095
1323.331 802.031
1310.266 637.402
1238.566 752.124
1334.501 787.423
1153.926 820.791
1236.617 671.636
1284.180 665.708
1228.444 726.799
1349.025 841.238
1166.089 731.428
1268.318 798.473
1302.194 785.421
1143.810 763.805
1194.901 659.005
1190.315 732.893
1346.391 759.762
1205.682 791.017
1184.520 797.816
1330.442 818.845
1165.056 703.940
1191.876 648.881
1220.867 737.747
1345.081 764.009
1168.666 845.984
1231.156 726.211
1175.959 765.315
1147.082 678.687
1282.676 768.289
1251.847 778.601
1149.556 843.777
1179.741 768.668
1157.231 845.200
1233.832 766.197
1276.043 694.633
1333.281 764.332
1329.051 786.936
1165.998 678.732
1352.972 838.664
1156.496 841.738
1136.361 732.504
1216.776 821.617
1192.155 745.636
1227.174 656.877
1224.894 683.948
1142.012 837.871
1227.345 656.931
1321.153 733.498
1331.559 813.282
1129.978 753.536
1298.932 645.319
1351.959 851.141
1138.375 827.341
1319.167 863.623
1294.225 829.870
1182.344 826.699
1329.975 682.664
1345.107 656.403
1169.835 701.052
1276.221 817.435
1291.643 825.021
1216.281 801.252
1289.483 811.614
1129.817 745.880
1236.556 856.935
1285.385 687.902
1175.954 681.497
1240.352 812.427
1346.096 778.154
1286.678 773.951
1228.592 636.814
1335.154 711.165
1274.042 830.263
1350.177 706.324
1140.384 719.911
1212.074 799.369
1299.156 680.136
1226.227 712.971
1243.651 818.098
2476.103 1324.229
2201.933 118.486
1927.173 582.710
1982.757 428.440
958.510 368.843
2480.380 915.867
1940.461 2414.319
615.639 299.073
352.879 2160.867
313.362 1314.611
606.335 2495.423
2281.130 2060.656
356.040 753.146
343.543 554.741
2496.450 2391.240
683.359 249.689
393.709 2013.798
2136.767 878.444
2187.455 2398.553
2268.631 653.879
226.349 1343.242
2278.386 2164.572
1667.585 233.373
407.577 177.235
184.548 846.067
169.070 1937.838
2348.989 1245.362
2289.588 2329.578
15.965 843.758
60.244 2483.266
2281.801 53.364
160.624 1384.458
2095.898 2476.439
2102.611 226.350
105.181 532.245
361.589 147.513
485.547 655.844
2499.474 493.414
436.872 1890.188
1469.988 73.300
2058.603 2340.157
2370.466 1719.229
1346.365 2402.292
120.121 511.816
1293.773 72.127
1608.930 17.064
266.912 426.146
269.806 1420.401
2416.516 1177.826
868.527 2143.151
616.125 266.601
2120.935 1556.304
1819.316 401.099
595.456 1984.507
331.399 873.117
654.889 1975.412
2022.090 761.800
2075.817 2067.663
1002.835 2311.901
2209.899 344.189
1989.460 369.492
512.122 2193.855
1804.339 1872.782
2433.833 2001.678
145.724 947.561
1832.961 25.656
2307.786 2132.005
1758.748 243.431
2107.481 2035.896
1191.756 2302.900
2032.621 2282.778
1739.518 2368.450
308.895 213.429
2003.112 2118.166
1584.424 356.226
2099.552 623.685
2439.437 1718.353
1403.327 3.435
282.784 2099.491
301.848 1074.290
1715.538 539.951
2358.682 1366.951
284.991 1016.118
312.921 122.281
2270.219 2115.811
2142.463 1592.931
703.584 339.119
2147.994 1651.565
1049.969 196.133
1609.110 2493.482
737.914 2124.732
1037.463 2.028
575.108 546.291
1276.480 2354.077
302.769 2429.596
323.589 713.500
2213.259 1981.379
2331.020 2213.857
675.777 2210.296
941.223 125.346
749.658 144.652
5.867 2132.718
311.181 626.161
605.460 699.129
2448.276 369.811
1993.383 743.053
1738.236 2454.563
281.519 1413.938
2142.046 1554.389
1739.965 280.461
1909.690 303.681
1905.693 2451.854
2170.658 2120.080
298.414 306.665
281.515 419.700
419.667 1499.138
825.441 2414.339
2353.068 1636.100
1253.641 2340.031
2487.142 2318.972
250.440 1995.175
384.669 621.278
165.869 713.608
2277.589 629.288
133.721 1479.890
322.210 1589.066
178.819 2397.920
1637.845 2206.962
2211.297 2339.081
94.329 2183.381
1038.532 2472.903
1842.919 1844.054
2268.789 497.154
142.043 2056.415
1529.654 2367.284
1365.005 8.867
1152.917 2465.697
519.206 522.077
278.162 2284.572
1110.015 288.569
2481.662 1484.380
2285.027 2496.622
1863.605 627.110
101.692 2024.719
1945.585 77.525
1753.231 2134.889
2182.686 1919.225
1892.956 359.837
244.788 1.604
2369.022 653.500
2386.437 453.623
655.853 2147.880
794.595 2090.400
794.227 2050.488
2086.944 1915.592
2243.702 401.039
54.552 2393.139
691.140 2013.937
425.763 731.988
1770.292 2164.441
1627.649 346.112
1811.456 2039.382
480.055 1876.636
2088.386 590.003
2328.502 666.299
1102.507 118.440
55.878 1848.514
528.966 1833.915
467.132 1679.236
2212.312 1449.767
1881.083 2033.062
217.101 998.571
2129.858 249.987
2382.185 394.472
2359.932 442.679
1183.230 255.371
115.282 1520.644
2398.607 1581.639
1061.582 2254.491
43.549 876.196
1126.964 2205.184
180.225 2409.339
2437.369 802.424
256.985 898.285
1175.326 2367.422
1703.529 284.498
231.521 2315.969
1992.901 2057.700
2295.046 1323.913
1603.879 372.799
533.014 2428.694
2253.732 1663.191
835.143 1978.297
167.612 13.546
69.167 439.071
1236.928 2268.211
218.497 2006.869
553.612 2209.885
1989.918 530.541
2295.302 634.543
85.883 40.571
662.543 652.219
2441.438 857.526
2249.265 2028.661
2258.827 1676.418
211.305 44.517
822.441 2393.372
164.135 1803.678
1343.207 25.025
2482.321 2354.740
509.959 1849.206
2347.445 615.109
549.878 547.919
1150.266 235.180
1308.832 19.043
801.469 303.200
271.071 1861.768
2232.842 1984.874
1317.933 2295.318
2032.015 1663.269
1500.641 58.461
361.045 701.383
1033.532 2371.686
178.994 352.902
1797.010 388.530
232.391 1310.821
2123.606 2170.490
99.821 391.430
1735.899 380.837
1889.740 60.379
1578.248 2319.868
43.655 1745.229
2350.852 614.951
214.815 2050.477
2375.034 531.888
1663.172 2047.605
113.801 2311.148
466.554 2425.060
1552.782 2137.604
229.136 773.829
2432.145 1501.599
793.338 170.142
2259.365 1174.610
1485.800 2375.954
563.423 136.426
276.823 12.518
2299.700 508.615
2459.768 968.048
668.973 1941.847
149.522 46.701
1010.767 2091.891
504.174 102.437
2152.814 588.632
2034.816 148.335
1097.742 2400.290
430.635 1939.052
2375.253 635.330
1664.334 176.169
663.581 426.480
1396.833 2199.412
1890.000 1814.012
221.540 717.593
1122.957 195.629
2336.289 2163.499
2043.482 1904.256
1476.366 2468.133
49.714 2446.997
2444.553 2053.229
1818.127 2469.130
1894.479 2065.199
328.566 1705.321
2067.220 657.560
384.856 1489.355
2327.162 160.297
2288.052 2054.369
252.259 1649.498
1420.051 2288.597
2133.822 935.558
1797.823 60.967
1889.695 1991.504
2288.285 765.021
2489.822 150.558
2213.303 509.393
35.345 126.263
337.415 337.054
1580.347 288.931
2136.051 1577.622
690.605 2347.420
743.435 2020.682
1724.541 60.722
2415.451 147.297
1840.341 426.525
138.035 835.305
124.020 1736.598
2468.618 460.496
229.613 534.595
62.128 2070.359
232.477 2020.590
650.277 535.040
1975.012 1687.766
218.268 896.954
1879.443 1936.389
2235.189 1147.532
2158.118 2022.567
1892.559 575.815
2099.473 952.682
390.084 615.135
2016.000 191.586
351.938 1369.217
651.791 293.033
1378.765 2262.449
2319.105 1571.119
26.256 1036.232
2448.199 2305.173
1576.747 155.603
128.137 1236.144
1886.536 655.902
2284.601 564.039
2278.213 66.935
196.839 1724.013
110.842 955.630
1760.730 15.867
142.062 997.139
523.590 1984.720
2264.974 1229.137
1575.326 2226.260
2248.276 956.389
2001.722 686.485
2018.491 2421.594
1820.795 2207.605
18.676 521.508
1606.418 2448.382
1866.033 43.880
186.334 1077.919
2155.882 1464.800
503.531 170.724
146.343 932.878
603.389 2459.287
386.912 2271.463
121.043 2422.869
103.966 256.894
929.324 410.879
626.932 2072.805
1981.405 1963.978
1851.294 81.169
2368.355 2209.483
568.053 2345.582
212.944 1903.268
2311.243 1030.517
492.650 2214.000
770.389 230.253
2178.842 1388.899
189.693 945.177
617.214 166.260
1163.979 2180.759
87.066 1445.030
2282.089 1701.104
33.115 206.043
1680.006 2319.202
1106.411 29.036
547.422 2388.810
2486.946 1271.707
1259.515 56.931
659.188 2353.927
21.158 481.374
48.997 78.017
712.836 2442.826
531.031 2161.941
1093.107 292.937
1745.673 46.980
428.387 2107.609
266.147 237.688
7.101 1375.487
617.445 30.191
453.517 2289.356
2419.341 48.621
1952.794 1994.276
2344.175 18.381
1990.968 1845.190
21.758 2408.622
182.097 975.248
2440.144 2431.220
2245.844 823.834
1978.352 2418.163
2266.103 1219.171
2207.382 805.748
578.027 686.874
351.224 736.355
655.836 291.437
2316.092 634.577
1934.961 2413.531
2438.514 191.504
1589.085 171.099
1337.771 2219.690
763.577 525.233
1627.065 2436.455
259.983 1631.551
839.058 2412.800
355.241 2323.486
528.286 419.481
365.834 2169.658
883.664 2022.939
109.422 1554.586
2350.494 1789.434
1651.190 375.793
273.576 64.626
21.889 484.303
2125.602 103.776
1068.528 262.430
44.175 64.475
379.330 1805.864
2333.406 824.712
1854.352 2277.856
113.173 2235.620
290.979 97.994
1364.289 32.940
2376.910 2473.456
2180.517 2227.004
2176.573 7.142
2289.142 908.092
2062.969 1957.126
2123.794 877.509
394.922 1942.442
184.526 2000.876
1268.419 227.081
1651.410 38.822
541.531 334.688
1928.956 510.478
523.759 2347.948
562.729 33.662
854.890 2267.217
777.836 554.409
953.244 133.763
2208.706 0.367
1317.787 2247.615
2379.733 1677.512
1925.296 2373.377
1797.432 2070.296
2223.257 1775.304
1657.161 379.171
393.082 2198.434
2247.021 1294.916
1253.373 84.866
1978.014 431.876
359.638 1782.334
1031.037 2279.750
390.394 813.903
2329.835 697.987
1540.350 2404.009
908.551 41.471
1643.432 109.002
440.869 381.021
2067.814 1743.575
1837.503 1.885
1754.187 473.127
570.501 360.237
292.650 113.792
281.822 644.585
1811.806 2384.885
2440.533 838.153
2181.922 2182.929
999.137 2226.072
12.626 2272.754
582.164 441.276
374.211 1445.483
712.817 181.134
20.948 267.519
326.974 953.508
189.742 1280.317
847.786 409.462
1724.242 352.216
1658.462 311.690
261.986 1141.031
2361.078 1079.445
2264.353 1426.663
461.350 1890.510
826.829 2048.557
2147.014 2236.967
2035.501 676.365
343.706 1461.827
383.386 1816.555
2345.450 1387.412
834.128 243.059
264.604 1694.122
2423.818 1802.647
316.236 1208.755
1604.171 192.672
2322.835 1155.173
2090.578 2402.232
146.813 91.865
1659.351 2212.284
1071.782 223.245
680.324 236.124
131.263 1558.864
2265.726 2137.937
1733.785 2324.608
2272.186 2015.069
174.561 924.209
2189.102 169.508
286.417 219.573
69.283 1547.095
1992.388 350.347
