1000 5
250.000 250.000
348.062 253.683
351.038 262.255
331.081 245.818
350.564 272.244
363.738 277.910
330.433 283.081
370.501 268.033
338.712 274.825
338.606 268.425
341.955 256.545
371.014 266.443
344.669 251.939
353.944 243.675
366.164 253.057
346.983 259.547
371.888 280.077
370.982 266.428
335.947 273.347
353.763 244.100
341.082 252.412
353.113 257.013
350.234 282.650
353.308 277.192
345.703 249.811
371.101 262.871
329.403 263.646
336.291 276.257
336.927 269.233
336.392 259.729
341.945 272.006
366.419 240.057
339.329 257.556
327.400 274.760
337.101 281.512
340.084 251.645
340.360 250.598
329.966 265.299
334.697 256.871
368.566 276.580
351.778 278.893
329.309 277.889
344.714 279.215
363.459 255.589
356.975 251.782
335.857 264.756
335.954 264.557
328.988 277.009
345.559 265.400
339.742 277.301
358.795 271.834
354.382 264.696
365.362 273.515
362.192 284.451
332.131 252.898
360.302 255.936
351.508 272.658
337.674 269.723
362.551 262.898
352.535 253.135
358.346 255.687
363.502 278.530
349.347 268.229
344.128 260.804
361.711 258.827
333.543 247.477
327.757 278.737
336.528 241.981
366.144 265.806
341.780 244.598
345.074 281.459
340.014 258.549
328.352 278.916
327.459 263.284
353.061 263.641
330.189 246.656
329.240 271.680
365.631 254.248
365.631 259.216
329.547 265.636
352.191 253.633
365.619 250.193
343.874 263.200
358.010 242.429
368.380 256.119
330.464 263.153
356.607 261.614
351.575 254.448
360.816 273.520
333.987 263.003
364.750 259.345
354.755 274.424
350.495 252.806
328.369 243.205
370.295 245.304
342.096 240.570
340.951 262.110
360.902 256.212
347.776 277.405
338.389 280.487
355.316 268.376
338.837 242.556
370.429 240.042
343.333 239.577
361.262 245.126
345.569 278.349
350.673 256.201
369.378 240.056
370.334 259.644
345.182 278.936
339.667 256.945
340.991 244.932
371.980 269.374
346.784 271.542
358.884 246.783
345.789 283.381
359.066 275.074
358.119 245.758
337.298 273.265
359.808 280.019
361.717 253.972
356.580 249.528
327.739 255.112
348.707 254.140
363.073 277.813
330.178 279.962
348.525 258.483
337.178 279.338
363.034 280.855
327.210 254.111
358.856 272.793
340.376 239.120
338.001 279.420
363.874 278.867
363.572 260.848
351.137 243.323
357.578 267.974
358.445 280.204
339.803 270.446
370.050 248.457
359.491 274.434
330.495 280.445
356.236 262.644
371.952 242.624
343.774 247.585
370.768 275.088
338.910 268.117
371.821 278.721
369.378 254.579
343.243 246.361
341.666 283.501
361.800 272.116
334.832 253.892
350.413 281.093
349.549 275.854
337.280 283.257
348.790 246.580
328.474 239.627
337.850 250.607
337.368 253.677
363.286 266.972
359.333 267.582
337.560 273.312
354.916 239.310
216.415 326.272
204.898 339.062
245.419 336.650
228.785 349.184
203.990 351.912
227.682 338.123
210.368 347.030
236.127 355.669
247.995 324.347
204.329 369.124
232.733 345.859
229.737 327.374
211.476 364.612
243.947 358.326
206.713 336.517
205.141 351.352
244.190 334.494
220.170 328.093
230.330 353.630
235.872 341.764
219.879 351.945
244.003 342.790
245.637 334.165
241.143 353.291
215.727 363.053
237.535 351.593
222.864 334.460
216.730 338.649
221.596 354.975
228.599 360.326
232.059 338.756
232.775 345.791
228.206 363.597
244.234 361.810
220.227 349.060
231.957 355.027
217.838 368.981
203.623 339.539
239.499 334.186
238.105 350.525
221.002 356.632
219.808 354.723
225.551 346.737
212.466 328.177
215.379 350.798
226.471 357.227
237.042 355.245
220.931 366.581
218.018 333.305
247.313 369.672
246.852 345.328
233.783 326.388
213.889 352.903
206.874 334.414
204.380 368.242
228.336 328.313
237.117 340.897
209.350 340.115
238.407 357.970
240.207 367.035
220.026 325.457
235.128 369.093
228.443 325.070
221.845 342.940
246.404 329.749
218.519 333.754
238.109 345.420
235.968 338.798
233.820 364.091
204.532 357.013
237.664 352.964
223.090 344.222
245.077 368.507
203.046 361.565
223.768 352.014
229.204 329.042
247.826 368.073
247.214 336.557
228.587 326.112
244.887 333.254
240.259 325.950
243.627 339.029
211.088 368.806
229.521 369.309
212.158 360.957
239.396 361.196
232.472 340.096
236.571 349.253
234.932 356.992
222.452 335.269
232.680 350.134
204.653 358.522
229.703 338.241
232.559 352.519
220.762 344.834
238.495 335.336
219.877 331.626
203.610 364.636
244.153 329.141
233.229 354.613
245.164 364.849
212.478 354.005
231.313 353.608
246.004 337.404
209.231 351.414
228.183 332.159
217.899 351.621
229.653 345.730
234.292 359.954
203.161 352.715
210.078 342.596
247.851 346.334
244.003 334.727
231.567 347.195
218.967 347.033
221.604 360.070
224.612 344.943
218.526 327.687
204.505 330.119
215.292 356.297
203.534 340.331
236.738 350.672
243.516 348.964
242.345 343.599
208.411 366.761
217.078 354.220
213.594 347.043
233.497 355.933
204.668 363.776
207.839 346.902
215.309 334.042
227.896 329.380
203.936 353.492
229.812 329.350
236.439 365.469
211.697 358.690
213.090 369.182
205.978 336.760
228.060 350.901
203.634 331.440
231.673 367.217
208.819 358.049
208.685 328.567
223.694 357.759
209.961 351.886
208.537 336.170
244.953 363.797
226.064 342.144
239.266 345.539
218.789 329.159
247.787 343.257
233.939 327.887
247.992 331.294
223.708 335.906
245.354 340.417
244.824 345.189
239.709 341.610
223.435 362.408
234.870 360.990
204.833 345.259
241.021 328.288
230.187 338.087
218.762 343.068
239.597 351.840
245.387 364.164
204.791 346.205
225.724 350.346
219.707 346.889
205.032 346.511
230.847 336.248
242.342 340.998
235.683 329.897
210.916 358.848
215.856 330.965
237.793 327.426
239.126 346.047
232.287 334.306
215.186 364.126
222.620 340.607
239.312 365.630
236.641 361.508
216.647 333.469
234.258 354.131
218.232 334.000
238.389 339.042
221.957 331.910
234.011 328.683
221.324 339.169
207.647 329.235
240.155 364.606
227.757 348.346
234.168 332.195
239.257 360.854
210.057 331.902
209.264 338.351
227.146 357.134
240.269 328.309
237.835 352.801
226.586 336.929
212.393 368.529
217.140 369.449
233.412 346.465
220.795 348.306
240.771 332.446
213.775 363.359
234.443 358.391
247.651 348.370
236.309 349.334
219.603 337.476
133.295 285.554
144.237 274.710
135.083 255.863
138.463 278.794
156.507 279.925
156.694 245.053
160.073 241.534
150.613 278.381
147.444 262.005
171.462 263.189
154.160 281.311
131.967 248.117
143.573 281.832
169.395 251.140
166.953 272.073
145.018 242.645
142.014 247.353
131.433 269.067
135.491 242.600
131.912 283.636
163.682 266.961
158.021 266.827
148.602 250.991
147.321 249.257
158.276 245.613
140.815 275.521
149.704 248.217
143.690 276.730
166.801 270.771
172.788 265.298
128.792 261.190
172.133 263.422
140.085 249.609
168.101 272.968
163.233 264.003
164.781 242.573
149.450 278.422
151.773 243.370
139.592 283.025
167.748 260.989
134.311 265.286
159.205 266.462
157.046 285.132
145.485 241.894
149.171 258.222
169.720 269.850
134.620 251.922
170.076 241.728
161.724 276.723
170.138 274.319
157.015 279.424
147.011 241.461
132.514 283.629
164.188 275.549
146.432 266.798
153.227 271.476
130.895 262.216
140.538 284.235
158.830 250.913
142.782 279.799
149.838 246.210
172.127 244.685
136.075 272.095
135.671 280.497
161.876 258.735
170.425 257.688
136.344 278.652
166.110 269.093
129.769 253.010
163.065 241.369
158.808 277.525
133.152 285.862
146.312 276.210
130.944 259.146
161.359 283.886
130.885 261.847
163.031 260.106
129.312 242.862
156.825 267.393
167.543 264.838
159.655 271.180
168.319 269.168
131.336 269.441
166.768 241.179
129.208 251.102
158.309 273.130
145.910 243.142
149.694 264.679
158.158 280.877
157.673 259.901
158.116 255.094
145.394 241.506
147.684 252.140
162.569 242.530
144.836 272.277
139.193 242.126
140.539 280.613
151.537 243.310
129.931 258.584
140.166 266.452
161.900 243.231
143.390 265.037
148.970 247.043
143.658 247.105
169.434 266.937
154.097 285.588
151.922 269.478
137.532 256.941
143.409 242.244
133.765 270.078
141.854 269.367
143.745 269.419
165.037 261.513
139.070 279.071
133.883 275.986
164.746 248.745
166.984 253.086
169.268 258.758
167.629 266.930
144.093 276.540
155.649 263.098
136.153 257.847
128.984 282.608
161.596 259.134
155.074 244.159
129.601 252.160
132.413 275.861
135.822 270.751
166.446 273.012
134.982 240.873
144.842 249.720
171.270 260.465
143.655 266.721
163.541 283.549
149.543 265.935
156.343 265.487
129.170 250.828
161.142 265.730
146.550 244.600
136.898 255.891
167.245 258.484
170.070 269.123
135.626 255.117
155.442 259.839
145.339 253.004
161.386 271.217
171.906 256.535
153.425 268.192
130.549 272.651
150.552 278.991
148.601 259.279
139.478 279.974
170.004 248.365
148.779 243.156
158.414 261.985
133.159 274.942
155.008 255.915
137.199 262.213
157.431 253.196
156.094 274.217
142.915 253.864
161.847 265.725
146.287 255.254
131.392 280.767
137.847 266.799
144.478 262.002
168.083 268.837
145.009 271.039
140.418 252.729
142.146 247.544
171.850 242.936
132.603 272.993
171.624 259.410
155.576 284.377
145.637 269.212
156.685 279.343
157.622 241.356
147.850 258.799
137.072 244.157
135.822 252.918
151.371 256.004
172.786 244.031
134.166 266.778
159.862 270.585
135.191 259.642
153.125 276.674
171.207 280.372
140.147 272.621
169.142 257.394
154.345 250.751
143.282 280.576
138.066 278.459
151.048 250.354
137.054 241.829
146.050 248.310
168.478 266.078
161.028 278.645
139.109 251.487
164.468 244.314
170.015 281.881
137.818 263.937
172.909 248.842
167.934 277.129
166.973 263.850
159.424 265.667
134.665 241.348
140.715 265.890
148.953 280.863
154.694 270.418
137.608 269.415
170.665 280.147
148.304 242.110
129.318 243.171
143.769 259.974
159.675 259.861
161.240 258.472
167.632 259.819
148.385 276.024
133.787 251.842
163.382 248.128
170.325 265.249
152.555 260.448
232.718 160.464
275.962 168.489
255.791 152.839
243.378 165.256
270.886 128.529
264.472 143.550
239.831 165.909
234.828 140.073
236.448 160.590
244.548 161.382
265.592 139.128
263.605 146.200
256.677 158.890
266.256 142.111
248.173 143.024
267.536 130.026
252.693 145.075
254.668 140.337
255.603 162.424
232.482 164.749
256.824 157.175
233.545 159.205
267.362 171.538
259.368 162.985
268.076 132.481
259.329 163.907
240.007 171.681
263.684 152.812
232.903 171.250
265.136 145.363
246.382 157.393
267.272 139.519
241.556 171.676
246.934 148.848
256.775 137.839
248.568 149.383
274.385 145.024
265.719 143.231
251.314 134.310
261.203 167.522
271.247 162.378
270.419 130.968
268.655 163.702
277.484 166.459
235.829 154.242
233.748 133.697
244.746 163.598
234.003 148.309
238.893 133.040
254.816 153.139
239.562 170.648
241.256 165.614
273.633 146.872
246.208 158.515
253.392 138.673
276.044 155.106
272.910 133.419
264.716 138.194
264.214 172.796
245.940 159.903
245.153 157.650
273.335 144.416
261.347 131.695
269.719 154.158
232.727 172.029
250.644 145.448
273.106 156.637
248.261 141.013
248.461 138.460
245.500 150.898
261.948 158.247
266.347 134.945
236.640 145.072
249.049 128.436
243.868 131.883
259.160 162.412
259.937 132.274
257.822 147.893
235.255 168.700
246.842 137.470
253.808 135.340
250.010 159.535
240.532 154.778
241.765 148.565
234.695 172.375
245.466 146.100
262.343 155.669
245.050 142.609
277.245 166.217
250.113 150.673
267.034 166.706
267.247 157.817
243.603 157.128
277.236 134.606
249.112 167.742
267.381 129.421
273.024 137.268
235.185 170.141
272.276 167.301
237.697 135.987
244.706 133.944
238.217 143.108
233.619 133.696
243.174 150.506
258.718 131.848
269.159 135.094
254.021 141.190
259.662 170.241
257.247 150.775
234.453 133.302
245.769 152.727
235.301 147.093
258.963 150.000
236.981 136.632
233.114 130.840
261.757 146.136
252.542 148.989
265.105 133.868
271.294 145.222
267.908 142.430
233.872 168.798
274.367 142.088
249.917 149.954
260.802 169.247
252.067 136.091
271.855 159.692
254.822 145.972
276.516 162.808
273.333 161.838
259.565 170.058
264.025 168.612
235.324 163.285
266.810 142.412
277.283 130.022
234.389 159.979
234.988 155.406
255.870 158.083
244.191 159.206
236.208 158.572
255.339 140.765
262.716 164.391
273.826 140.914
239.145 148.228
257.077 131.950
267.830 133.012
238.424 128.764
266.404 133.206
270.267 162.708
240.248 170.610
272.254 154.823
259.862 168.374
252.853 132.397
233.736 143.943
249.400 137.833
238.045 129.774
236.138 169.407
268.891 160.383
246.656 158.638
252.991 156.685
239.127 149.949
253.217 162.760
237.358 152.507
239.273 139.034
236.701 130.332
237.924 139.766
236.216 144.956
245.338 160.933
243.875 128.438
245.083 167.540
277.722 140.714
257.479 159.067
276.789 129.268
246.055 139.623
250.966 130.535
274.619 130.394
268.494 159.617
268.644 146.417
273.288 135.792
260.001 171.554
252.818 150.030
241.030 143.245
260.669 138.794
266.111 129.710
241.176 130.800
275.175 152.720
248.771 151.022
254.126 159.697
270.443 154.424
238.841 153.724
234.303 162.956
241.633 135.655
245.079 152.997
259.203 157.470
243.017 169.030
246.994 162.659
269.630 163.738
267.367 170.080
275.552 146.087
262.061 133.169
237.454 162.737
243.452 167.243
261.961 128.233
238.156 130.058
241.306 155.414
275.509 133.609
263.616 163.279
232.861 150.933
255.935 140.962
249.102 163.127
273.224 155.442
240.667 165.673
271.605 170.503
234.523 140.899
240.441 158.692
274.338 130.861
260.654 132.363
250.571 164.654
20.032 342.798
37.685 398.785
385.415 388.610
482.664 497.777
104.116 482.070
152.285 466.035
365.193 392.242
45.056 303.202
458.758 456.247
411.250 18.580
460.978 326.204
90.069 370.065
120.948 477.181
477.020 153.002
484.740 472.841
416.269 458.347
121.007 25.807
399.852 107.453
66.947 178.321
471.014 72.505
77.449 489.348
453.903 18.773
385.276 367.673
175.358 468.949
336.352 78.930
489.982 448.487
144.342 395.778
79.911 425.867
257.990 471.703
178.934 479.372
51.503 157.086
412.895 105.943
156.658 7.009
406.512 408.952
298.988 451.126
386.607 107.697
455.795 91.748
453.706 298.576
117.589 115.524
458.755 235.968
75.318 417.200
231.932 490.174
16.698 99.412
103.240 397.448
481.719 360.195
366.329 387.417
435.624 312.864
488.547 157.001
115.418 147.471
149.046 395.605
274.610 453.934
64.374 445.731
23.195 211.043
153.817 478.791
88.230 332.170
490.888 43.794
436.513 390.417
492.062 117.280
450.190 243.626
249.452 493.088
409.178 345.535
3.441 115.494
407.856 104.935
37.618 306.625
85.213 177.746
52.700 159.200
3.612 326.843
230.736 44.019
14.533 273.668
25.708 14.298
489.981 469.866
439.703 34.797
33.397 76.263
407.561 84.852
440.925 196.177
210.783 476.526
425.403 408.111
35.471 87.710
296.660 60.961
24.097 354.032
259.774 477.014
465.055 88.402
65.715 321.972
250.502 24.430
252.101 449.928
199.195 65.523
132.157 459.614
49.726 313.221
361.855 426.657
462.618 289.785
168.191 2.075
285.316 444.055
26.151 487.626
345.314 484.622
326.163 426.699
206.302 448.193
446.601 414.178
104.409 359.831
367.578 129.250
483.007 499.537
122.686 472.089
463.494 314.199
52.600 0.595
0.910 326.903
111.289 432.113
477.332 64.151
8.905 67.054
64.978 421.303
28.765 184.782
495.939 414.705
451.659 187.987
174.057 102.304
467.346 74.095
0.438 294.875
91.130 383.293
159.094 454.078
15.060 139.836
482.408 320.917
13.373 316.095
320.487 52.499
139.800 15.633
225.791 446.859
68.558 215.717
99.886 31.875
431.602 145.147
237.606 5.509
488.894 119.089
461.730 313.343
357.575 454.309
84.537 45.369
9.057 267.991
296.928 447.163
124.686 23.018
429.188 407.048
296.407 485.551
270.281 440.737
31.309 438.660
439.789 170.743
41.788 65.817
496.213 453.724
19.490 143.477
82.645 65.274
57.592 372.419
192.004 452.474
275.217 462.960
307.660 449.724
141.538 70.288
59.849 157.266
171.297 81.411
383.711 439.596
474.282 468.035
213.706 60.427
302.812 4.559
495.840 280.441
435.317 313.901
71.041 433.245
133.789 129.024
250.527 467.151
478.727 226.098
490.701 278.277
350.738 104.413
439.347 370.595
349.135 469.592
190.604 475.287
463.374 348.701
306.871 461.148
106.170 21.344
293.808 34.079
67.925 499.412
9.472 351.179
446.814 350.483
65.711 11.594
425.340 31.151
7.167 230.035
126.472 476.785
38.455 487.642
418.318 21.431
5.080 114.992
22.595 455.022
209.850 8.843
104.729 72.095
106.449 110.936
62.423 475.993
22.607 471.451
16.252 244.905
114.751 136.855
359.527 66.789
182.246 496.408
