1000 3
250.000 250.000
369.576 277.322
361.495 278.469
331.356 271.777
370.392 278.862
344.922 262.664
370.525 284.554
325.930 251.570
333.850 278.877
364.000 256.658
363.134 277.925
370.384 281.653
327.184 264.721
329.134 251.312
351.065 267.233
344.488 262.428
354.156 254.855
345.391 252.574
351.371 268.988
368.424 269.627
359.983 261.173
366.038 287.014
343.638 257.883
338.201 252.275
362.129 278.664
353.897 282.361
335.549 270.344
364.178 288.501
329.579 256.959
329.329 261.159
333.241 264.130
353.367 287.373
369.547 273.022
369.606 286.624
368.715 289.183
360.017 254.216
355.871 262.432
341.297 271.872
331.275 259.841
358.243 288.932
361.428 276.212
352.047 256.196
351.330 262.272
355.039 263.650
347.274 250.465
361.318 259.469
363.654 271.057
341.991 284.920
368.215 273.188
340.228 273.136
343.722 290.506
348.917 273.639
350.018 281.000
327.152 246.104
359.668 287.295
365.239 260.794
358.946 290.812
328.737 282.785
349.088 262.308
342.765 246.562
349.571 258.077
360.836 270.376
345.507 257.572
360.889 287.345
352.612 284.434
348.764 259.491
370.519 261.785
369.469 250.701
340.755 269.567
370.672 259.721
356.721 288.708
370.235 256.413
347.955 284.618
369.190 271.166
362.214 274.024
362.663 282.019
335.804 282.552
359.038 250.880
328.415 250.910
327.014 257.172
366.243 249.477
364.969 270.023
361.597 278.937
348.285 267.172
348.452 275.168
365.871 257.502
333.530 277.740
327.509 270.485
345.777 278.287
367.915 258.120
346.696 289.049
353.722 284.380
338.972 247.415
336.443 273.284
326.385 279.332
350.427 279.075
350.105 268.355
359.515 268.511
328.586 279.445
351.364 253.196
333.471 251.999
367.967 290.595
355.797 267.898
332.851 257.446
327.744 285.131
362.342 286.191
335.905 253.374
338.967 288.139
364.143 254.439
349.496 291.074
354.831 289.124
326.072 253.922
365.191 247.546
368.000 288.096
360.521 250.420
363.532 251.123
330.531 278.837
357.188 267.236
345.904 286.590
353.458 266.654
340.894 290.489
352.946 259.387
338.113 248.844
357.008 274.758
334.925 254.426
351.072 269.348
369.452 280.787
350.193 272.913
332.325 265.661
370.121 276.706
327.820 248.494
360.059 291.281
337.098 269.663
352.334 263.806
352.964 269.084
364.021 264.456
330.952 276.118
329.260 275.789
349.667 248.634
329.213 273.260
342.753 268.769
345.840 255.003
362.675 281.972
341.628 246.520
331.758 263.990
332.722 277.273
330.016 262.027
361.460 257.211
339.484 275.534
353.456 286.344
359.954 253.404
347.136 251.332
345.238 271.156
356.143 261.083
348.276 247.279
353.861 267.597
327.084 269.524
365.411 290.138
344.190 282.157
350.799 246.292
339.352 276.585
358.967 289.715
333.486 248.444
370.057 276.906
336.945 264.767
351.343 259.844
361.399 257.706
360.307 288.833
327.263 287.667
339.376 279.852
349.635 277.655
353.698 274.946
345.154 285.668
330.674 255.102
360.019 291.167
355.272 264.391
329.996 274.112
366.346 267.131
366.258 276.376
354.826 262.695
326.224 274.390
354.936 268.512
358.193 283.202
341.850 269.795
368.031 264.656
356.935 281.629
351.835 273.292
344.251 282.744
330.898 280.986
346.076 267.239
345.262 261.804
354.912 279.575
362.067 261.280
333.175 264.272
369.840 262.946
337.280 273.575
344.991 290.261
352.555 268.626
361.674 255.904
327.088 250.142
350.436 249.198
334.601 272.423
351.772 283.579
331.856 260.212
344.853 275.686
367.528 287.795
361.683 263.287
338.771 278.944
335.688 273.646
360.157 291.292
347.199 274.501
345.000 281.330
351.431 260.319
344.564 285.539
326.761 269.801
344.908 273.050
339.350 265.089
344.686 251.783
338.420 267.141
367.248 277.209
330.429 276.968
346.192 246.163
328.468 251.685
352.525 252.555
362.283 268.789
350.356 263.323
362.841 251.745
366.090 262.145
361.609 258.370
357.910 259.627
358.104 283.237
242.442 323.732
235.824 356.781
225.598 351.000
228.682 324.561
224.098 355.849
222.318 335.176
230.019 349.983
221.181 326.924
211.158 346.697
219.429 359.115
199.321 332.601
237.574 358.466
238.265 333.403
228.372 344.549
199.246 340.909
242.858 337.927
209.087 335.282
241.959 339.523
203.625 351.960
219.491 360.456
206.129 337.158
238.294 343.203
208.348 357.839
229.434 335.386
200.526 344.909
207.159 356.761
218.244 327.715
207.553 350.268
219.497 366.246
225.948 365.315
215.703 340.560
207.369 330.984
239.116 355.793
239.342 339.488
226.886 338.137
208.015 350.440
232.719 356.798
230.021 343.162
208.656 365.609
206.346 350.080
216.195 361.691
239.936 340.386
201.896 323.194
242.012 345.169
211.861 363.487
229.703 337.023
235.961 334.862
206.657 326.430
213.295 327.635
219.146 347.756
204.775 363.322
227.514 345.595
231.525 335.960
219.387 344.906
226.825 363.770
211.371 343.790
215.577 366.001
203.597 325.053
227.636 332.392
220.431 362.290
206.621 344.121
235.188 346.934
217.301 342.343
218.008 344.204
200.861 332.817
239.991 359.180
236.386 339.697
226.042 365.526
222.077 354.990
231.678 365.047
216.600 345.110
223.636 327.853
220.047 367.209
235.321 355.972
214.717 328.866
240.171 327.516
226.620 349.696
205.821 347.300
224.590 325.269
206.006 366.190
229.752 325.751
219.046 324.689
199.448 359.330
237.953 349.725
218.895 340.845
203.595 348.744
239.907 359.558
204.706 364.199
200.879 359.790
213.465 327.472
203.338 354.904
199.366 349.284
232.467 364.821
217.350 365.927
241.695 366.471
231.382 332.696
231.595 340.417
211.745 343.109
241.606 358.378
220.184 364.166
238.512 353.474
216.360 345.984
244.214 334.633
211.578 349.924
237.755 334.773
201.166 337.204
228.928 343.701
199.723 329.646
239.507 334.228
215.812 343.390
218.451 367.919
216.493 357.469
213.377 357.503
222.735 347.538
229.681 342.631
229.152 365.681
221.806 364.121
204.508 348.358
242.316 343.611
242.853 348.786
236.968 341.210
236.217 340.289
217.055 344.171
243.325 351.566
224.820 368.341
219.510 333.443
215.814 362.386
230.310 355.742
231.893 323.397
228.968 344.681
235.016 329.996
231.331 347.991
228.223 362.300
198.850 362.492
241.983 338.305
218.683 343.335
238.391 325.223
208.833 325.895
241.287 331.577
244.071 330.873
214.877 360.961
221.376 359.766
240.559 355.099
215.653 337.538
211.532 354.369
223.976 358.579
219.144 347.062
218.276 356.759
235.852 329.503
213.117 329.487
216.192 368.489
227.349 335.574
213.487 343.283
204.503 367.574
232.993 323.855
217.664 333.855
240.215 365.659
240.244 345.797
209.594 355.971
231.999 326.453
224.079 364.574
201.824 364.007
230.834 362.204
242.154 336.967
232.872 336.314
212.785 354.807
236.492 328.710
234.672 355.786
203.467 355.542
232.329 325.113
218.295 362.674
222.464 361.133
199.560 365.589
238.201 342.524
212.665 361.166
221.714 348.357
235.409 355.081
208.883 350.912
203.893 334.680
242.698 365.820
212.192 326.560
240.999 362.980
217.175 361.311
207.456 363.223
205.517 357.348
221.257 361.947
199.148 338.690
214.800 331.109
208.966 351.688
199.282 359.928
211.762 363.567
231.436 349.688
229.676 356.077
224.718 346.128
209.336 361.710
229.564 354.827
223.086 362.012
239.747 348.387
225.105 367.458
211.364 358.056
204.002 345.156
236.254 357.864
202.958 332.273
217.912 327.118
223.304 363.611
218.708 335.764
244.186 326.307
210.914 368.050
223.195 353.859
203.938 367.324
225.323 353.654
216.417 326.581
199.100 335.016
242.429 324.279
205.754 325.792
243.299 327.556
230.196 355.720
220.256 349.243
212.001 345.680
242.703 341.442
231.854 359.553
238.498 365.647
200.446 357.449
213.284 343.215
226.950 366.419
221.914 340.915
240.650 338.268
208.344 365.210
198.952 354.911
238.948 361.836
207.770 332.224
235.482 358.626
219.429 368.448
221.236 338.276
220.389 342.663
241.005 332.959
225.591 329.476
242.286 349.225
206.777 339.792
199.696 353.230
216.353 358.958
223.002 364.687
213.596 359.186
238.399 334.391
212.184 330.309
216.934 347.501
222.979 334.303
239.426 357.233
227.366 343.958
212.010 337.319
243.369 360.340
219.973 324.492
229.609 354.845
241.485 343.440
231.112 355.191
207.687 339.525
207.576 323.771
238.700 356.621
221.755 361.962
239.479 354.979
227.915 332.698
212.339 342.202
200.672 348.474
206.942 330.886
233.880 342.107
204.669 366.061
220.032 334.114
207.584 353.870
231.961 356.341
208.375 327.085
237.399 361.005
206.537 349.608
231.374 362.568
213.160 353.919
207.170 325.106
206.312 344.723
210.531 364.359
222.931 334.580
212.006 330.461
230.333 357.807
204.268 323.851
223.285 339.998
199.170 354.219
215.567 366.782
209.832 364.267
215.160 351.864
208.517 324.077
240.108 337.935
227.391 357.742
223.310 348.203
229.249 347.438
231.703 359.347
233.571 347.712
207.839 328.775
212.515 366.336
235.107 328.813
226.668 333.576
219.583 366.568
220.446 338.979
225.328 323.394
228.808 343.012
214.101 362.116
165.084 162.642
160.329 190.337
164.483 161.510
177.326 198.962
182.617 194.455
197.263 195.558
161.326 168.061
158.883 194.718
182.017 178.271
163.526 161.651
188.527 157.865
175.809 197.392
164.484 191.768
167.132 184.368
182.142 190.999
187.461 161.114
166.763 176.997
174.148 174.614
186.922 167.726
158.933 195.930
187.905 155.790
167.710 185.579
159.277 155.628
201.002 164.065
163.460 168.357
182.219 182.877
160.927 192.117
200.514 155.793
169.008 186.903
201.897 185.706
163.656 156.377
190.509 187.150
182.283 175.725
180.267 173.931
162.991 199.624
163.180 179.920
184.443 175.840
169.331 170.924
171.342 155.570
174.762 162.442
181.684 191.786
194.442 164.796
183.427 186.880
164.368 164.335
180.620 168.821
179.059 156.881
195.904 187.648
183.632 172.232
193.439 171.084
161.353 185.959
159.617 160.517
183.006 197.885
200.172 162.560
179.153 187.626
202.141 190.979
164.692 174.096
172.690 197.413
170.057 164.086
179.646 168.797
171.917 185.624
168.402 158.510
177.943 185.668
161.026 187.314
173.664 156.385
202.410 178.985
184.235 199.801
170.178 164.969
196.634 157.869
190.417 178.244
185.470 188.575
165.849 160.239
177.924 186.615
192.573 163.622
191.978 169.157
204.233 175.984
177.760 189.607
198.741 181.878
181.248 175.238
200.325 177.418
168.616 174.707
187.434 179.482
171.303 184.148
167.277 195.991
163.213 180.124
159.893 167.786
188.697 154.420
190.238 189.991
203.781 172.914
201.393 168.389
167.761 193.570
190.308 197.971
200.782 159.906
185.596 158.721
177.715 162.230
187.273 171.428
164.157 180.146
187.254 169.077
178.174 158.838
188.501 156.214
161.525 195.206
161.747 175.601
195.710 158.250
195.735 166.701
183.782 188.312
203.782 191.824
201.175 194.176
158.820 159.281
177.363 161.812
174.891 168.252
187.687 170.858
193.174 184.091
168.729 179.945
202.198 196.294
191.357 155.303
167.177 173.839
165.927 197.947
179.599 191.135
171.310 156.731
197.415 189.343
193.142 160.599
186.111 156.937
192.959 188.317
201.412 176.189
186.357 159.935
173.160 179.874
186.920 182.269
196.603 155.990
184.997 185.120
162.938 165.450
172.070 163.944
191.404 194.377
189.334 182.030
186.287 175.079
189.404 192.170
193.118 199.855
172.010 188.534
183.888 179.928
202.120 184.497
180.245 155.351
195.669 194.414
176.274 187.279
171.132 159.270
181.012 160.250
202.657 158.388
159.257 191.731
190.296 175.565
185.111 172.638
159.041 166.203
173.176 185.701
176.636 165.648
161.264 174.971
182.041 162.972
178.825 187.060
194.229 160.457
168.549 195.949
175.412 177.533
204.205 180.622
165.011 166.242
191.999 166.299
174.840 174.588
175.327 178.588
202.103 187.594
197.707 166.175
162.725 190.429
161.744 196.721
180.589 161.487
195.346 181.793
203.011 197.778
170.876 154.476
161.012 190.111
193.374 180.386
201.009 177.357
175.189 193.090
190.313 164.448
200.436 179.479
160.913 180.670
199.581 182.893
174.679 156.790
163.442 175.773
193.419 159.533
197.783 193.956
187.243 163.051
180.526 154.545
199.424 155.999
167.489 169.259
172.653 171.840
163.902 197.990
182.009 176.894
187.489 159.833
188.506 175.636
162.045 198.256
200.548 166.926
202.356 166.097
192.535 161.008
169.075 180.914
202.197 184.043
196.412 193.995
196.142 168.575
176.447 180.773
160.667 165.654
178.280 193.140
167.289 166.618
176.324 171.148
199.914 170.153
194.861 185.736
198.983 164.846
183.407 180.827
170.241 181.491
193.796 195.255
189.052 163.224
183.315 160.380
179.534 195.460
177.238 157.220
192.203 162.611
174.946 167.195
185.824 178.618
189.806 158.100
190.873 160.115
200.851 157.638
167.455 193.245
185.212 160.491
175.220 160.436
165.130 176.463
166.550 168.905
192.382 156.981
193.428 182.130
181.890 167.190
176.805 170.761
198.992 164.142
190.865 158.039
195.207 186.695
171.112 172.015
172.661 183.991
199.588 176.472
160.690 168.529
203.200 195.422
192.855 160.087
161.943 162.523
179.558 168.860
181.267 181.039
200.034 172.411
198.331 199.198
186.920 163.149
162.805 157.857
189.906 193.147
175.649 181.337
193.592 177.341
161.963 173.473
187.518 198.318
168.516 164.605
193.917 178.130
200.954 197.893
192.672 184.362
191.835 167.697
199.605 184.401
193.212 164.388
181.839 160.812
188.801 199.389
167.807 158.360
181.896 195.850
173.246 188.228
170.380 167.809
163.262 187.321
191.394 172.768
169.890 180.308
167.993 161.757
167.817 161.994
200.549 195.555
167.356 194.879
191.422 188.339
187.037 193.000
197.125 186.043
190.457 166.253
188.408 161.802
175.378 197.547
178.905 176.621
187.269 195.021
200.907 196.184
201.670 166.847
199.989 193.513
174.428 186.528
176.016 180.847
165.259 167.576
171.374 191.858
159.908 178.480
166.013 173.664
191.922 170.559
173.937 167.864
166.303 168.879
166.738 197.375
194.299 185.751
191.588 195.162
196.762 157.575
196.838 185.379
170.728 155.618
171.996 167.805
198.047 188.331
194.607 185.100
174.178 176.659
190.986 188.232
159.461 170.417
167.732 190.897
187.762 193.965
198.797 155.284
188.938 177.169
196.238 168.795
195.417 165.218
166.954 189.591
165.118 180.700
174.593 191.672
190.690 164.713
183.287 191.672
203.073 183.214
161.209 167.332
174.663 174.498
175.127 161.423
176.350 186.902
168.752 163.470
190.445 167.842
192.288 169.675
201.722 183.278
182.361 177.835
159.496 194.149
160.203 193.099
194.542 165.660
179.477 191.589
174.709 167.489
179.129 184.165
202.315 159.281
180.561 171.606
168.532 197.045
163.764 181.909
183.596 165.096
201.240 177.359
193.387 156.955
182.797 165.629
187.114 154.968
193.841 193.462
181.127 184.676
185.311 179.727
201.732 196.037
173.713 171.647
186.793 156.310
176.975 187.034
174.933 170.680
172.208 187.587
160.890 154.914
174.842 178.206
196.693 193.272
175.043 193.963
179.570 182.629
162.985 188.719
187.372 190.809
189.634 197.581
183.093 156.225
176.027 168.101
174.092 198.517
178.617 191.580
167.936 184.205
462.780 73.154
459.181 106.967
116.649 454.058
103.720 43.372
378.783 423.159
130.021 387.979
16.166 317.209
328.038 462.199
63.303 137.014
162.749 83.764
89.763 9.090
366.201 484.876
392.808 35.376
120.491 400.550
394.466 419.141
111.055 421.184
21.141 484.458
438.016 462.500
46.399 194.842
271.685 499.626
51.182 112.052
116.091 428.152
446.790 2.148
39.341 376.841
81.849 57.197
340.139 96.683
407.573 357.096
438.048 239.793
74.916 482.705
478.019 56.139
323.759 92.047
336.557 57.704
42.241 378.321
39.758 409.275
89.518 106.093
24.266 41.818
311.757 465.789
496.790 85.036
475.609 498.256
372.088 113.327
177.768 481.814
237.617 483.905
444.140 405.062
103.743 473.141
49.838 133.132
81.122 434.035
102.045 441.863
361.651 420.999
456.701 180.821
364.124 84.253
442.727 34.854
66.525 8.824
450.988 170.172
48.576 311.943
141.939 89.281
429.667 350.856
490.344 68.070
44.053 249.726
12.813 91.044
125.294 485.608
349.309 457.981
384.312 496.930
53.873 299.254
7.581 14.047
380.724 29.004
267.271 467.129
391.885 118.511
315.876 489.063
20.152 9.510
283.235 479.157
240.498 35.143
370.072 130.261
21.609 234.099
463.067 251.346
408.539 379.824
62.294 76.501
75.727 459.297
200.192 66.649
478.088 301.904
248.796 436.081
211.155 46.878
1.349 203.377
485.908 194.788
320.230 458.133
417.812 174.451
217.871 488.952
289.990 26.509
480.437 289.510
43.003 266.097
33.685 482.124
296.867 443.342
3.067 448.363
395.727 443.504
156.397 422.760
94.339 2.567
99.921 24.420
343.473 76.182
431.653 40.611
413.043 442.508
320.981 466.188
371.459 367.021
443.684 468.229
76.308 480.144
205.569 465.125
56.336 151.168
252.362 39.110
334.788 451.529
303.180 411.153
