200 3
50.000 50.000
66.748 48.873
73.812 55.915
65.907 53.355
70.185 49.075
70.621 50.656
71.408 55.539
68.931 48.573
66.229 53.958
72.617 51.613
73.281 54.749
72.371 48.678
66.185 53.116
68.715 50.960
69.572 55.560
69.662 52.727
72.021 55.510
69.243 53.037
70.392 53.923
74.653 48.598
69.220 49.896
70.047 48.979
67.452 49.554
70.569 51.614
72.051 49.441
66.800 54.159
69.561 48.497
70.114 48.486
68.115 56.235
71.584 48.921
64.805 52.940
65.619 52.482
74.429 56.948
65.805 54.109
72.858 53.751
67.191 48.639
69.165 54.266
66.720 50.114
67.645 56.669
69.827 56.691
70.859 52.045
68.197 55.159
72.487 50.493
65.609 51.327
73.291 55.556
67.475 52.519
68.602 53.589
72.120 54.127
67.997 57.562
74.467 56.954
73.205 50.522
66.697 57.739
66.918 57.968
68.520 52.676
65.364 56.902
73.225 52.668
67.233 55.283
74.210 54.847
73.427 56.665
66.546 55.161
65.882 48.572
69.998 50.055
64.801 52.557
72.077 52.382
38.214 69.311
35.994 60.901
36.728 61.520
39.082 61.651
35.456 69.827
39.001 61.765
41.937 63.829
40.240 61.693
40.064 64.231
32.857 64.964
42.040 62.156
41.302 65.493
40.923 65.291
33.101 62.538
33.919 61.876
41.264 63.241
33.730 61.468
37.777 62.315
34.166 69.230
34.485 68.191
36.476 69.045
34.872 63.497
34.628 68.024
33.176 68.444
39.403 67.147
33.088 65.451
42.241 61.599
35.262 69.736
42.281 67.155
42.359 64.099
42.344 69.187
35.588 67.202
42.578 69.324
32.733 70.211
42.194 67.787
37.980 65.537
33.090 64.809
38.689 61.408
32.930 69.083
34.647 63.278
41.668 64.145
42.313 69.251
35.930 67.506
33.247 65.943
40.316 68.594
34.653 62.374
37.341 66.410
37.558 38.311
37.121 35.971
33.839 33.037
38.922 37.210
34.953 29.494
40.235 31.701
39.077 36.257
40.552 35.673
37.416 36.926
41.780 30.211
38.059 29.366
34.822 32.365
36.995 32.308
40.455 36.077
33.928 33.049
34.916 33.154
38.589 29.228
37.986 28.826
40.537 34.606
35.355 34.492
38.833 36.399
36.205 33.200
39.819 30.764
37.400 31.261
40.927 38.337
36.273 37.238
37.970 38.101
37.414 34.048
41.056 37.422
40.050 35.510
36.511 32.118
43.111 35.067
37.954 36.212
42.147 31.271
41.889 30.526
39.527 29.878
43.174 37.405
40.289 29.116
42.951 32.357
39.122 31.186
39.759 29.650
38.918 34.630
42.406 35.842
42.657 30.923
38.330 36.815
39.241 33.412
33.295 31.944
35.304 35.158
41.055 38.137
69.764 15.353
29.335 8.210
13.825 88.101
93.444 49.328
91.041 52.631
92.267 49.354
30.820 12.972
10.277 15.490
98.757 64.419
15.235 52.501
50.791 96.478
15.090 66.945
51.966 93.106
91.769 32.348
94.133 97.292
11.705 80.945
49.564 98.958
9.561 73.915
12.644 8.490
45.542 1.359
39.415 0.035
97.272 64.534
86.857 79.932
44.832 92.134
69.713 89.694
0.201 27.814
69.112 94.935
92.800 48.629
76.196 70.220
18.987 81.054
31.067 13.224
77.699 77.573
16.029 27.515
8.451 72.440
12.274 97.773
67.282 18.509
53.189 15.395
11.364 35.634
97.353 82.775
69.478 16.277
