100 5
25.000 25.000
41.313 23.843
46.302 19.054
42.839 22.948
42.186 18.939
42.909 26.011
41.816 23.449
44.598 22.303
46.747 25.301
46.416 20.258
45.926 26.261
42.280 22.926
39.781 21.800
41.157 18.218
44.103 17.044
46.773 26.051
49.267 22.367
41.345 18.070
45.468 17.752
48.804 17.373
44.767 19.803
48.021 17.262
44.100 23.087
45.224 19.147
46.198 18.271
44.839 21.454
46.601 17.210
44.541 20.402
46.126 25.874
42.573 22.789
47.704 24.088
39.736 18.533
44.333 17.110
40.571 16.841
39.851 26.542
14.601 44.815
13.449 41.419
14.581 44.949
14.018 41.794
11.304 39.468
15.971 37.127
13.821 46.198
16.200 37.287
18.692 42.647
15.179 45.013
10.185 41.765
11.234 43.200
9.620 39.016
18.359 43.807
12.010 37.022
15.018 40.743
18.892 44.626
18.219 42.566
15.536 40.354
16.400 37.050
17.480 43.681
10.475 38.073
10.718 39.593
17.640 42.901
12.190 45.634
17.517 42.740
17.723 40.480
18.661 8.774
10.854 10.943
9.972 10.455
17.113 7.134
18.769 7.999
13.195 8.310
16.245 6.225
14.542 10.436
18.683 3.964
15.760 12.960
12.836 8.655
15.230 6.207
15.134 12.734
9.603 8.355
15.932 5.907
9.812 4.147
16.233 7.007
14.110 10.755
13.742 6.731
15.334 5.382
15.789 3.693
14.709 4.041
15.328 4.192
16.240 8.755
39.719 45.351
3.400 34.982
3.842 1.407
41.399 35.530
36.612 37.629
45.182 10.566
43.081 33.536
1.403 18.625
43.088 44.893
44.152 1.996
33.530 42.979
2.749 43.433
41.702 4.677
39.591 47.867
