100 3
25.000 25.000
46.885 32.780
41.669 30.389
48.498 31.061
42.942 28.609
42.587 24.889
46.630 31.678
44.101 30.370
46.345 31.272
49.437 29.785
43.121 27.155
45.059 24.418
40.718 31.580
46.902 26.845
45.724 31.393
42.585 30.069
44.778 27.559
48.747 32.431
28.132 45.518
28.292 41.758
25.680 45.581
30.920 42.036
26.754 48.235
25.230 41.360
31.156 43.369
31.536 46.092
29.049 48.936
24.778 44.886
31.663 41.843
31.858 39.697
29.925 49.446
24.386 39.679
30.816 44.274
30.848 43.740
25.497 46.556
30.042 47.677
28.058 40.388
28.869 44.687
27.082 42.086
31.544 46.988
32.192 40.910
2.482 17.893
0.697 24.633
2.718 22.794
7.405 18.236
7.265 21.824
4.884 19.886
4.673 22.675
2.645 24.460
6.111 25.726
6.911 19.120
2.099 25.269
1.238 22.368
5.953 17.941
1.019 26.567
5.379 19.387
5.724 23.879
2.768 26.008
6.924 25.326
19.712 1.425
21.143 3.744
20.339 6.890
22.204 9.610
19.501 1.808
16.254 3.446
22.464 2.588
17.006 6.852
17.195 3.192
18.991 1.083
22.144 9.951
20.114 5.915
18.951 6.887
23.320 6.627
17.696 1.340
22.984 6.678
24.317 3.416
24.184 9.395
22.101 6.726
18.047 6.631
19.044 4.914
17.972 8.778
24.736 7.706
44.830 45.169
4.526 41.618
46.445 49.262
4.486 42.340
48.212 1.245
7.533 7.726
46.695 7.268
0.140 38.928
4.907 1.184
4.760 4.596
45.898 5.932
11.914 44.196
18.281 48.755
47.285 0.553
41.844 0.177
42.784 17.724
12.073 1.235
17.241 45.808
