5000 7
1250.000 1250.000
1693.041 1309.659
1648.136 1329.003
1799.287 1301.983
1713.012 1256.966
1717.421 1320.055
1817.947 1205.868
1741.398 1337.197
1663.009 1248.767
1788.208 1256.230
1759.707 1415.308
1746.947 1339.982
1829.638 1251.778
1646.607 1207.234
1764.785 1244.182
1744.005 1272.322
1700.702 1418.535
1676.749 1374.552
1672.612 1294.528
1670.408 1338.355
1813.998 1305.240
1770.799 1365.608
1793.125 1318.252
1714.989 1407.500
1717.679 1255.235
1837.683 1388.841
1637.351 1217.471
1852.445 1245.468
1799.185 1361.237
1833.319 1309.921
1778.433 1231.201
1838.200 1239.951
1718.275 1351.536
1752.236 1355.619
1686.587 1409.590
1823.820 1396.594
1702.287 1301.797
1666.457 1229.733
1819.123 1410.175
1809.874 1355.486
1722.403 1236.872
1697.898 1254.124
1635.760 1275.689
1699.231 1424.106
1823.295 1419.132
1808.946 1373.889
1857.253 1266.443
1644.548 1228.805
1693.535 1337.679
1670.001 1390.002
1639.574 1225.015
1826.892 1326.833
1740.000 1419.308
1825.658 1292.155
1853.842 1216.455
1722.691 1216.884
1654.720 1406.559
1808.180 1284.044
1655.687 1383.138
1735.173 1362.592
1854.225 1364.619
1843.302 1301.557
1697.952 1243.680
1837.662 1319.153
1821.765 1368.070
1787.610 1356.691
1781.300 1410.029
1752.138 1228.667
1766.718 1253.498
1763.326 1288.498
1814.716 1234.243
1667.582 1247.434
1671.526 1327.597
1697.399 1305.359
1737.889 1213.341
1787.251 1318.627
1670.225 1304.249
1787.443 1326.940
1783.248 1259.139
1721.612 1206.809
1658.215 1220.989
1811.262 1199.295
1809.377 1350.503
1643.945 1315.365
1777.856 1412.352
1635.236 1324.533
1830.962 1240.949
1733.458 1353.055
1796.024 1415.358
1760.280 1300.218
1771.676 1245.759
1856.128 1243.985
1828.032 1231.141
1645.471 1220.392
1672.346 1299.763
1733.956 1314.439
1817.936 1290.522
1824.033 1349.992
1717.402 1256.629
1713.250 1262.661
1847.463 1207.146
1720.898 1345.909
1741.681 1326.623
1714.013 1206.146
1662.457 1242.183
1801.720 1256.055
1803.946 1336.834
1795.133 1297.235
1672.921 1409.487
1836.643 1367.682
1761.710 1255.315
1654.490 1267.251
1641.874 1212.500
1792.026 1408.219
1790.164 1218.865
1707.969 1241.047
1762.959 1241.221
1743.247 1304.869
1714.972 1396.738
1720.711 1272.782
1663.433 1324.647
1644.703 1407.100
1645.272 1332.329
1635.266 1276.905
1827.477 1393.309
1788.307 1365.011
1693.679 1339.778
1709.175 1365.462
1686.582 1343.070
1808.484 1284.871
1708.455 1295.476
1829.226 1306.410
1635.218 1225.626
1824.689 1304.889
1847.068 1262.521
1819.599 1391.860
1796.184 1255.901
1792.711 1249.474
1737.374 1380.676
1642.063 1374.202
1675.587 1266.816
1683.774 1352.877
1651.958 1239.620
1770.751 1301.187
1721.245 1408.166
1645.677 1220.472
1642.700 1367.609
1772.365 1380.238
1707.233 1258.142
1808.668 1236.364
1843.332 1401.134
1726.150 1257.879
1785.895 1315.000
1810.960 1255.447
1664.016 1210.283
1719.622 1407.097
1683.225 1228.155
1668.569 1245.476
1836.081 1390.414
1704.581 1276.086
1809.818 1255.134
1692.937 1198.239
1674.753 1200.558
1689.259 1377.751
1844.585 1212.295
1774.235 1336.450
1720.242 1419.107
1787.855 1321.130
1749.650 1337.876
1809.120 1279.356
1859.533 1370.113
1684.692 1233.058
1832.717 1422.559
1858.476 1336.832
1701.621 1382.015
1852.508 1362.890
1799.746 1208.927
1656.128 1392.429
1810.964 1367.301
1851.100 1368.810
1800.826 1205.353
1842.776 1275.516
1691.099 1407.891
1831.906 1404.832
1794.015 1290.366
1851.974 1204.850
1805.614 1234.418
1719.698 1317.464
1635.993 1209.908
1780.537 1216.379
1846.193 1383.094
1634.656 1390.366
1745.169 1391.340
1748.876 1319.135
1704.228 1366.086
1742.322 1327.396
1722.345 1295.605
1856.637 1398.861
1821.061 1388.642
1726.652 1302.978
1775.188 1308.842
1785.581 1206.665
1849.303 1373.802
1830.647 1343.481
1856.350 1290.856
1806.877 1416.583
1841.819 1215.944
1723.607 1210.515
1744.691 1250.205
1840.163 1263.264
1644.950 1202.261
1734.669 1355.886
1842.509 1390.968
1672.787 1248.195
1768.330 1238.715
1839.194 1263.093
1804.834 1219.910
1744.032 1231.269
1752.238 1347.170
1749.367 1272.684
1733.070 1310.221
1818.794 1277.791
1816.754 1414.035
1647.994 1239.727
1642.780 1423.475
1763.943 1253.925
1697.438 1338.467
1756.938 1347.487
1815.393 1206.711
1684.769 1260.152
1811.591 1342.851
1842.275 1340.524
1834.251 1412.278
1659.065 1271.445
1701.747 1363.152
1640.131 1405.886
1816.306 1221.663
1834.169 1391.458
1737.946 1216.153
1687.589 1202.827
1692.074 1309.221
1683.633 1264.326
1714.091 1219.482
1837.518 1258.928
1662.355 1247.779
1833.393 1299.441
1723.549 1407.417
1787.994 1359.705
1798.329 1207.556
1789.785 1299.108
1719.287 1312.736
1636.762 1246.808
1678.071 1245.682
1776.884 1286.021
1643.231 1303.787
1667.344 1353.067
1774.000 1216.768
1699.918 1344.656
1819.745 1301.747
1809.254 1368.897
1709.480 1413.611
1643.102 1362.298
1709.547 1198.530
1840.702 1367.282
1794.946 1360.055
1721.455 1286.297
1836.541 1258.078
1753.344 1209.461
1768.537 1304.152
1802.925 1346.891
1730.590 1371.503
1771.894 1260.497
1752.001 1236.136
1675.270 1406.309
1697.717 1227.048
1668.033 1352.898
1665.759 1424.597
1750.273 1212.346
1643.857 1352.761
1828.310 1303.000
1779.854 1400.346
1632.990 1289.920
1836.073 1388.758
1663.222 1393.676
1836.812 1292.549
1658.835 1358.305
1738.567 1333.283
1658.506 1297.474
1675.620 1263.345
1712.017 1381.580
1743.462 1390.966
1706.371 1395.054
1784.493 1288.278
1694.537 1343.320
1638.389 1271.615
1838.298 1202.712
1655.200 1258.854
1799.241 1223.445
1809.676 1407.713
1751.385 1324.370
1650.549 1361.937
1788.220 1384.730
1759.008 1339.226
1802.378 1275.985
1663.623 1404.416
1738.263 1365.746
1744.773 1249.483
1802.166 1250.077
1792.679 1238.107
1798.011 1337.177
1818.416 1305.569
1811.419 1253.323
1809.650 1408.708
1707.234 1264.801
1739.180 1214.068
1780.886 1246.522
1746.318 1418.725
1805.116 1265.215
1670.388 1353.012
1640.380 1409.281
1805.811 1349.338
1858.683 1237.940
1760.133 1226.550
1751.032 1420.771
1677.368 1329.074
1843.278 1250.240
1729.006 1356.048
1714.033 1259.283
1736.467 1338.195
1855.957 1300.809
1849.959 1303.358
1797.168 1362.615
1655.579 1252.655
1795.369 1404.558
1652.372 1374.211
1772.467 1395.783
1683.830 1395.224
1760.796 1215.448
1721.973 1388.218
1855.100 1353.988
1650.699 1206.504
1818.641 1321.885
1710.173 1249.657
1815.445 1210.085
1854.803 1254.479
1796.367 1415.717
1841.485 1298.159
1720.098 1303.170
1853.835 1408.327
1770.994 1355.496
1831.641 1361.756
1665.822 1424.703
1769.441 1337.413
1710.265 1208.569
1855.557 1277.449
1642.870 1298.000
1721.980 1354.195
1795.079 1225.274
1825.109 1353.748
1810.114 1403.054
1644.848 1401.449
1649.018 1317.018
1752.216 1251.454
1765.753 1249.481
1637.868 1234.299
1780.144 1268.616
1850.627 1295.981
1709.863 1215.681
1666.979 1416.137
1814.168 1349.842
1743.377 1402.390
1669.647 1244.577
1712.950 1347.335
1777.483 1283.303
1850.997 1345.443
1678.209 1220.334
1654.781 1233.341
1755.076 1344.233
1827.990 1416.516
1774.430 1403.844
1714.185 1412.233
1808.618 1417.738
1767.599 1202.106
1748.090 1267.864
1836.964 1276.991
1857.215 1294.684
1728.329 1342.208
1735.730 1217.296
1821.240 1390.462
1733.852 1259.057
1849.945 1215.379
1670.532 1306.060
1782.015 1412.648
1674.709 1331.707
1834.365 1370.375
1770.537 1225.914
1676.437 1260.781
1775.104 1421.583
1812.423 1221.194
1732.496 1198.379
1852.243 1384.617
1802.647 1224.305
1714.089 1230.715
1726.204 1314.569
1829.076 1306.387
1688.019 1360.873
1849.265 1367.650
1825.665 1226.325
1724.091 1282.907
1689.564 1303.250
1659.158 1270.565
1745.096 1365.769
1659.944 1368.109
1733.091 1331.480
1712.302 1340.741
1702.260 1276.383
1705.769 1305.556
1825.080 1321.569
1676.157 1361.548
1834.619 1404.052
1759.078 1394.563
1747.015 1368.027
1691.633 1266.294
1687.998 1357.473
1834.515 1384.259
1670.323 1360.626
1696.535 1294.112
1638.730 1321.417
1638.495 1269.852
1690.580 1228.928
1757.378 1203.678
1675.452 1349.454
1794.573 1338.194
1841.264 1262.590
1779.740 1386.574
1657.734 1374.548
1709.344 1247.764
1725.256 1353.073
1788.642 1318.734
1840.840 1239.577
1640.008 1393.663
1685.471 1268.005
1692.681 1296.131
1767.140 1404.462
1815.507 1333.456
1816.969 1330.048
1704.594 1238.367
1679.851 1222.714
1680.595 1370.907
1691.912 1332.901
1793.081 1282.204
1770.723 1267.141
1722.615 1397.091
1804.409 1349.371
1695.653 1305.852
1792.077 1206.672
1681.305 1363.156
1771.201 1362.902
1652.916 1245.071
1748.759 1263.333
1657.198 1355.874
1724.780 1303.064
1770.469 1313.116
1791.293 1220.538
1758.679 1344.061
1791.764 1307.823
1756.369 1206.762
1636.977 1220.616
1756.497 1316.738
1784.740 1387.237
1718.755 1417.487
1669.388 1409.520
1774.209 1212.850
1755.193 1411.936
1770.012 1202.316
1665.202 1333.570
1649.627 1391.537
1808.695 1373.760
1646.420 1399.155
1716.588 1291.037
1701.758 1365.877
1748.347 1335.840
1689.120 1235.731
1818.566 1270.509
1812.038 1401.068
1800.353 1423.701
1685.695 1313.771
1738.915 1319.302
1755.433 1361.448
1767.669 1304.917
1644.901 1231.973
1640.237 1412.489
1774.450 1246.557
1703.091 1299.167
1777.412 1363.358
1781.084 1205.154
1717.492 1274.359
1849.545 1217.913
1771.864 1339.749
1653.160 1292.488
1763.437 1358.060
1691.343 1227.031
1649.162 1325.179
1822.238 1242.307
1816.578 1320.681
1714.832 1217.543
1845.953 1269.615
1636.761 1352.847
1803.110 1204.302
1799.454 1260.022
1832.132 1270.305
1668.109 1205.545
1754.707 1354.300
1702.694 1278.384
1811.074 1214.633
1636.944 1268.429
1837.463 1410.555
1777.558 1377.567
1760.892 1413.643
1702.640 1405.217
1719.846 1395.055
1633.258 1198.191
1785.211 1388.648
1814.145 1295.259
1831.325 1244.441
1732.845 1315.064
1634.383 1223.665
1717.921 1419.704
1759.932 1270.630
1654.810 1381.738
1641.796 1420.281
1684.149 1235.490
1857.130 1288.797
1818.866 1292.519
1813.730 1307.248
1749.101 1266.189
1684.028 1301.850
1694.303 1300.098
1780.481 1381.728
1754.183 1220.940
1639.357 1420.139
1779.627 1354.800
1778.521 1281.106
1758.328 1254.276
1640.876 1269.915
1720.834 1239.203
1675.128 1411.505
1754.731 1383.647
1640.465 1258.690
1672.188 1244.909
1651.065 1206.536
1688.420 1323.408
1786.899 1245.487
1719.950 1245.962
1701.361 1230.800
1799.390 1337.722
1670.541 1289.882
1856.554 1249.098
1800.926 1330.883
1811.353 1332.002
1656.578 1321.470
1687.943 1420.201
1755.128 1240.610
1834.176 1234.757
1732.102 1238.224
1811.866 1278.805
1641.123 1232.227
1695.332 1210.274
1794.846 1420.528
1739.997 1419.275
1791.203 1366.817
1649.580 1424.440
1808.651 1255.503
1646.970 1242.445
1737.634 1243.937
1774.579 1301.692
1795.145 1319.100
1736.357 1387.558
1836.662 1318.138
1755.719 1239.233
1837.014 1225.463
1725.502 1328.795
1766.272 1300.138
1633.428 1351.704
1751.266 1197.864
1748.600 1386.423
1839.505 1418.612
1722.606 1326.009
1790.577 1210.622
1840.965 1381.414
1824.512 1295.145
1737.071 1260.429
1735.438 1377.044
1807.806 1262.215
1779.390 1280.140
1635.735 1321.359
1787.226 1331.137
1666.516 1306.223
1762.415 1311.885
1737.350 1403.861
1778.703 1272.740
1666.980 1340.210
1786.736 1259.005
1817.738 1366.624
1757.901 1265.214
1635.488 1229.556
1829.533 1280.890
1710.914 1348.248
1793.126 1262.389
1689.114 1353.507
1857.203 1231.744
1636.165 1264.850
1791.658 1411.703
1684.882 1266.918
1799.583 1391.788
1698.030 1409.528
1795.108 1256.269
1649.652 1238.874
1676.234 1264.661
1659.561 1270.304
1844.830 1267.181
1765.118 1298.081
1644.539 1201.292
1687.590 1299.852
1673.042 1276.917
1741.275 1384.013
1843.755 1310.554
1778.384 1354.575
1829.532 1307.274
1825.563 1354.857
1672.070 1312.029
1764.060 1243.442
1768.111 1271.657
1791.129 1238.658
1691.359 1250.892
1837.835 1293.679
1635.564 1291.484
1744.048 1402.738
1658.474 1207.463
1772.108 1294.038
1647.979 1422.247
1740.066 1323.553
1669.242 1406.444
1809.449 1327.195
1795.851 1304.165
1801.553 1404.290
1852.551 1285.924
1654.224 1247.685
1742.128 1210.474
1783.978 1261.902
1846.646 1300.754
1650.405 1303.555
1832.753 1322.844
1857.134 1252.439
1649.540 1405.794
1840.482 1418.908
1849.649 1317.721
1804.077 1294.990
1728.656 1384.039
1648.937 1322.980
1655.538 1227.085
1755.146 1398.548
1730.688 1226.578
1701.047 1218.559
1650.909 1341.394
1828.075 1320.122
1825.247 1210.761
1675.882 1379.292
1760.847 1358.234
1748.660 1307.516
1685.916 1324.674
1781.750 1398.071
1713.575 1312.765
1698.719 1268.705
1750.376 1253.922
1717.656 1399.113
1794.994 1238.302
1841.393 1200.162
1797.371 1313.954
1692.483 1369.688
1712.429 1323.751
1857.362 1423.369
1807.893 1225.588
1651.464 1206.384
1842.545 1213.780
1634.702 1269.012
1765.158 1292.378
1634.653 1360.882
1650.732 1207.710
1731.521 1271.233
1640.166 1257.189
1801.370 1383.103
1738.806 1299.948
1678.717 1405.871
1656.623 1227.009
1773.205 1290.091
1761.216 1243.499
1786.031 1302.459
1768.829 1292.513
1637.381 1208.004
1696.152 1226.819
1636.588 1210.883
1783.220 1320.508
1807.690 1376.123
1826.764 1221.639
1633.710 1407.108
1697.832 1277.700
1686.756 1250.627
1684.082 1275.685
1648.560 1231.959
1668.890 1324.726
1646.604 1301.635
1817.428 1242.580
1651.592 1321.982
1669.907 1274.201
1785.107 1400.057
1785.558 1423.806
1645.366 1230.089
1684.438 1337.919
1769.920 1293.506
1658.541 1352.476
1753.505 1327.211
1698.245 1226.960
1748.023 1294.467
1820.320 1274.553
1774.451 1205.987
1697.094 1231.889
1753.160 1203.164
1637.639 1300.296
1844.335 1339.908
1734.883 1215.059
1815.474 1321.025
1839.096 1277.234
1827.378 1243.538
1792.877 1302.999
1676.231 1237.353
1801.169 1402.862
1812.224 1370.015
1691.862 1228.470
1666.836 1352.730
1660.037 1357.029
1668.619 1229.419
1805.315 1422.386
1687.157 1390.122
1807.137 1409.464
1746.065 1334.711
1775.784 1418.476
1781.512 1284.128
1695.025 1218.990
1750.694 1393.266
1750.306 1314.086
1754.671 1227.056
1830.009 1363.950
1658.162 1422.393
1739.623 1360.891
1643.368 1322.846
1639.425 1334.135
1834.423 1300.786
1829.386 1248.565
1741.831 1330.123
1656.780 1270.834
1808.373 1251.988
1713.275 1249.203
1766.319 1270.726
1684.991 1369.720
1765.180 1391.075
1771.908 1289.245
1734.265 1263.765
1810.135 1363.647
1635.047 1392.990
1709.499 1199.894
1855.004 1222.252
1686.664 1212.721
1730.780 1305.332
1800.628 1322.723
1837.052 1329.450
1746.152 1311.705
1770.580 1381.917
1741.544 1381.361
1727.316 1340.938
1807.243 1198.466
1734.122 1334.175
1835.889 1351.792
1803.240 1409.747
1835.330 1335.777
1685.825 1366.252
1704.767 1388.160
1778.954 1304.792
1739.166 1204.904
1654.238 1331.153
1740.394 1240.210
1780.180 1314.847
1830.769 1377.178
1774.328 1327.474
1726.275 1269.378
1696.071 1247.596
1638.321 1398.292
1728.558 1387.375
1798.770 1380.514
1725.601 1351.107
1849.433 1330.523
1820.499 1301.724
1640.239 1372.079
1703.300 1285.895
1713.313 1208.994
1844.385 1385.122
1851.361 1264.509
1651.625 1321.884
1835.935 1412.844
1831.945 1227.439
1703.213 1343.326
1700.671 1267.477
1808.742 1379.562
1822.151 1250.568
1671.805 1380.296
1707.125 1299.163
1770.050 1254.758
1823.835 1403.412
1805.442 1394.327
1701.054 1275.812
1681.333 1317.954
1727.537 1231.564
1689.601 1381.635
1638.149 1217.840
1739.590 1405.144
1700.903 1342.171
1704.592 1372.851
1747.241 1398.353
1685.514 1384.495
1764.602 1399.203
1697.838 1221.280
1774.432 1329.224
1845.374 1283.539
1773.267 1350.839
1839.353 1332.082
1730.168 1266.208
1786.761 1259.226
1825.279 1350.527
1638.632 1370.657
1743.628 1268.101
1656.251 1407.143
1751.343 1266.094
1660.658 1422.989
1650.484 1370.320
1844.858 1403.082
1792.253 1379.670
1784.572 1362.425
1694.852 1326.584
1765.632 1354.683
1759.082 1235.753
1799.302 1284.416
1698.124 1369.634
1774.341 1400.158
1694.408 1381.638
1794.422 1416.345
1855.681 1289.480
1819.245 1259.990
1692.734 1344.599
1772.279 1221.719
1784.790 1408.852
1806.756 1360.814
1821.931 1261.833
1840.989 1296.842
1779.541 1387.030
1821.152 1330.192
1834.226 1317.624
1706.994 1364.417
1656.763 1233.300
1692.443 1296.975
1712.916 1249.052
1638.155 1290.203
1789.389 1221.783
1664.187 1395.156
1673.584 1376.129
1802.441 1423.045
1824.692 1249.355
1730.658 1238.491
1843.060 1332.055
1691.584 1266.610
1809.789 1339.106
1667.597 1278.300
1855.015 1206.091
1717.134 1337.123
1752.848 1255.516
1654.005 1253.379
1786.588 1322.829
1636.298 1306.290
1781.357 1421.128
1848.877 1405.343
1693.819 1214.911
1651.566 1380.045
1654.240 1261.708
1711.239 1351.435
1731.856 1239.361
1857.531 1250.367
1787.866 1355.479
1727.044 1233.958
1633.846 1260.955
1753.341 1211.811
1700.354 1345.646
1673.161 1217.747
1717.325 1212.495
1737.294 1361.462
1857.146 1296.936
1679.678 1392.283
1648.657 1198.973
1668.957 1280.775
1797.856 1287.831
1825.350 1334.999
1823.529 1277.243
1857.054 1230.567
1787.718 1334.952
1831.546 1277.452
1734.809 1202.848
1642.370 1289.119
1786.314 1398.907
1790.233 1396.394
1772.426 1424.816
1687.037 1216.606
1687.523 1396.844
1659.345 1267.237
1651.434 1202.396
1838.665 1302.304
1817.685 1374.009
1796.011 1220.737
1805.349 1326.380
1816.590 1410.334
1743.782 1384.569
1783.610 1309.898
1739.420 1264.551
1784.898 1214.545
1671.141 1200.934
1754.860 1395.544
1682.292 1230.437
1711.602 1385.155
1780.429 1265.845
1802.602 1254.539
1633.420 1353.906
1782.037 1408.725
1734.563 1231.692
1840.209 1298.741
1686.388 1335.936
1741.604 1289.068
1671.402 1203.626
1835.370 1336.501
1849.669 1306.261
1848.555 1205.373
1767.349 1214.696
1640.589 1344.945
1703.574 1422.049
1733.861 1317.217
1835.470 1400.004
1740.518 1280.039
1849.351 1389.129
1748.247 1387.282
1838.942 1422.460
1643.419 1359.450
1633.984 1219.520
1786.959 1375.429
1635.919 1295.921
1657.845 1394.929
1706.113 1324.682
1755.427 1401.275
1859.200 1344.693
1657.694 1356.714
1832.267 1229.719
1777.579 1283.358
1836.764 1348.139
1718.945 1358.080
1681.388 1395.449
1707.318 1239.974
1848.820 1245.978
1708.149 1260.648
1806.927 1280.823
1748.217 1360.120
1802.975 1259.662
1678.558 1389.339
1691.862 1300.435
1758.266 1204.257
1854.477 1349.867
1682.417 1220.333
1857.705 1280.481
1741.593 1366.910
1730.103 1378.996
1848.740 1378.071
1847.672 1272.848
1713.862 1311.057
1836.855 1223.052
1813.108 1232.972
1836.833 1380.115
1724.183 1421.139
1662.123 1359.960
1783.637 1337.947
1673.922 1206.617
1828.938 1303.908
1813.842 1197.923
1735.370 1420.762
1741.148 1394.823
1634.362 1419.306
1669.506 1288.208
1642.769 1343.689
1724.620 1353.423
1704.379 1365.494
1652.290 1318.898
1669.912 1412.278
1858.424 1302.029
1778.426 1217.456
1791.318 1340.768
1671.808 1314.400
1688.620 1230.778
1816.705 1421.108
1689.784 1408.585
1768.968 1421.736
1781.772 1252.610
1645.171 1403.360
1705.816 1252.627
1781.570 1274.546
1729.700 1257.468
1696.511 1371.324
1694.952 1240.192
1716.765 1354.929
1686.490 1385.006
1725.404 1411.605
1743.530 1344.956
1651.812 1239.622
1698.296 1334.943
1684.828 1275.417
1761.122 1203.960
1748.796 1404.265
1805.415 1242.449
1760.897 1344.140
1772.640 1383.230
1741.195 1210.838
1811.831 1208.876
1774.145 1209.839
1733.156 1244.441
1689.849 1334.321
1635.247 1225.403
1851.198 1405.760
1859.206 1296.585
1752.309 1258.212
1715.084 1235.206
1645.774 1260.231
1830.290 1402.452
1741.909 1374.862
1751.838 1238.162
1670.347 1320.100
1814.014 1221.814
1802.920 1203.792
1849.978 1402.820
1854.911 1319.345
1683.228 1348.411
1856.596 1371.869
1764.054 1267.045
1698.683 1367.067
1755.580 1411.886
1635.739 1421.130
1653.270 1334.739
1801.673 1339.422
1762.619 1224.306
1735.678 1348.647
1681.143 1412.365
1705.532 1272.086
1688.308 1371.668
1812.554 1377.025
1851.999 1314.058
1772.706 1288.325
1818.851 1217.431
1800.925 1287.838
1790.191 1390.697
1783.739 1230.438
1825.394 1332.280
1679.809 1369.335
1718.580 1343.979
1728.421 1424.052
1779.031 1257.392
1639.685 1291.833
1803.331 1395.010
1721.735 1297.448
1850.876 1329.550
1737.084 1254.324
1673.499 1366.817
1801.707 1280.581
1792.232 1373.247
1667.472 1241.047
1634.012 1397.880
1775.000 1279.625
1707.360 1240.314
1824.227 1256.756
1829.076 1364.747
1790.493 1408.212
1828.881 1391.971
1697.697 1293.906
1859.825 1248.039
1671.425 1356.778
1644.787 1238.351
1759.885 1284.307
1671.280 1311.329
1837.311 1342.290
1652.361 1288.206
1814.768 1299.555
1644.521 1201.417
1662.346 1250.134
1858.338 1306.197
1645.559 1278.255
1725.037 1265.483
1707.632 1397.457
1685.132 1202.688
1812.935 1292.827
1678.075 1326.124
1787.131 1283.850
1832.860 1374.049
1838.660 1300.195
1696.656 1354.076
1859.585 1278.410
1723.033 1370.067
1715.378 1360.871
1702.453 1288.366
1693.016 1236.060
1782.590 1290.920
1857.903 1251.703
1776.406 1200.606
1740.490 1298.195
1826.110 1395.644
1804.632 1400.403
1857.877 1222.142
1773.010 1421.610
1662.802 1263.000
1732.873 1414.627
1747.450 1422.718
1730.074 1302.219
1695.232 1318.356
1747.247 1303.879
1853.561 1199.018
1692.327 1409.027
1844.357 1244.364
1848.040 1231.721
1812.619 1269.440
1788.331 1362.001
1666.284 1323.882
1823.593 1413.609
1636.091 1385.228
1843.040 1406.057
1693.809 1225.034
1645.243 1270.115
1641.063 1423.661
1752.666 1221.896
1738.241 1409.675
1836.492 1252.583
1768.370 1300.868
1828.242 1301.040
1819.114 1306.296
1724.861 1222.745
1842.426 1329.075
1839.699 1225.581
1726.361 1265.011
1721.744 1332.131
1653.983 1254.834
1856.341 1279.157
1839.681 1242.441
1852.349 1401.556
1775.870 1355.164
1805.733 1277.455
1748.504 1220.389
1723.606 1380.557
1681.676 1319.563
1640.186 1244.656
1694.780 1208.814
1788.897 1394.915
1764.989 1417.005
1693.331 1256.615
1790.427 1222.325
1853.538 1325.490
1786.597 1261.300
1704.082 1363.740
1797.487 1256.489
1819.578 1316.733
1680.953 1313.572
1659.537 1295.228
1849.691 1272.340
1716.034 1343.493
1689.784 1331.294
1683.240 1251.382
1710.894 1358.959
1813.079 1226.338
1649.531 1241.267
1769.350 1276.471
1783.245 1304.949
1649.375 1314.868
1654.588 1321.134
1717.021 1219.349
1774.805 1199.967
1752.896 1356.895
1679.499 1333.118
1740.501 1220.057
1820.434 1332.610
1844.132 1332.032
1684.167 1332.545
1647.508 1232.833
1753.232 1394.904
1841.963 1410.662
1794.086 1269.193
1759.726 1252.174
1708.763 1394.023
1655.251 1207.172
1759.323 1396.504
1796.680 1416.518
1695.295 1254.423
1826.285 1321.824
1836.875 1295.339
1757.468 1292.627
1675.806 1298.744
1795.838 1357.776
1677.519 1329.812
1806.441 1388.699
1732.497 1235.549
1803.850 1392.421
1742.953 1381.817
1669.069 1278.738
1711.210 1207.078
1670.779 1207.243
1715.141 1208.077
1655.988 1335.791
1638.102 1240.850
1852.822 1378.116
1670.345 1355.315
1779.299 1215.221
1810.932 1291.927
1668.888 1324.903
1685.655 1329.203
1642.815 1417.156
1656.954 1235.552
1643.000 1242.214
1771.845 1378.507
1704.813 1363.627
1740.840 1225.133
1716.837 1301.388
1808.851 1214.133
1635.478 1387.075
1783.369 1407.699
1637.148 1293.976
1834.195 1312.537
1833.094 1358.312
1825.891 1371.624
1651.715 1303.938
1662.202 1229.552
1693.879 1391.605
1689.510 1332.299
1752.143 1374.226
1819.618 1221.604
1633.841 1368.256
1834.638 1240.844
1718.852 1312.618
1826.041 1229.842
1772.793 1334.078
1638.443 1346.862
1791.038 1199.352
1785.478 1319.390
1815.273 1304.074
1682.848 1414.067
1847.586 1336.026
1717.434 1386.929
1662.527 1234.819
1706.831 1244.109
1680.224 1420.927
1672.568 1333.754
1742.714 1375.705
1750.404 1205.623
1802.682 1222.738
1853.206 1409.662
1674.852 1262.170
1766.293 1327.545
1837.414 1235.304
1676.732 1359.237
1810.051 1261.412
1750.734 1421.451
1786.362 1287.719
1783.949 1306.525
1705.724 1339.155
1720.970 1386.713
1665.973 1236.395
1718.579 1215.428
1772.762 1400.847
1824.024 1334.136
1783.462 1370.820
1813.869 1361.341
1835.689 1326.490
1687.314 1205.563
1852.383 1399.970
1798.670 1382.983
1851.708 1392.838
1640.452 1248.076
1808.999 1340.417
1835.941 1359.176
1725.107 1372.827
1800.840 1319.374
1729.396 1227.838
1855.369 1318.425
1796.174 1339.135
1666.920 1393.678
1643.416 1227.913
1812.812 1215.676
1673.621 1198.263
1821.066 1199.339
1843.482 1210.955
1736.681 1375.638
1717.513 1363.035
1767.819 1221.218
1753.755 1398.681
1680.644 1358.172
1825.093 1264.251
1796.809 1340.728
1794.495 1407.724
1820.277 1410.745
1645.804 1226.974
1763.924 1274.618
1659.108 1261.640
1741.819 1420.284
1740.936 1222.802
1746.832 1377.041
1712.295 1422.172
1845.784 1369.691
1635.322 1277.691
1754.262 1267.486
1720.847 1315.156
1841.697 1364.458
1646.584 1354.950
1796.059 1393.484
1830.117 1254.965
1825.335 1383.179
1803.677 1367.149
1646.605 1278.107
1715.634 1345.628
1790.295 1209.617
1836.443 1347.522
1729.357 1371.610
1795.165 1279.816
1701.706 1304.272
1794.890 1357.947
1768.532 1264.564
1649.530 1241.381
1642.138 1264.033
1839.463 1199.653
1643.483 1380.732
1831.541 1301.622
1664.256 1411.399
1745.924 1379.052
1789.593 1198.620
1729.372 1379.650
1826.090 1236.505
1638.176 1319.209
1763.527 1389.335
1847.486 1391.261
1767.518 1421.381
1638.277 1360.282
1677.335 1328.118
1822.923 1302.031
1734.410 1381.516
1751.588 1322.775
1709.867 1380.872
1656.565 1380.338
1842.920 1382.539
1779.624 1402.248
1728.993 1398.982
1715.989 1253.900
1856.060 1222.888
1676.436 1351.355
1844.156 1272.227
1713.549 1414.660
1788.510 1222.203
1664.372 1387.951
1762.480 1403.637
1819.906 1367.000
1845.928 1313.042
1729.428 1387.881
1707.573 1417.999
1658.094 1381.999
1685.811 1258.407
1773.947 1260.584
1682.582 1272.435
1695.823 1310.166
1702.104 1385.440
1679.502 1362.026
1856.630 1249.642
1682.065 1322.123
1785.646 1203.474
1726.844 1239.472
1810.309 1370.893
1633.386 1364.723
1787.055 1241.656
1720.949 1349.735
1700.713 1204.045
1763.848 1274.712
1802.655 1257.763
1813.421 1421.781
1706.301 1331.785
1853.419 1357.324
1702.646 1369.475
1789.955 1386.493
1762.905 1357.216
1703.082 1215.071
1689.484 1340.369
1802.099 1335.727
1640.258 1366.996
1767.642 1420.056
1679.960 1258.391
1648.369 1253.243
1721.937 1210.501
1773.882 1324.597
1794.397 1289.201
1666.166 1264.109
1744.145 1280.144
1659.627 1302.441
1774.790 1379.161
1850.200 1288.538
1836.674 1403.999
1664.520 1223.065
1723.264 1402.484
1832.387 1274.858
1687.422 1354.308
1750.882 1294.672
1760.288 1386.401
1830.967 1298.950
1803.857 1225.598
1763.075 1374.974
1741.999 1340.471
1702.371 1355.148
1802.891 1392.855
1687.722 1383.541
1794.869 1214.051
1851.560 1285.145
1688.661 1204.411
1825.150 1393.102
1762.218 1208.433
1763.115 1386.914
1664.531 1359.218
1758.839 1242.621
1705.001 1418.738
1820.035 1412.675
1847.730 1329.636
1707.096 1255.177
1704.113 1343.751
1798.498 1208.090
1787.360 1423.033
1824.560 1301.994
1650.788 1253.211
1686.777 1415.717
1683.974 1332.277
1847.085 1410.715
1776.350 1314.586
1837.510 1261.477
1842.895 1413.199
1663.279 1326.111
1786.192 1267.099
1785.466 1215.968
1645.240 1253.119
1646.528 1239.790
1709.024 1229.042
1640.389 1256.540
1686.365 1299.890
1791.341 1354.039
1762.003 1202.267
1696.036 1418.099
1632.978 1329.326
1700.505 1274.628
1655.132 1239.780
1727.919 1411.009
1702.121 1273.793
1725.351 1312.632
1800.319 1361.719
1839.846 1263.006
1848.094 1220.061
1791.434 1422.736
1808.351 1307.587
1642.707 1258.852
1806.488 1220.845
1826.863 1416.352
1723.525 1237.776
1680.206 1423.653
1765.081 1212.494
1838.827 1220.206
1011.774 1762.909
954.597 1745.272
923.707 1586.131
1000.081 1622.331
972.667 1695.964
993.298 1714.673
999.688 1580.959
1008.491 1711.561
1091.795 1702.030
1051.655 1711.476
1023.647 1792.976
1072.307 1584.994
1094.420 1784.909
1002.902 1705.070
951.034 1596.731
1070.079 1578.565
1017.963 1645.094
953.313 1751.158
1068.064 1637.472
973.352 1779.216
914.505 1581.009
943.938 1677.310
927.662 1588.923
955.500 1636.754
976.530 1748.190
936.108 1597.341
1076.850 1631.643
1086.775 1795.637
1083.566 1601.231
981.972 1590.175
1014.859 1793.260
913.873 1706.373
966.825 1611.606
1046.012 1588.643
1012.433 1708.439
906.439 1660.206
1112.217 1730.629
1127.110 1786.619
1037.852 1682.784
998.970 1800.064
1052.631 1579.224
1030.238 1731.376
1110.060 1610.919
975.178 1722.505
940.847 1636.636
1117.067 1708.156
915.364 1692.055
931.111 1664.494
1116.319 1623.470
1044.513 1622.276
1015.659 1611.624
920.144 1584.839
965.248 1642.114
917.209 1698.362
1095.812 1724.575
1038.566 1750.256
970.340 1666.094
1073.111 1624.856
1124.427 1680.995
961.982 1691.295
988.546 1799.034
1064.045 1737.387
995.425 1693.524
1122.494 1645.318
1071.919 1592.030
942.345 1718.068
1110.593 1738.387
931.350 1632.850
925.794 1755.673
1100.203 1729.164
961.306 1692.114
978.046 1738.455
1057.590 1683.361
964.347 1608.998
1104.927 1703.362
1039.077 1750.987
1118.579 1780.609
986.944 1788.742
1011.005 1615.072
923.367 1687.177
931.783 1685.051
995.106 1603.428
1007.800 1720.269
1072.152 1581.784
1038.374 1761.410
1025.397 1715.455
1088.872 1714.890
951.025 1628.620
1040.299 1721.887
975.712 1640.707
1112.326 1589.389
1111.454 1747.309
915.751 1666.042
1045.152 1733.788
959.070 1683.081
933.063 1765.981
1072.159 1720.460
932.954 1665.308
1118.414 1722.772
1058.943 1605.593
1054.770 1666.458
1001.158 1626.659
1080.432 1587.467
926.344 1612.147
1107.511 1664.372
972.099 1717.499
1129.465 1641.771
1126.739 1789.771
1111.235 1643.460
952.059 1748.063
959.612 1735.841
1091.521 1722.477
1015.466 1733.800
1031.948 1748.843
948.100 1693.442
968.244 1760.729
1057.918 1689.086
1114.108 1617.294
1003.772 1650.011
1083.410 1787.018
1027.755 1757.223
935.758 1640.713
1095.720 1644.924
1095.725 1783.839
1004.149 1723.222
909.812 1760.876
1088.784 1686.747
942.890 1755.847
1057.695 1644.734
940.519 1773.128
1062.406 1592.657
1084.395 1745.321
938.275 1665.167
1068.189 1670.054
1027.505 1800.394
934.252 1647.134
1066.598 1767.430
974.166 1670.682
1114.966 1710.282
940.760 1654.213
1079.348 1735.091
929.158 1606.748
963.111 1678.766
1018.802 1804.732
921.005 1725.490
1123.927 1699.967
1052.584 1585.975
1119.478 1580.546
967.738 1748.297
968.334 1600.561
1050.762 1766.299
1089.642 1676.208
1096.089 1666.406
1045.032 1794.139
1054.626 1660.905
919.410 1781.686
1071.583 1583.767
1094.704 1585.130
1067.112 1671.076
1096.890 1789.926
931.191 1696.252
1016.752 1648.312
1029.294 1653.930
1027.198 1679.134
1025.943 1607.098
915.726 1799.978
1108.887 1604.992
1084.595 1681.411
1111.475 1706.682
996.005 1608.881
1037.312 1598.293
976.991 1760.961
939.645 1706.889
1010.062 1789.324
1031.053 1604.971
1007.942 1622.104
945.092 1687.711
1097.689 1767.812
988.256 1798.263
940.225 1752.339
917.554 1728.829
1045.330 1606.507
918.466 1595.916
982.883 1715.118
1068.545 1780.259
906.402 1696.989
1090.106 1624.744
1077.629 1773.650
988.999 1645.161
1018.442 1579.335
1038.326 1690.868
1081.834 1677.918
1110.840 1716.245
1120.584 1684.583
1126.558 1793.469
1052.123 1707.170
1013.084 1629.416
1082.189 1623.206
1102.127 1695.117
967.075 1600.006
1003.558 1578.687
966.921 1651.479
1101.534 1707.016
1062.549 1651.000
1079.673 1639.562
1076.301 1793.491
1125.380 1802.031
1107.903 1799.168
1004.810 1653.157
1071.068 1598.942
1061.938 1613.187
1023.844 1589.803
981.958 1682.643
970.415 1794.912
1101.887 1709.463
1054.241 1691.307
946.035 1784.375
946.778 1737.327
1067.908 1761.129
941.166 1794.748
1019.174 1703.938
942.752 1627.758
1040.655 1745.114
1038.133 1715.147
905.821 1726.365
954.296 1645.826
1068.084 1669.492
1081.309 1790.122
971.253 1701.929
1083.623 1707.326
982.791 1804.926
1024.542 1767.024
925.078 1787.917
935.014 1792.491
911.285 1692.393
941.954 1787.312
1062.935 1784.249
967.272 1791.403
1094.195 1586.519
1078.095 1666.240
1041.328 1641.025
1094.315 1742.484
968.085 1650.905
1087.726 1714.901
968.943 1593.330
1098.889 1631.526
982.694 1799.433
1026.246 1742.525
1111.955 1788.207
907.438 1758.673
986.197 1619.338
1109.177 1762.672
939.998 1761.154
988.090 1604.016
1096.622 1765.685
1006.000 1618.249
1061.253 1687.368
1031.690 1613.308
944.680 1666.072
1096.169 1646.109
923.776 1685.985
988.023 1667.019
1088.234 1690.543
1073.771 1762.949
953.411 1724.207
1048.838 1648.471
911.362 1616.790
1012.388 1603.141
1057.244 1617.116
1009.678 1686.271
928.464 1596.383
965.223 1686.103
984.870 1764.847
1021.086 1643.536
1067.653 1752.270
922.773 1586.008
1004.504 1733.211
1006.119 1790.256
979.743 1673.116
1106.711 1636.187
1094.155 1627.328
1029.062 1584.144
1020.391 1656.336
1040.844 1741.631
1076.471 1723.786
1071.374 1631.289
1105.545 1771.979
1101.016 1667.679
1065.139 1614.457
1110.461 1673.554
1128.692 1739.617
1050.294 1793.986
1037.824 1723.819
945.296 1736.116
1058.112 1609.210
1001.561 1640.611
927.301 1600.239
1075.997 1584.046
934.356 1737.388
1012.750 1763.196
983.814 1769.530
1022.356 1711.412
970.218 1604.287
1117.663 1725.378
915.658 1755.030
954.901 1727.644
1061.747 1670.719
1078.119 1585.358
1014.498 1586.334
906.723 1737.823
957.378 1725.151
1079.986 1648.957
1097.090 1645.581
910.763 1636.496
1113.753 1616.232
1003.530 1674.642
1112.288 1687.043
1038.308 1611.536
925.027 1588.947
990.516 1608.242
1079.444 1595.643
985.089 1701.613
941.565 1730.314
1021.362 1673.483
910.336 1676.522
1016.912 1597.990
982.709 1703.687
963.109 1674.098
904.761 1665.712
1122.189 1639.856
1081.113 1710.557
973.928 1776.292
1006.054 1638.351
1064.438 1600.855
990.668 1585.501
1005.451 1658.529
926.276 1717.570
1008.686 1752.108
1002.467 1742.795
907.425 1746.139
959.522 1629.368
942.257 1804.782
1121.338 1684.288
1065.817 1759.387
926.149 1730.096
921.392 1586.069
977.002 1805.532
976.437 1688.511
1001.301 1601.112
1003.336 1650.221
927.156 1686.944
1039.116 1609.512
940.693 1589.024
925.478 1747.827
1097.206 1629.397
1042.348 1689.656
991.254 1766.216
977.432 1668.995
1050.887 1600.852
1061.038 1730.080
1001.851 1743.631
928.337 1619.403
988.908 1613.900
954.846 1648.009
1088.105 1763.774
957.730 1610.815
1070.567 1788.620
1102.957 1737.895
1119.708 1677.771
934.811 1614.203
1122.562 1724.431
1096.255 1643.761
1078.258 1617.441
1000.299 1656.319
975.470 1771.660
1002.516 1680.922
1015.638 1724.509
973.229 1710.119
1115.807 1721.561
1073.450 1748.208
935.115 1718.319
1116.878 1799.705
1000.646 1788.310
1105.428 1613.241
1036.623 1716.814
1079.455 1581.398
1017.246 1723.658
985.961 1607.892
966.185 1785.580
1009.574 1641.507
1094.199 1716.736
988.074 1729.221
922.317 1685.268
967.695 1805.172
1016.693 1671.252
970.915 1777.367
960.274 1804.130
916.332 1711.746
1093.355 1664.743
958.083 1758.426
1122.432 1763.101
983.412 1745.564
1038.386 1667.437
1022.875 1700.725
1111.635 1601.395
923.673 1601.222
906.604 1781.566
1009.954 1623.018
1071.028 1747.395
1097.574 1727.803
1059.410 1768.343
1100.474 1747.780
1030.171 1626.506
960.138 1699.355
922.358 1773.941
921.850 1802.122
1098.234 1796.267
921.470 1672.997
1094.230 1725.802
1090.528 1623.025
1121.192 1594.861
947.803 1699.486
954.965 1586.097
1088.975 1765.371
1076.214 1624.582
1029.422 1710.079
1008.659 1684.746
1093.946 1649.913
1096.897 1663.869
1000.678 1638.671
1008.269 1804.394
989.850 1642.560
1052.130 1752.802
1096.904 1671.361
993.891 1722.133
1056.824 1667.318
1031.427 1727.524
1061.884 1682.154
1031.610 1718.640
1088.395 1776.143
968.189 1665.898
1011.796 1725.642
909.308 1687.361
1037.712 1755.695
1058.698 1764.008
1028.505 1649.047
942.838 1723.778
969.838 1637.172
955.033 1665.040
1112.918 1704.940
1056.892 1668.595
1046.311 1588.836
1014.699 1796.683
1040.092 1729.785
1077.732 1757.004
1012.988 1674.940
1012.794 1590.360
957.560 1739.517
940.772 1692.501
997.987 1783.208
937.457 1723.827
1011.164 1779.802
1050.891 1736.412
921.269 1745.480
1023.841 1667.310
1121.887 1592.771
1063.052 1749.657
1022.977 1722.805
1074.674 1658.775
1035.378 1616.355
1031.223 1778.996
938.234 1756.416
1012.544 1772.096
1094.941 1789.552
962.726 1588.548
1039.637 1762.003
1084.759 1751.380
1126.980 1603.816
944.057 1684.239
987.204 1628.148
1117.702 1589.687
906.641 1595.016
969.849 1757.580
973.487 1723.612
1049.562 1612.356
1056.172 1747.861
1019.193 1632.339
1079.771 1774.925
959.278 1663.946
1125.114 1614.521
1061.988 1645.694
969.327 1628.365
961.323 1643.098
1107.346 1742.098
1098.621 1787.958
1036.843 1623.309
1046.242 1743.613
1007.676 1792.819
993.909 1776.559
1063.149 1590.794
935.328 1788.158
955.826 1776.192
1110.992 1712.326
996.259 1765.338
1096.254 1752.969
1097.191 1767.749
1012.342 1689.208
1084.079 1686.084
1047.063 1777.366
990.924 1793.830
1071.579 1673.498
1094.983 1790.875
964.297 1735.779
1014.685 1609.348
948.883 1798.475
1095.861 1668.120
988.308 1723.793
931.848 1591.876
953.478 1628.995
1128.625 1730.855
1002.200 1587.299
979.293 1688.472
1095.289 1652.690
1003.120 1610.091
1082.913 1716.624
905.445 1659.983
992.082 1694.154
1062.989 1802.035
916.209 1631.249
1063.974 1782.393
1025.907 1781.190
1044.456 1778.478
980.247 1766.072
961.352 1743.315
1064.412 1580.112
915.089 1690.718
1069.009 1677.822
1000.933 1723.212
975.051 1589.469
972.137 1697.711
1077.840 1703.192
943.193 1606.553
1113.290 1719.490
1012.111 1787.736
1096.977 1666.244
1035.162 1591.549
1114.819 1636.126
903.736 1666.257
1117.027 1706.876
1009.303 1608.832
1021.722 1715.455
992.104 1773.430
956.940 1699.590
921.772 1630.478
1128.410 1673.247
1079.017 1777.484
954.778 1801.436
1112.967 1741.823
909.459 1692.566
944.097 1665.294
1107.292 1698.924
905.189 1795.012
1105.900 1689.541
937.129 1645.737
1080.124 1740.576
958.002 1636.201
958.710 1674.460
1052.702 1765.942
1120.418 1789.395
1046.038 1798.176
1103.301 1628.244
1012.019 1698.899
1058.919 1586.767
1075.634 1703.431
1085.996 1696.331
1027.902 1712.357
969.588 1702.035
1032.167 1696.005
911.783 1742.197
978.954 1613.459
1081.292 1776.897
1090.627 1689.324
947.770 1604.321
927.412 1624.556
962.575 1579.002
996.254 1756.684
1016.781 1592.814
1048.786 1761.833
1064.254 1767.376
973.363 1656.522
950.520 1603.355
979.501 1726.591
918.348 1641.954
1129.278 1688.780
996.786 1660.776
1001.395 1602.613
1056.993 1616.121
952.504 1707.548
1055.923 1756.838
1031.550 1698.734
959.128 1652.248
1028.850 1645.941
974.292 1787.795
998.955 1764.685
1124.820 1768.219
1041.069 1793.179
1007.678 1732.659
1118.126 1787.001
1107.472 1778.154
951.594 1767.765
1055.437 1661.412
1034.204 1795.323
942.090 1753.696
923.304 1688.294
1004.816 1786.759
1058.939 1700.629
987.385 1590.335
962.066 1733.716
945.304 1683.711
935.683 1775.825
982.507 1755.797
1014.340 1629.705
915.377 1580.952
987.549 1684.710
1104.588 1579.081
1063.474 1778.350
938.093 1634.927
942.823 1688.961
1047.671 1750.017
936.706 1737.609
1081.859 1638.550
958.431 1602.835
987.996 1791.385
1110.437 1650.426
1010.360 1760.363
1049.659 1742.321
1065.581 1693.333
1102.299 1624.883
1037.840 1712.570
931.453 1692.723
935.987 1592.339
1095.288 1684.484
935.122 1613.137
1029.137 1786.810
1028.362 1698.955
1127.192 1596.613
921.317 1647.090
994.616 1790.980
998.176 1606.994
1035.210 1628.416
947.738 1661.620
951.306 1751.517
1110.986 1578.673
1068.286 1607.569
1004.812 1643.985
1106.085 1599.611
1050.666 1793.378
1019.094 1748.575
912.173 1619.188
1104.139 1709.459
1050.012 1740.979
1042.064 1803.338
1026.153 1794.522
975.155 1611.962
1124.381 1800.224
952.478 1610.571
1088.045 1799.334
992.129 1786.467
1074.618 1716.321
910.365 1657.769
1034.468 1639.894
1024.684 1749.428
1045.902 1759.649
976.753 1792.744
1014.709 1744.054
1109.335 1724.867
999.427 1682.554
1076.668 1797.091
935.084 1710.562
921.865 1790.888
983.713 1598.180
990.884 1737.591
1080.789 1691.378
977.163 1802.655
1064.825 1676.035
990.474 1713.193
1002.551 1663.165
1090.080 1766.925
1071.251 1761.641
1117.944 1589.079
1027.472 1727.499
932.482 1600.140
904.284 1695.605
909.046 1746.309
994.186 1622.006
1116.111 1738.048
1091.743 1587.994
1055.982 1612.392
903.507 1648.166
952.671 1694.959
982.285 1759.976
984.198 1681.614
1063.347 1754.065
1011.771 1651.491
935.531 1664.390
999.278 1737.319
1102.049 1754.465
978.194 1654.080
1122.274 1586.087
949.298 1680.647
908.094 1743.327
1041.837 1653.059
1015.294 1753.916
1079.542 1693.225
975.484 1751.524
1090.744 1602.911
1085.445 1579.763
1103.052 1598.619
933.309 1586.074
970.440 1737.972
1116.743 1629.255
992.545 1787.801
996.087 1770.145
939.182 1766.525
917.816 1732.127
948.857 1591.782
1111.293 1792.442
1129.461 1631.503
978.634 1753.360
966.338 1785.625
1082.111 1767.671
945.930 1804.933
930.082 1651.646
1077.895 1630.173
1029.012 1766.739
1105.980 1773.163
975.330 1615.034
918.391 1605.793
1000.000 1732.804
994.892 1701.130
923.469 1589.814
1033.789 1578.468
1011.194 1714.128
1112.176 1686.883
940.146 1655.834
962.466 1780.988
1043.995 1581.868
977.908 1612.513
993.400 1796.482
1052.670 1680.202
902.986 1676.727
994.636 1695.628
1098.125 1731.188
1094.071 1665.534
1109.953 1745.766
1057.103 1639.866
1023.604 1602.473
959.954 1695.976
929.072 1784.552
1046.093 1580.929
1024.951 1597.602
1075.877 1768.453
1023.426 1693.569
1104.943 1658.156
1089.155 1735.141
980.323 1648.112
1037.616 1609.463
1031.339 1659.131
936.335 1672.464
1095.980 1751.374
949.528 1719.373
1010.255 1606.393
951.409 1799.102
1068.698 1770.950
1054.240 1595.210
1040.486 1618.211
989.724 1580.047
933.654 1637.602
920.559 1737.550
992.383 1754.882
937.504 1771.469
1115.299 1626.113
915.574 1657.441
1101.161 1782.188
1083.434 1670.626
1104.463 1716.829
927.592 1589.188
1070.793 1709.355
1086.716 1730.579
915.752 1784.071
1068.347 1735.284
1116.982 1631.344
947.230 1647.988
939.114 1667.981
1057.864 1713.221
983.247 1797.042
967.745 1701.469
1073.413 1625.893
1060.638 1671.674
1011.773 1775.301
920.105 1790.265
1051.668 1710.980
1106.564 1594.364
978.522 1690.633
941.654 1605.877
970.942 1633.078
927.189 1785.991
1122.258 1740.898
1089.516 1747.045
911.316 1762.800
1124.583 1801.786
1112.741 1712.703
932.978 1588.765
968.708 1616.568
1020.597 1699.485
907.665 1695.638
965.043 1594.858
986.225 1621.640
1056.002 1798.219
1122.878 1595.698
1072.500 1631.860
1095.349 1662.450
995.202 1783.517
961.916 1597.509
1034.563 1761.924
927.094 1660.585
937.990 1797.507
1102.502 1626.643
955.455 1580.489
1028.473 1677.030
937.636 1644.133
986.778 1680.238
1045.251 1758.657
1128.190 1788.545
1057.598 1644.788
1107.520 1636.878
1014.252 1638.066
1119.738 1706.673
1036.217 1767.855
935.541 1588.723
1035.195 1746.197
1070.379 1704.760
984.221 1668.750
1048.288 1670.785
922.336 1720.522
937.985 1613.586
1099.461 1601.266
941.477 1659.819
956.076 1650.366
930.317 1788.617
933.609 1602.308
1005.892 1734.130
917.599 1699.503
934.842 1618.078
1000.822 1580.977
1109.022 1602.510
999.628 1723.862
920.150 1590.874
963.148 1642.824
1009.163 1782.673
1074.816 1736.771
904.559 1655.183
928.468 1637.904
1100.810 1742.486
1115.283 1741.781
973.643 1690.090
1061.407 1669.368
1045.493 1689.919
933.661 1622.739
1063.363 1607.838
976.269 1750.035
906.813 1672.126
941.114 1764.972
908.490 1636.344
916.414 1624.360
1124.755 1760.233
1048.886 1774.657
993.815 1642.845
1103.320 1703.661
1035.111 1757.760
976.668 1651.096
1101.722 1616.058
1028.102 1651.669
1069.921 1785.708
1093.707 1685.907
955.508 1692.514
1066.087 1644.546
976.412 1732.921
985.784 1656.447
984.434 1804.268
973.420 1783.929
952.154 1616.315
986.795 1710.908
943.112 1612.839
1063.169 1642.881
906.886 1587.665
1042.350 1767.565
1099.034 1770.969
1079.457 1713.014
971.249 1621.972
957.504 1609.021
1084.440 1677.481
1006.335 1723.337
1013.395 1711.112
1101.863 1645.684
924.634 1677.491
1015.173 1721.890
1012.381 1682.758
1031.699 1804.165
921.123 1693.893
968.324 1592.491
1084.326 1605.793
1096.788 1644.527
983.041 1802.896
974.035 1729.798
1054.587 1738.348
1029.726 1740.886
1073.936 1658.008
1057.590 1797.754
1032.765 1588.123
940.528 1604.193
1089.988 1677.464
1095.210 1598.727
1103.464 1782.131
963.052 1647.574
934.578 1663.550
1066.381 1678.352
955.517 1591.508
980.341 1750.427
1063.192 1655.288
1095.493 1599.054
961.949 1684.913
934.379 1783.461
956.092 1636.745
989.172 1790.156
1022.329 1596.278
1079.385 1752.314
923.520 1734.586
1073.385 1589.506
1121.515 1585.898
1080.097 1750.040
1024.012 1581.861
1116.835 1621.850
1116.536 1615.886
1063.197 1701.342
1043.479 1612.405
986.356 1632.706
976.778 1726.139
1081.421 1639.206
1017.350 1591.770
1026.580 1789.032
1004.718 1647.690
981.100 1697.723
1033.354 1677.564
1092.260 1730.716
927.864 1737.779
1092.448 1636.252
996.461 1777.145
1016.451 1611.518
1111.397 1694.843
943.688 1730.069
1031.993 1618.525
1104.491 1605.960
1025.193 1655.124
1092.443 1748.332
1072.172 1705.148
1043.494 1609.478
929.462 1598.343
983.333 1792.688
951.908 1675.738
1100.199 1725.276
935.326 1764.963
934.515 1702.748
942.563 1729.126
903.341 1758.906
1128.542 1670.620
995.464 1633.219
1045.292 1804.766
905.059 1621.449
1011.285 1731.552
929.287 1790.771
1050.032 1677.476
1100.733 1663.938
958.954 1710.306
1018.303 1731.403
1009.262 1611.093
1011.287 1604.668
912.605 1653.879
1052.274 1674.938
969.937 1768.027
1112.960 1789.217
930.347 1749.337
1010.746 1757.125
938.663 1634.093
957.230 1773.169
926.014 1655.838
1094.677 1677.564
1051.767 1702.940
1038.667 1778.849
959.756 1783.831
1045.905 1711.339
985.754 1594.880
937.246 1764.884
1106.027 1612.492
1054.383 1652.904
946.404 1605.821
1122.524 1641.451
1086.973 1776.356
1026.799 1639.083
930.430 1647.343
1128.424 1757.739
1086.692 1759.498
1043.369 1706.373
1072.394 1770.772
986.248 1796.534
1034.884 1745.289
1102.751 1610.772
1018.142 1599.018
1126.655 1746.578
1081.075 1740.168
1098.040 1649.748
1022.621 1636.293
1069.302 1737.222
998.739 1738.657
969.595 1670.965
976.362 1689.610
913.363 1693.048
1082.793 1714.549
907.090 1631.757
995.354 1643.586
1051.348 1735.443
910.367 1582.895
992.815 1705.035
1003.448 1635.574
953.624 1691.895
996.693 1767.541
1059.713 1721.589
1077.014 1714.098
906.557 1589.688
931.357 1589.724
1128.629 1758.324
907.197 1798.988
1093.186 1630.846
999.764 1682.793
925.668 1701.116
996.295 1629.233
1001.890 1757.266
998.978 1684.852
1054.773 1663.499
1128.401 1594.907
936.930 1784.572
963.295 1684.782
1052.012 1779.338
954.593 1696.947
958.642 1698.389
952.679 1692.871
1092.304 1744.792
1070.882 1695.478
964.201 1749.387
1109.957 1703.042
903.759 1799.618
1095.746 1752.335
1052.466 1768.042
1029.420 1693.980
1074.409 1728.758
1018.298 1788.023
946.551 1761.593
923.210 1691.855
1129.527 1783.353
944.171 1664.804
1074.369 1591.805
1033.553 1709.163
1021.097 1794.922
947.326 1729.123
995.120 1607.702
1046.155 1797.925
1094.387 1601.620
911.444 1585.415
951.555 1721.174
981.884 1701.153
965.790 1763.643
950.432 1614.922
1023.349 1737.151
942.237 1640.189
1044.280 1776.690
1129.991 1798.943
1127.572 1787.996
986.353 1611.284
1014.684 1595.104
1054.475 1726.664
947.083 1705.941
963.295 1676.415
934.399 1650.825
946.082 1621.170
1096.065 1774.578
1032.167 1612.428
937.321 1605.781
929.593 1659.565
938.755 1749.676
1015.928 1602.769
1056.340 1616.655
1104.254 1581.597
934.967 1665.142
1005.072 1600.298
918.756 1741.144
1035.682 1760.678
994.094 1799.150
1089.718 1759.868
938.702 1721.988
1035.076 1789.157
1018.525 1611.748
1000.963 1735.547
970.162 1734.312
1019.834 1798.842
993.416 1770.281
1063.719 1636.245
978.403 1584.482
1085.219 1595.603
1086.934 1587.956
905.498 1649.572
903.876 1644.897
1026.034 1725.532
1107.265 1594.949
1009.198 1687.725
995.475 1624.643
980.659 1597.431
913.688 1651.005
919.621 1617.139
913.071 1767.895
1011.214 1735.163
983.403 1736.916
1095.329 1584.468
924.704 1664.302
1129.024 1609.637
919.452 1658.374
1107.596 1590.738
1092.364 1582.921
905.383 1673.825
997.189 1800.973
1014.077 1678.581
1059.753 1778.313
1098.282 1698.934
1032.142 1779.078
968.585 1613.460
1100.120 1763.887
1039.019 1732.358
1001.073 1779.184
1053.945 1580.194
948.515 1639.860
975.942 1578.787
1012.992 1743.358
988.862 1746.424
941.063 1759.552
1019.548 1686.284
1104.191 1591.683
1033.093 1622.628
983.717 1610.972
1104.975 1768.434
1095.491 1786.851
1081.660 1786.430
1033.258 1795.089
1063.251 1619.412
1047.053 1784.557
1005.721 1771.447
1095.790 1683.310
930.986 1663.801
1101.209 1679.881
1049.551 1726.015
1071.929 1766.446
1078.013 1591.674
1114.685 1769.536
980.764 1597.518
967.827 1589.243
1058.050 1642.363
925.939 1659.718
964.549 1611.040
931.580 1715.337
1029.921 1617.226
1102.838 1619.969
1054.107 1796.098
1077.463 1715.594
921.229 1635.782
1064.726 1731.927
1041.347 1739.737
968.959 1668.398
1092.685 1684.558
931.804 1736.033
1056.170 1711.348
976.668 1663.298
1000.834 1788.574
931.807 1781.898
946.476 1788.171
1026.173 1645.329
1038.230 1733.005
938.403 1765.371
935.317 1801.304
1024.351 1668.819
945.122 1776.456
952.469 1641.020
991.611 1637.817
940.549 1629.137
1099.668 1773.865
964.510 1799.430
1083.297 1749.243
964.013 1665.749
988.670 1795.819
979.999 1647.313
1034.653 1594.114
906.163 1712.337
918.499 1602.287
998.546 1692.525
1084.473 1678.582
1042.734 1682.933
1021.599 1653.242
944.424 1606.043
911.826 1677.470
982.177 1664.344
1100.453 1680.165
977.930 1744.098
1010.953 1659.603
942.088 1744.419
1054.205 1662.114
966.202 1709.347
1126.331 1655.892
1098.429 1603.529
1093.314 1627.058
1073.385 1731.023
964.063 1778.426
968.970 1702.861
1110.176 1738.122
1125.037 1766.665
947.575 1704.763
1125.688 1592.816
927.147 1613.572
1102.877 1692.256
1011.946 1618.037
983.792 1603.205
1045.696 1777.759
1038.837 1730.865
1007.318 1783.178
952.408 1622.230
1051.242 1631.646
1031.521 1727.101
968.552 1639.879
968.254 1609.623
1065.704 1747.848
997.560 1618.810
992.129 1735.135
1043.266 1775.166
1077.477 1748.353
1037.215 1801.877
956.544 1694.744
1086.350 1630.120
957.985 1794.243
960.172 1670.606
1085.938 1718.216
1029.120 1591.609
1056.884 1624.694
980.216 1602.162
1063.973 1682.087
917.538 1784.125
1085.730 1652.051
1082.549 1763.625
957.164 1753.028
992.528 1742.764
1127.685 1683.222
1034.139 1676.431
995.293 1697.909
1003.771 1804.906
976.184 1788.784
994.242 1802.355
1032.372 1688.984
1118.992 1762.427
967.251 1801.963
1098.500 1680.089
1025.426 1632.193
1010.164 1762.129
950.116 1704.070
972.058 1785.096
941.723 1595.253
1034.981 1753.955
979.852 1610.980
1051.756 1744.394
1104.968 1687.150
1079.170 1755.958
1002.212 1751.312
949.845 1651.123
1112.663 1604.375
1103.182 1679.479
1073.964 1699.148
1110.142 1791.457
1125.793 1642.789
951.872 1684.076
994.318 1649.128
982.700 1682.398
1020.850 1785.375
922.821 1686.970
923.315 1695.345
977.613 1635.039
1026.499 1675.293
1020.633 1667.113
1125.935 1728.469
1129.677 1756.201
1067.105 1778.300
936.719 1658.756
1119.725 1728.927
1032.935 1781.777
904.982 1607.395
1055.371 1642.088
1119.751 1695.469
970.175 1795.099
998.696 1755.924
1101.948 1653.503
905.315 1685.766
924.713 1595.444
1095.947 1705.314
924.160 1726.913
951.326 1739.495
941.621 1740.008
985.619 1669.196
1113.192 1637.771
1117.699 1601.668
928.361 1779.121
1068.387 1784.755
973.365 1730.322
1097.581 1591.012
973.969 845.844
907.852 788.239
906.974 748.683
864.285 942.423
833.177 901.404
1000.343 751.977
860.160 921.594
849.764 875.430
904.764 901.897
1042.318 759.121
976.213 774.577
889.595 766.459
975.646 753.923
931.454 816.050
951.277 761.866
990.305 777.959
889.442 856.159
1025.810 958.844
855.871 811.237
867.372 874.204
955.955 867.310
1031.081 748.722
1008.196 804.944
929.580 782.741
839.212 756.564
955.193 842.782
993.873 945.481
848.420 788.555
1030.821 970.358
844.575 920.373
984.352 792.978
1008.216 756.219
992.694 944.823
860.981 860.190
1036.584 881.976
980.531 814.087
837.897 819.778
1036.742 806.789
1026.120 895.686
888.584 865.425
951.190 942.545
865.129 877.006
889.732 947.218
842.224 773.944
881.509 805.680
898.280 880.229
881.102 941.591
898.397 750.195
941.834 847.525
953.510 752.303
963.242 914.112
968.935 790.736
1040.889 961.874
991.523 881.819
848.865 914.878
874.716 782.288
912.568 973.217
902.903 862.884
828.729 845.466
854.614 892.487
922.457 971.347
962.520 869.226
838.753 774.164
908.490 896.229
1034.450 814.124
893.789 942.508
1006.320 887.371
995.221 845.430
859.696 804.706
899.671 887.505
974.059 917.954
977.493 955.561
986.814 792.856
977.274 876.444
1033.533 919.041
910.969 813.102
949.623 777.232
879.721 841.492
871.213 762.293
1025.558 861.552
970.709 872.025
1004.922 961.312
995.809 765.301
945.483 875.321
894.231 789.710
999.205 931.365
1003.678 815.850
1024.775 765.655
831.531 965.524
971.064 924.018
956.755 889.001
976.677 880.253
966.229 762.460
1002.922 899.363
949.758 876.700
851.087 842.968
1043.891 968.290
966.610 933.723
945.632 911.813
826.714 943.315
836.789 864.973
908.182 798.974
1001.402 810.695
926.396 842.881
1037.495 806.658
863.078 923.551
1040.517 846.329
964.249 930.719
905.618 884.397
1036.969 801.919
888.561 864.458
909.505 811.197
911.076 917.235
940.522 773.074
877.529 860.632
962.369 830.212
853.706 845.630
991.397 841.765
1004.724 943.530
833.854 796.494
1041.377 791.304
1009.623 843.890
903.058 794.704
832.150 934.062
998.503 953.496
892.494 773.747
867.444 841.975
886.882 825.754
940.300 825.940
843.512 785.875
979.264 948.122
888.724 847.446
871.070 757.789
866.096 782.461
833.127 816.747
887.942 887.652
960.867 841.354
868.307 748.942
880.332 761.456
856.732 943.617
913.892 915.493
822.984 795.619
950.844 883.141
825.034 907.617
992.430 879.490
1002.021 893.081
843.301 802.293
948.900 934.023
959.913 857.279
962.038 893.929
892.488 956.589
1037.155 899.611
959.483 973.126
833.864 831.379
976.092 828.249
934.400 887.640
909.739 813.701
1044.032 887.044
915.473 800.646
973.819 788.664
887.728 907.617
832.303 885.690
974.031 972.854
885.099 946.328
1018.021 829.478
1020.266 830.017
857.534 971.268
909.240 896.863
1039.346 821.315
847.146 965.941
1008.105 838.576
1008.481 854.938
1034.328 831.950
1038.560 952.088
1014.759 874.472
994.665 819.751
867.047 749.989
828.324 927.670
1038.167 759.433
845.927 923.271
955.384 951.598
973.532 877.044
999.618 783.247
868.998 861.777
1043.814 942.086
837.103 902.830
985.874 793.699
852.856 922.844
949.679 794.793
995.800 900.258
839.000 781.978
960.060 762.100
938.226 960.343
891.288 969.425
1027.248 751.004
855.690 881.732
1039.733 919.015
853.105 950.841
869.963 751.283
894.651 936.680
883.662 764.703
861.472 829.622
896.930 807.135
980.594 839.112
883.257 956.347
961.528 821.442
865.848 767.302
1012.102 859.069
946.232 877.618
928.556 957.286
947.017 897.853
908.849 916.422
940.867 841.867
955.887 932.076
983.079 765.360
997.403 841.778
851.188 881.144
1022.599 829.663
855.964 926.422
839.639 859.053
933.815 936.414
963.095 782.594
876.756 838.747
1004.158 900.837
840.292 922.533
1000.279 920.996
896.918 759.795
921.183 891.866
943.576 755.733
982.054 772.208
1029.220 853.311
980.252 897.021
1028.949 961.564
981.400 779.804
951.281 783.342
974.889 797.268
843.015 859.995
975.107 925.955
828.725 780.254
866.892 876.911
996.049 755.847
1023.023 949.488
874.016 934.117
1038.508 753.692
848.755 972.043
883.351 760.264
848.003 956.814
1022.744 764.141
840.269 963.612
847.213 954.635
898.805 795.414
884.658 794.309
1048.612 815.734
1000.876 855.569
878.992 858.578
855.516 831.121
840.057 750.435
877.560 941.114
888.990 804.348
881.915 870.740
1014.810 841.987
1010.652 840.603
875.341 844.993
901.918 943.487
863.348 784.743
952.777 781.980
861.264 897.858
1018.212 786.525
1019.838 960.841
989.200 810.632
984.362 936.245
897.434 888.516
968.700 932.723
1010.206 790.930
1031.557 819.991
998.106 969.880
883.655 865.353
902.108 770.872
1016.484 898.522
838.804 747.234
865.023 841.744
919.975 755.878
1013.903 894.733
909.476 877.704
961.796 913.379
836.012 784.640
1007.149 821.606
896.352 873.693
1045.205 898.831
886.867 857.218
854.766 757.617
1045.642 909.460
854.555 945.266
973.198 970.872
1049.794 925.013
910.701 952.139
865.502 818.605
978.845 839.471
873.239 779.159
964.545 751.315
826.579 808.496
916.360 790.358
1021.500 928.038
993.142 806.614
837.762 966.371
1034.558 869.468
1016.315 813.451
949.643 843.238
920.084 919.960
1012.738 802.641
1049.314 845.055
1002.161 747.431
986.920 832.982
1035.609 824.621
889.387 864.921
905.651 769.404
897.776 860.048
957.496 962.768
891.551 956.437
979.514 884.794
826.076 931.523
897.657 831.500
1049.873 770.491
975.791 877.744
878.786 755.226
1023.123 814.799
880.496 918.010
968.047 796.396
1010.549 950.475
995.206 792.914
1035.681 953.516
1040.522 826.796
959.824 881.733
970.676 888.292
852.038 956.483
1036.384 755.061
921.171 778.991
1011.896 909.608
907.311 825.273
1044.491 748.273
886.258 955.595
913.076 895.277
1029.389 752.756
1044.978 918.117
1005.857 875.871
981.810 895.099
869.414 882.694
1030.979 925.419
956.242 894.753
889.265 767.846
858.292 796.178
919.897 912.089
1039.590 869.037
968.625 942.823
1046.496 786.563
870.941 867.876
910.635 773.319
913.092 791.650
903.801 804.044
860.067 878.079
1036.906 973.791
898.373 933.134
952.955 836.736
830.680 805.835
953.591 827.345
948.265 852.069
886.382 914.820
993.819 875.081
932.301 834.960
1025.624 937.362
1018.280 786.783
832.680 800.089
894.053 967.574
823.088 831.558
827.101 878.200
862.306 862.745
973.959 784.806
979.173 819.279
890.712 790.446
900.837 847.200
962.794 968.912
862.519 871.333
968.378 899.361
1037.218 819.087
930.108 750.231
1027.571 760.241
877.097 914.083
950.201 842.251
868.715 761.183
956.197 905.323
855.425 907.772
1015.307 861.723
909.903 894.170
872.416 768.699
824.044 941.135
1048.450 841.505
902.777 913.689
912.819 814.819
982.353 876.631
943.766 946.046
1017.790 804.665
1012.175 771.288
888.447 955.139
1030.607 972.324
912.814 903.166
848.839 804.601
992.314 808.319
866.009 793.517
882.940 792.883
912.548 759.094
987.002 842.966
885.715 925.274
1049.478 952.467
989.739 891.388
843.457 921.004
1027.818 765.945
935.761 816.059
910.611 819.217
873.618 812.511
1033.102 834.285
933.342 916.478
1009.748 800.488
893.630 766.441
861.138 891.622
831.969 848.907
848.715 750.195
959.241 818.651
981.774 864.661
824.278 961.683
927.770 899.155
1018.925 899.637
1029.927 815.961
982.803 786.362
1037.060 849.619
894.017 881.392
888.217 939.046
865.992 852.841
895.783 835.612
954.242 756.928
1035.167 920.932
848.483 843.244
888.122 832.737
1002.281 898.251
895.217 944.535
938.333 874.703
857.626 829.728
937.966 967.423
961.285 945.594
958.014 813.230
935.495 961.648
944.388 917.298
909.918 757.278
969.131 914.530
981.336 958.467
1022.326 758.529
951.179 881.776
1001.013 855.841
920.906 892.559
1039.881 782.321
993.114 816.364
940.464 846.930
954.486 806.075
926.714 932.813
987.401 823.738
836.537 764.085
945.393 902.851
915.085 832.309
991.582 760.055
899.686 799.377
873.531 844.677
871.984 754.282
899.101 808.553
892.916 749.536
864.224 766.927
990.308 810.408
942.560 825.978
847.224 760.529
863.971 955.303
911.617 880.062
1017.711 877.752
1002.031 902.193
867.465 822.840
834.903 947.947
963.564 751.847
895.598 869.276
866.964 800.344
830.385 865.167
1047.428 869.901
913.802 819.873
851.327 938.731
860.333 835.395
960.908 924.440
1033.246 777.127
944.536 807.386
891.616 895.079
837.169 823.899
962.820 916.055
883.095 933.789
926.478 864.590
1007.614 900.874
983.959 757.956
923.277 758.597
1048.428 930.655
929.191 904.416
859.918 965.615
913.974 847.831
968.900 828.006
1030.744 800.053
855.669 927.037
951.311 932.974
833.995 803.233
976.818 786.881
828.054 944.342
973.188 918.715
859.011 935.787
984.887 935.562
1025.833 895.089
842.886 878.370
824.434 873.765
1006.937 913.842
961.214 796.408
966.647 838.562
856.235 877.068
834.434 807.618
1020.750 784.700
968.910 840.839
965.123 808.125
878.854 756.232
861.283 925.658
1017.380 782.642
1002.212 921.125
882.533 962.565
844.630 769.940
861.885 955.009
975.676 962.453
952.310 831.971
826.425 913.391
853.325 869.259
996.465 823.599
966.639 909.795
976.206 897.363
892.498 897.745
976.216 804.866
1046.953 757.617
913.187 790.160
934.338 928.319
933.935 797.894
825.035 747.636
889.847 849.633
911.577 750.888
1030.043 804.257
955.176 840.564
924.865 761.205
922.712 887.145
983.126 792.022
884.670 880.495
825.003 884.600
881.344 934.350
850.315 845.269
845.333 849.294
952.931 774.558
884.590 835.256
1000.010 801.766
937.355 883.968
993.946 805.278
868.999 805.436
846.905 864.936
1000.366 804.614
977.623 957.969
1020.725 846.249
1034.090 800.980
975.148 829.816
1042.571 824.037
872.510 968.783
890.406 919.479
836.242 815.709
885.943 785.941
855.277 776.747
913.831 935.938
841.821 807.241
974.845 851.205
874.196 972.577
990.329 954.488
858.333 807.467
1037.602 880.196
933.939 951.482
834.965 794.303
1012.502 927.065
921.597 886.476
973.653 771.628
891.148 857.060
997.739 933.736
836.297 781.653
878.249 759.463
865.059 887.949
964.451 938.687
924.007 932.741
1003.183 946.918
948.430 832.055
993.905 950.366
906.593 842.591
926.221 769.287
889.942 830.855
858.735 783.923
1046.888 912.285
1013.120 910.818
979.846 753.566
975.338 775.284
948.239 759.276
946.378 971.374
1036.264 867.523
981.971 943.211
1015.776 909.405
973.149 892.262
947.748 957.774
962.808 892.794
851.971 775.051
933.936 897.997
992.106 919.227
902.029 901.962
982.811 965.826
995.984 882.281
930.120 813.696
1040.811 914.391
939.150 931.560
980.059 935.608
987.518 776.402
1037.915 836.136
933.817 902.680
1026.429 760.311
1016.122 790.777
830.853 796.311
885.724 781.094
852.981 863.955
947.774 770.580
1030.871 756.373
871.914 920.354
985.847 752.748
948.185 886.145
993.130 763.208
1039.492 748.063
843.856 801.247
940.148 791.339
1003.148 808.254
927.524 914.428
914.190 810.870
1028.442 901.616
958.932 888.715
826.033 771.061
1015.421 824.752
970.051 878.542
967.432 748.494
970.339 873.060
994.433 885.707
978.656 878.617
955.682 759.430
930.893 810.766
965.714 834.261
896.268 750.137
862.322 796.669
988.052 890.594
978.447 876.577
862.406 881.292
848.777 877.594
937.261 877.666
902.709 860.595
828.160 819.569
921.529 929.356
929.701 932.901
905.444 926.652
870.369 831.441
1040.271 806.078
1002.632 886.542
952.726 953.717
889.135 769.531
824.839 825.396
947.886 806.426
918.104 878.825
879.159 818.419
935.573 961.668
999.379 773.300
1002.324 855.103
907.495 790.172
930.837 892.575
997.002 870.397
876.782 763.949
887.601 830.821
853.952 922.473
846.145 912.430
949.259 800.004
900.182 958.168
843.467 841.751
966.064 943.685
883.913 870.112
918.095 845.609
861.306 887.672
892.409 853.942
897.567 818.384
919.856 884.755
1022.704 923.770
852.966 874.770
917.514 916.956
882.805 871.017
904.829 862.009
956.275 926.536
1023.152 925.966
1035.360 837.073
989.575 850.057
909.511 759.947
955.593 942.970
943.953 775.056
828.499 919.961
1012.013 913.587
1048.074 753.691
878.591 786.433
986.248 864.223
871.065 843.886
933.530 838.392
834.948 881.372
1047.157 965.751
945.701 913.894
925.506 886.775
922.504 829.318
846.622 962.900
873.979 907.549
843.552 874.060
1020.512 877.160
915.924 842.220
917.216 826.494
839.037 788.997
893.247 947.066
825.564 747.937
848.969 839.197
890.637 807.928
914.738 858.424
952.395 825.022
978.560 772.136
1012.278 795.694
1036.056 926.766
940.966 858.811
910.666 859.555
954.851 869.282
989.809 935.515
860.681 895.981
882.639 897.034
849.788 859.506
876.058 932.666
952.613 823.236
889.977 890.711
844.201 849.933
921.036 799.169
923.143 843.320
1048.896 801.237
957.495 769.637
839.693 860.098
976.536 935.283
965.676 803.567
969.088 820.134
1024.198 759.484
1050.105 918.868
969.279 923.244
939.630 947.233
834.262 837.926
846.548 895.533
887.919 957.978
937.919 774.672
860.015 836.851
945.917 799.035
888.916 821.554
877.842 970.988
1034.120 755.809
1039.303 765.408
869.384 849.036
979.578 961.743
1044.607 846.291
855.186 775.879
870.787 769.784
823.709 967.643
998.666 752.930
924.573 923.174
1038.798 973.332
857.672 763.768
942.702 784.841
874.880 806.800
895.882 830.804
871.811 949.121
949.881 944.556
937.353 752.647
954.336 837.786
965.209 843.419
907.280 894.722
979.472 792.059
989.220 887.774
848.415 906.856
1021.683 856.170
1049.334 762.120
1028.922 764.590
1006.564 798.386
878.947 789.650
923.648 764.822
853.769 970.541
1015.504 965.970
951.347 818.804
828.717 784.072
994.534 961.466
896.068 967.268
967.201 937.005
933.189 918.845
998.833 903.177
910.658 770.279
1005.802 959.032
871.235 894.433
984.382 754.049
981.717 877.145
903.249 830.419
960.333 962.099
1018.344 845.342
898.573 967.304
897.647 827.954
859.451 785.261
878.183 967.030
1027.578 930.993
964.547 936.109
835.717 884.289
876.136 955.208
1031.022 804.850
918.541 957.735
995.387 792.982
932.840 850.406
918.190 846.090
1037.901 903.152
832.403 955.007
834.356 878.740
989.045 875.896
831.447 795.913
844.312 837.418
890.019 775.890
1034.784 824.626
915.582 840.478
998.116 971.265
889.498 764.750
921.795 815.295
1042.771 921.467
928.056 846.868
825.779 971.469
946.928 961.228
956.329 820.823
1044.274 954.344
1002.011 873.155
1009.292 910.397
1046.364 798.261
834.344 865.947
896.035 887.762
937.271 807.686
872.154 863.817
871.017 918.407
1001.985 790.916
851.761 798.440
912.683 765.980
978.875 863.014
961.949 913.056
836.763 972.549
1008.289 965.929
1049.277 859.702
966.279 775.697
881.363 789.731
853.564 858.649
957.183 862.307
885.070 805.699
866.200 883.560
978.580 791.859
914.070 900.821
832.613 805.901
839.376 894.644
971.393 844.571
889.725 780.277
888.900 942.512
966.639 968.398
936.355 861.629
914.267 951.544
939.193 783.338
894.471 848.203
902.915 877.438
966.055 923.675
1027.673 758.768
979.145 862.315
939.688 798.358
925.333 900.801
960.992 835.259
1045.317 829.533
884.917 846.204
869.495 850.553
873.267 748.272
1033.437 906.686
1047.734 764.945
911.935 822.899
1030.292 845.830
870.833 863.416
1040.746 814.031
853.301 890.342
910.445 884.749
885.256 960.810
838.635 869.703
870.110 926.325
1003.330 764.996
874.813 792.913
1036.217 810.892
877.494 825.630
930.066 835.470
1039.997 789.235
968.414 922.114
1012.679 760.141
960.541 895.868
872.011 786.844
967.685 820.254
1029.973 837.257
829.981 915.928
886.956 919.388
978.289 883.981
935.981 788.675
853.930 875.650
1008.326 782.434
947.688 834.245
924.679 921.922
855.120 941.093
971.684 754.948
968.470 973.717
881.898 772.707
860.005 958.699
948.559 844.218
980.119 789.663
999.122 961.255
862.404 914.062
1000.514 761.555
855.980 918.933
896.773 801.915
870.091 830.559
875.937 930.944
1025.486 796.696
850.493 832.845
823.726 928.085
979.489 833.795
855.896 803.608
1028.593 935.341
1034.553 768.986
962.682 899.552
909.967 816.648
919.659 892.208
887.145 924.375
911.061 767.427
929.083 973.444
851.111 776.396
918.138 747.981
947.682 827.362
857.751 867.316
824.270 769.185
903.937 771.281
1021.206 791.272
934.772 788.564
919.329 837.137
1032.335 919.909
996.712 810.231
833.061 930.950
944.583 826.668
1007.268 747.153
942.474 887.494
1025.988 921.052
984.853 931.084
894.053 777.261
884.194 948.357
942.913 970.941
861.941 840.834
887.942 814.090
952.846 864.604
1038.708 961.583
956.079 762.585
849.146 766.367
928.921 780.547
948.697 794.052
941.197 888.631
841.006 772.098
990.325 816.019
964.976 854.151
909.287 890.713
839.788 814.146
899.646 813.325
987.145 904.817
916.567 809.773
948.982 789.216
1024.844 861.246
996.964 779.996
852.634 872.912
836.631 803.294
933.485 861.084
889.747 859.901
973.460 844.470
1026.141 963.749
930.235 807.693
1010.906 961.939
959.119 788.172
927.704 762.601
869.883 823.932
840.472 948.864
961.895 774.589
861.767 783.646
1029.506 846.710
1020.779 863.070
875.046 945.711
874.133 973.762
823.859 802.557
1003.465 768.455
1007.142 864.524
979.400 896.867
1009.112 874.141
983.495 869.556
852.919 866.697
1003.439 922.228
860.682 867.755
844.487 831.556
970.291 747.527
1023.725 753.360
1039.712 857.950
833.174 890.061
912.994 900.055
1047.564 867.273
850.894 922.006
988.416 956.829
933.205 758.925
1006.742 911.560
836.414 867.798
933.509 937.451
849.952 953.480
978.662 880.653
985.096 938.691
903.546 948.972
999.505 951.346
910.212 958.784
1007.546 867.470
870.523 794.095
938.104 918.781
958.404 904.076
995.960 945.278
986.783 804.432
983.844 895.425
896.230 950.718
916.877 783.237
1030.281 969.315
957.359 823.585
889.619 936.061
833.103 908.023
1006.995 899.345
961.224 835.909
1000.267 898.600
873.491 862.793
1024.202 829.433
1023.671 856.008
843.531 868.971
916.459 833.938
975.807 785.768
944.851 858.424
956.920 846.517
895.606 778.178
837.874 932.526
1014.096 803.221
977.860 775.586
1012.864 878.539
958.547 777.589
995.010 810.119
825.863 840.058
857.212 860.544
891.492 919.762
1017.011 767.804
1036.449 760.584
973.210 868.518
977.573 870.874
866.454 861.422
850.247 844.558
980.156 962.504
856.028 884.848
885.006 968.954
855.421 834.787
841.953 939.122
897.851 894.386
855.253 773.821
927.155 789.559
1020.683 933.831
1017.082 939.396
1032.576 862.171
841.164 768.650
979.713 778.322
909.642 946.319
922.215 939.666
1008.609 782.129
1030.049 769.264
890.439 899.948
972.594 911.489
1007.747 821.258
956.282 773.962
853.894 802.254
903.029 871.606
861.781 920.719
1009.453 832.922
881.953 864.428
962.431 815.485
877.617 928.081
929.389 961.888
926.278 943.521
1017.662 822.413
1037.277 936.152
1025.466 925.899
1040.787 879.528
953.404 838.322
937.334 959.805
901.927 807.770
908.251 756.773
912.162 771.449
976.749 781.701
1044.874 946.860
1039.500 947.889
954.678 868.753
1033.623 898.708
963.022 859.263
924.408 865.384
1016.513 956.168
852.917 863.195
1017.628 856.200
961.858 792.220
993.524 967.328
944.027 970.963
859.421 822.299
1045.613 900.359
1041.696 798.105
900.123 910.954
988.030 835.168
977.652 925.528
991.233 767.973
835.597 973.841
1022.622 972.356
840.268 896.235
988.224 783.833
879.511 777.756
863.972 859.118
839.456 768.126
959.714 754.981
869.270 957.763
923.994 869.018
1010.432 844.313
872.723 883.773
928.711 969.807
1019.071 757.649
850.503 803.216
946.031 935.091
904.070 788.798
992.927 903.241
846.688 913.740
1050.225 960.899
992.726 829.270
840.750 825.772
920.008 776.981
942.813 850.972
1013.461 799.826
1040.336 747.731
974.377 874.251
901.719 840.869
1025.585 779.379
920.350 762.112
824.223 757.400
909.601 807.990
851.008 758.600
920.435 755.828
913.727 869.312
1046.573 835.033
883.592 790.952
841.659 764.368
887.074 801.020
949.740 879.852
831.733 902.909
1003.965 855.364
829.723 795.499
863.728 863.607
966.677 831.158
846.084 856.722
1044.999 842.736
829.418 800.950
922.739 898.897
1013.068 833.803
964.469 936.975
1001.082 970.819
1023.821 758.976
904.578 900.921
1019.896 957.491
994.156 899.644
880.782 793.361
1002.110 915.736
919.841 960.791
1019.413 959.164
903.464 881.070
1009.293 904.706
934.008 838.473
941.160 851.880
871.702 906.719
881.168 949.765
884.908 905.990
1047.791 788.026
859.942 824.696
878.688 924.555
1045.569 804.162
899.124 849.067
884.261 823.209
880.178 887.657
1048.044 840.344
827.687 916.244
905.529 945.747
1007.921 890.518
922.749 786.766
859.540 972.250
926.385 904.057
926.186 846.118
983.128 768.724
1015.473 950.137
1008.414 751.364
1015.141 863.163
827.032 769.251
919.612 887.214
910.011 841.493
828.536 819.422
832.215 784.013
1026.825 813.960
925.828 877.881
1040.860 835.987
874.489 904.284
855.968 796.979
826.891 873.737
882.248 783.313
926.138 911.216
936.192 783.719
1020.412 809.455
870.566 865.321
952.195 964.729
848.266 942.386
970.195 947.171
978.092 907.738
991.154 927.311
900.822 921.352
841.232 907.515
934.842 950.218
1015.400 969.969
823.435 878.963
927.374 949.099
984.024 925.509
979.230 951.168
951.742 863.125
852.575 764.573
992.039 973.831
904.542 894.012
1022.521 918.471
940.200 759.104
1014.158 792.664
891.623 852.164
856.588 923.923
1028.534 798.747
1049.305 938.706
905.656 970.895
921.211 941.901
952.739 787.581
851.632 861.907
928.223 774.551
896.245 841.517
994.583 833.685
853.692 920.535
1026.481 804.839
952.808 787.417
888.339 808.525
872.369 796.621
1027.038 911.470
847.377 769.038
880.170 825.936
974.882 955.240
1033.510 892.113
831.299 775.510
937.765 969.315
836.986 941.901
945.257 772.674
870.627 900.281
924.587 950.603
1042.468 830.580
850.554 858.320
1010.849 838.613
912.900 860.016
848.363 872.148
969.593 859.899
999.101 854.595
1012.468 907.728
911.780 850.808
847.707 921.755
993.702 765.608
878.800 918.418
825.986 783.394
1015.017 855.772
931.842 783.571
842.471 870.916
893.377 942.288
862.549 860.348
952.539 954.200
856.906 952.537
928.316 780.592
901.371 940.925
861.735 754.428
950.307 882.464
908.405 911.156
903.124 787.208
995.500 754.822
881.616 921.156
835.861 828.001
998.235 752.105
934.838 823.852
1017.521 852.009
971.658 879.591
856.020 815.975
889.368 788.756
876.534 891.767
870.181 879.553
862.781 931.942
836.596 881.993
1050.048 927.802
905.472 813.029
869.739 858.817
1005.857 785.719
862.883 789.556
898.524 838.907
1033.579 780.720
824.785 952.400
911.914 822.303
949.886 768.434
860.646 831.752
1019.837 767.023
828.725 806.176
924.582 936.816
1027.405 783.633
850.899 932.033
887.655 951.661
955.540 799.687
854.217 851.512
955.628 782.631
960.355 910.150
913.461 753.234
994.894 779.914
946.931 902.510
984.039 785.306
838.025 781.215
852.824 868.167
958.626 923.413
1045.492 940.650
1006.231 910.916
948.354 948.971
948.727 838.564
957.534 967.988
1005.155 746.909
873.636 819.740
1018.192 791.953
874.466 751.243
913.398 782.814
864.625 812.167
1045.958 878.438
953.087 771.500
899.199 859.697
921.653 936.859
985.511 952.665
905.667 953.925
981.541 900.039
826.829 931.778
872.937 958.247
961.558 846.290
1014.283 756.314
1023.998 837.175
933.725 815.522
847.034 834.227
837.695 804.649
831.658 783.637
902.179 822.072
975.156 945.196
1004.951 970.753
1019.635 843.895
991.601 851.109
838.089 846.904
1045.377 963.478
913.561 940.095
865.906 806.495
897.353 832.338
892.360 784.968
1011.692 797.093
835.645 924.074
1012.198 838.341
934.132 748.664
845.941 840.073
1034.480 749.499
1002.065 969.152
888.052 784.163
969.930 947.140
1014.222 760.898
907.810 882.932
828.464 881.482
970.160 972.143
976.694 934.302
894.677 800.568
1038.703 948.378
190.557 853.513
291.439 1467.690
1330.234 2426.227
412.094 2453.798
2230.963 1069.947
1190.655 2114.108
2287.688 1804.942
378.788 725.842
1661.082 82.839
464.373 2157.363
570.585 253.352
906.957 2400.336
2395.779 123.198
490.424 2280.647
2225.152 782.347
2340.525 346.513
395.153 923.866
775.061 2261.354
1265.769 138.985
2115.794 1937.309
129.291 1149.648
2399.806 523.129
415.286 2206.116
2274.791 374.667
410.188 2171.848
25.103 2499.413
1508.210 42.468
120.946 1317.580
2301.922 795.734
1703.208 421.910
799.532 69.017
261.072 2336.164
357.234 2416.272
2162.158 1840.575
2336.996 1840.616
151.366 1913.968
2166.155 34.371
2186.237 1868.485
561.123 1887.256
1181.830 405.965
158.895 1574.627
2279.714 1317.468
2205.774 1951.772
171.146 809.357
104.508 14.644
2321.495 1401.232
515.601 2166.082
1335.519 421.581
852.004 4.432
583.806 2176.234
1393.275 2475.009
205.995 2404.656
1888.932 2479.481
165.117 2227.509
1258.442 3.222
20.516 2189.629
2361.559 522.477
1670.257 2314.140
1609.481 184.567
1256.929 2320.487
1236.324 2103.330
344.024 1162.409
97.266 2290.821
1756.243 2257.565
1685.567 224.073
1748.168 2375.327
2159.046 749.656
427.571 2469.942
935.532 2249.571
2189.509 983.693
548.550 51.820
47.997 634.086
1634.834 57.408
1704.673 2438.614
2181.493 2168.398
932.702 2470.417
2397.797 1581.106
737.720 36.432
380.846 1849.801
2330.758 2102.405
310.496 1891.429
2408.436 1217.987
2193.267 913.433
288.294 1606.067
534.014 2031.075
77.676 1521.878
260.489 1528.176
2208.264 1593.549
1035.341 2358.887
2160.459 479.582
1633.724 65.818
686.651 69.234
788.182 2087.479
46.611 1250.050
2340.903 677.209
522.220 1763.259
2061.249 523.497
63.169 478.488
374.160 1633.506
1378.146 2190.033
669.997 406.883
2138.258 588.634
2207.528 2335.553
1671.174 486.263
1040.148 2171.904
2019.688 2492.729
334.980 783.015
1964.327 2214.274
2471.751 126.064
223.224 1324.981
613.777 391.425
239.507 1869.467
452.337 361.923
1788.916 2280.061
235.822 2158.588
713.810 2227.711
847.181 317.260
117.800 2125.308
515.038 153.858
2342.089 955.208
1795.361 2318.356
1443.754 2103.729
2495.419 403.045
811.685 153.814
2331.686 1830.333
140.027 825.668
1906.203 2428.875
497.397 667.804
2411.345 759.660
2373.282 722.079
141.724 436.834
2172.737 2214.179
11.618 2070.407
2457.229 788.855
1507.870 2304.121
1926.036 2322.937
1496.012 2282.478
62.740 1637.493
2201.608 2357.376
516.298 542.435
270.376 2036.505
1514.917 2374.676
2309.695 618.651
442.480 1501.095
1472.094 2456.581
1696.262 19.439
1721.040 5.182
2372.836 1495.342
338.235 811.925
843.680 2226.306
169.743 2426.926
2435.662 952.005
1615.129 241.798
339.243 289.742
410.083 2155.384
1527.268 222.870
152.055 383.925
2316.182 2025.623
2142.065 496.871
2280.932 1115.273
179.865 722.175
2236.050 2105.364
2201.509 395.451
1262.052 131.492
222.284 646.942
2335.966 92.962
1285.474 88.102
2394.799 434.601
1398.616 109.661
2337.556 229.972
2486.011 2061.718
2351.069 1877.780
2229.164 841.999
2345.305 2417.336
725.522 2037.174
314.796 1449.765
264.616 562.590
671.469 2112.032
982.696 56.125
714.057 269.948
2288.938 1128.669
2336.907 1055.751
401.795 806.130
2035.966 2384.431
2332.010 1022.556
478.153 1877.306
1392.074 114.780
1885.597 2033.710
28.218 648.412
243.292 105.889
2431.914 1664.597
1997.722 2335.023
234.490 1578.412
1656.329 2378.090
831.267 208.956
2095.797 1934.062
423.773 1609.036
2499.123 276.320
454.787 265.647
2001.639 263.150
338.308 890.049
84.918 92.367
1147.878 2424.914
122.719 1705.722
2094.716 830.807
1024.027 359.677
1343.189 393.477
178.638 850.574
1644.920 28.519
2047.491 1957.684
562.926 2317.690
329.732 1638.798
1370.236 2267.057
396.402 29.931
189.438 2275.843
2340.570 1298.511
1010.796 265.538
1976.404 2115.141
1020.004 4.246
422.203 742.341
1627.252 92.726
2126.730 1726.379
1.882 948.104
285.047 1088.859
2422.606 1225.662
2333.529 2335.897
478.290 1694.474
1058.634 421.309
289.168 334.358
1188.345 2293.287
16.339 1019.308
2426.936 64.974
123.106 651.773
462.876 2463.334
1732.943 1958.672
2375.628 2246.292
2251.177 1471.622
1626.849 2484.710
2011.914 2329.989
292.017 2422.680
1984.875 300.442
86.949 1148.444
1376.924 276.936
142.224 2383.349
460.219 2183.263
1626.214 257.224
72.055 2003.503
1117.983 217.396
2391.567 2403.559
536.657 45.378
2231.098 1903.634
1198.780 375.394
1664.158 2446.909
2296.527 1748.192
543.613 2320.004
2032.315 1985.013
1289.758 2357.712
2419.156 466.362
286.200 1258.036
1236.295 194.798
2400.340 2477.899
71.744 824.498
2004.878 360.737
2360.093 2011.154
2231.605 1748.779
1797.300 335.843
446.519 2340.461
2196.472 2385.173
2298.071 1646.869
1854.816 1897.068
556.694 1901.018
1517.372 15.052
40.654 663.785
2160.543 1101.928
1759.355 350.793
1804.834 2001.248
2208.462 111.859
58.871 1767.693
1535.559 2350.887
1826.461 546.430
1472.722 79.744
951.230 54.516
397.823 2224.655
282.902 1549.282
1994.598 579.469
612.329 239.108
1083.629 426.291
280.361 1509.116
1914.370 1940.437
2169.379 2235.086
223.838 1628.258
2183.943 238.978
2263.328 188.729
2390.086 428.010
1368.035 2452.498
1540.784 2028.091
431.383 1364.722
392.085 1496.862
2482.691 807.092
322.519 620.422
1630.842 2037.679
221.376 103.216
125.278 1710.103
352.661 509.193
499.129 341.546
100.335 852.034
1518.138 272.256
1801.371 2069.260
1263.066 390.924
2021.425 1933.709
333.704 1450.309
538.725 1971.237
2256.246 416.785
1906.505 1967.669
382.867 1737.136
2163.537 84.701
271.445 830.569
805.614 2218.626
487.402 95.572
185.756 887.828
268.488 971.395
282.661 533.445
538.054 1690.325
130.038 993.081
432.826 959.585
2391.867 2299.441
279.482 2232.933
150.702 160.472
2318.976 1079.702
12.847 2097.225
347.350 2017.550
1673.909 2377.831
2069.425 1960.282
1577.967 2182.763
300.662 586.819
2275.412 1055.811
2397.688 1893.698
445.096 578.540
1472.822 129.598
2420.673 824.763
386.452 230.772
1959.098 313.875
2295.235 85.190
223.312 2321.514
529.040 1843.124
1647.710 2309.105
1861.540 2162.642
2015.028 731.435
975.317 80.794
2493.054 971.011
1805.569 156.786
455.367 813.197
2079.876 848.663
113.348 1591.598
2198.339 2128.609
361.251 2071.685
643.906 2472.244
630.433 2190.190
2101.276 2260.120
1318.190 2476.017
147.273 924.012
613.761 363.785
168.287 1347.403
1803.711 2466.236
176.649 651.913
606.155 300.394
1223.530 2395.730
339.368 1203.906
2085.104 1620.167
1971.458 1908.932
308.187 557.592
1937.172 1725.299
1922.516 234.158
622.039 186.356
1323.467 2399.287
981.461 2423.540
342.904 1158.796
1695.699 289.900
689.455 54.281
114.665 1625.217
318.803 1377.976
1921.029 2213.441
374.134 558.195
1713.549 2061.713
2465.223 922.024
18.659 2271.388
259.859 191.309
315.501 1526.276
2273.766 217.978
2444.995 808.680
811.459 355.921
2292.991 934.988
14.319 554.580
893.516 393.369
1110.584 2333.494
192.375 2195.947
365.438 1519.889
2220.276 1430.333
314.780 1353.998
988.917 200.471
134.924 588.181
102.926 2409.747
75.980 1927.180
1175.337 2182.814
2442.651 825.462
19.866 381.700
25.546 156.364
1023.244 347.870
1831.124 410.675
1110.541 325.036
189.400 1662.678
2410.783 355.824
63.957 197.760
1671.898 2166.392
2298.455 131.736
2296.188 1836.182
2058.715 841.066
1767.769 2118.802
358.072 2078.492
1890.170 156.127
1724.379 220.275
1558.460 2325.903
2371.360 1657.353
2298.527 322.883
1819.554 2287.533
540.485 150.881
2436.567 1851.056
1740.324 84.638
58.843 2142.616
282.838 56.191
409.948 137.423
2072.355 483.577
1120.113 2176.123
54.448 675.996
392.719 2417.796
200.724 866.333
621.373 1922.007
2331.612 2441.678
1916.790 2025.841
333.447 1374.398
1528.166 306.835
90.120 1813.637
2274.757 783.541
1455.727 2060.518
35.928 371.377
1026.091 105.593
2021.015 506.242
416.890 1026.217
1735.730 1916.967
1965.100 2289.396
2247.668 1266.451
44.768 240.492
196.399 1228.941
46.868 1232.772
432.937 2168.483
2078.534 702.471
171.910 1666.876
1831.071 527.508
976.493 2388.805
1070.939 127.741
726.899 0.094
1685.531 2123.229
1516.554 448.272
2136.379 2250.643
948.628 350.261
274.654 362.639
1871.736 2295.823
6.208 1555.368
95.860 237.620
2089.519 2172.910
2411.195 480.288
2216.419 1727.014
2370.285 568.368
1898.004 2298.671
2412.647 2018.390
1961.186 2078.102
153.559 297.152
2090.003 2204.481
10.314 742.837
201.470 443.114
92.074 1304.374
132.081 1188.568
193.122 251.944
2191.930 1383.922
2008.482 1967.056
514.905 1729.372
5.260 1705.952
1784.504 2098.552
267.503 2010.066
2193.947 1200.501
1861.802 2448.390
824.412 2339.200
313.194 1574.638
2416.724 1393.228
1933.149 761.811
167.098 2152.810
2296.138 1777.521
202.089 2212.066
1565.737 2145.440
493.060 513.430
2181.813 2215.899
2124.746 2259.739
139.103 686.016
102.874 2032.152
485.874 1945.504
275.283 1604.417
673.961 290.144
349.897 1820.561
872.494 234.165
480.447 647.458
1026.726 60.160
63.010 949.037
2415.014 1900.108
1096.047 359.523
1878.627 1842.432
577.286 276.242
427.942 20.824
160.773 2059.517
2496.018 251.011
2494.205 522.666
762.858 237.718
1584.101 64.909
971.995 2377.738
1280.624 2317.090
157.316 787.759
274.796 853.127
2005.003 2064.090
2189.216 2096.032
81.376 1862.993
1899.254 281.146
2222.028 1802.973
320.645 475.438
1932.610 392.843
2169.452 2326.761
2176.835 1595.505
141.921 276.020
148.287 570.034
2072.883 826.048
1698.896 456.376
745.873 2202.736
1244.307 2353.698
2313.681 2306.062
535.935 2109.536
2475.302 1811.585
1876.765 426.259
2084.147 2365.832
1937.294 2131.965
1216.384 2393.205
502.027 508.991
254.702 1135.038
1112.530 239.971
90.210 529.437
2158.776 781.316
381.747 462.585
48.614 2356.453
748.995 2273.730
2468.338 1516.196
1693.436 354.091
817.127 2150.297
2431.670 1547.855
77.559 537.306
1844.944 2353.020
1125.773 141.774
380.161 837.708
2131.109 493.264
433.351 2364.319
1778.468 2132.882
357.283 1871.773
2181.864 1637.809
486.856 2391.314
112.740 851.006
41.513 517.594
2071.272 498.170
2363.919 374.885
90.848 1014.926
917.456 2372.639
3.397 2440.196
2203.305 2355.762
890.163 2305.757
274.433 1910.307
1002.060 2370.452
1686.402 2095.572
2479.467 1614.122
2180.366 2187.944
1007.862 145.650
979.112 168.361
2482.693 1770.762
157.659 1342.636
1548.568 2215.447
2229.845 1095.539
2140.807 2291.596
202.645 201.761
303.750 1628.080
2314.554 1131.995
2429.075 2366.141
51.894 568.818
761.283 328.872
0.786 2492.725
96.502 529.110
2004.913 1883.827
1092.676 79.069
2060.368 2421.391
2360.054 2420.810
2292.134 617.549
1873.838 287.799
354.603 94.783
1644.331 2285.661
2246.301 1040.798
1052.588 2230.368
326.621 1396.807
2306.674 1968.570
1256.590 18.835
1925.560 264.690
2442.499 1809.179
2064.904 828.142
421.777 1278.868
1148.694 427.355
1795.434 2138.789
2139.481 2346.485
1560.739 446.969
348.092 477.452
2107.493 1802.875
1587.352 2444.445
354.009 2184.836
1436.554 94.136
147.418 2161.781
152.428 1648.004
1705.604 2287.746
336.364 1687.989
464.411 335.899
1537.623 2033.915
48.782 1970.176
1424.514 2230.393
1343.315 241.464
2290.275 220.235
2224.923 1980.256
2220.176 1112.838
2121.672 581.045
486.951 1930.611
108.101 1947.538
2414.454 1330.170
1815.536 2056.875
653.275 441.015
460.866 2389.814
457.296 971.913
279.526 2487.451
310.112 878.015
2048.492 911.291
1816.057 1924.242
1252.114 278.358
2138.208 2054.502
1775.425 269.899
2255.358 400.691
1492.989 2293.887
827.874 160.812
2386.063 570.537
332.675 2370.778
177.886 346.095
814.669 2400.285
511.196 1731.497
340.143 1041.112
1572.203 2066.556
1405.545 2319.145
560.467 33.002
2290.034 2011.279
2387.154 1287.539
952.619 191.568
2046.062 2329.995
211.701 1270.581
356.690 1525.757
1203.285 275.787
1994.573 149.143
2283.378 1662.651
450.774 985.259
255.367 1674.891
2300.210 2159.368
1085.955 2397.862
1680.331 2352.560
574.241 1854.533
175.290 1073.473
2238.230 1473.801
2237.751 2473.415
2312.222 686.461
2455.819 2083.561
290.226 2176.110
337.136 1255.369
2136.043 514.370
1505.019 361.711
290.273 639.503
1125.622 2132.671
372.543 2120.345
2395.604 1508.205
9.041 2048.130
484.239 509.466
1711.238 25.047
163.806 1246.093
196.570 2215.920
1154.033 426.809
54.510 1239.091
249.090 1743.892
152.200 157.786
1076.633 376.729
1310.800 382.549
2432.652 969.492
5.982 1520.461
1266.942 2161.120
2172.384 2121.476
1786.521 2048.802
710.272 2069.447
1273.344 359.630
87.355 495.238
16.840 2341.635
1347.088 2135.275
296.915 478.676
1982.513 2462.402
1056.945 2291.405
2289.584 1125.525
1741.265 2129.524
1839.221 551.846
66.019 1054.270
747.794 219.527
411.013 1342.178
2406.104 1828.414
105.827 243.566
649.131 2095.355
870.101 2258.460
1275.349 2423.296
2154.441 2393.414
744.556 399.866
763.018 2161.255
305.940 1478.378
2172.488 2041.082
1816.487 520.988
2403.082 1944.695
1833.838 1989.840
2261.319 26.791
1993.229 1795.979
235.559 178.582
1497.975 402.187
2340.308 906.456
123.086 1345.054
456.816 818.368
2321.485 184.642
38.676 686.921
48.580 170.674
1687.228 347.006
111.228 959.884
515.040 569.838
86.212 2438.048
2330.002 2383.955
1202.489 2472.924
1669.990 2470.849
199.124 198.989
10.214 289.752
2000.126 2230.775
1853.688 37.524
2409.715 1332.166
503.839 367.072
86.773 1109.988
1750.957 548.225
169.129 631.748
585.266 364.096
1621.967 437.967
1635.197 455.411
2259.130 1948.667
2233.676 740.284
2468.814 1858.339
2156.558 460.477
1946.926 2132.079
2328.015 1487.343
68.990 1695.578
2106.113 797.361
641.754 298.990
1978.191 696.502
2480.122 1184.918
1833.667 190.432
320.369 2430.899
54.583 155.960
191.686 1436.439
2.539 890.987
222.731 1914.581
1829.948 1975.806
384.037 2102.068
1894.542 549.546
2332.877 745.856
409.116 2351.384
1475.298 2212.378
