200 2
50.000 50.000
67.858 52.235
68.215 51.054
69.197 52.169
71.139 52.355
72.789 55.000
68.825 54.879
67.313 56.086
71.673 57.399
69.361 54.760
70.250 49.693
69.703 50.689
66.422 50.076
72.873 59.589
67.491 58.424
67.898 52.488
73.615 53.712
67.552 54.911
66.954 58.397
71.418 56.056
69.481 59.058
67.775 51.281
68.422 58.538
71.491 50.645
66.700 58.144
66.727 54.964
68.623 58.281
64.468 58.824
73.713 57.067
70.401 56.579
66.971 59.282
66.061 57.354
65.083 53.992
73.842 52.933
70.969 50.307
65.223 53.741
64.977 54.035
66.222 55.534
69.270 49.846
68.330 53.789
64.993 50.121
74.204 53.330
66.053 53.427
68.341 57.725
69.408 58.311
66.721 56.308
70.416 57.013
68.229 52.660
69.882 52.221
66.386 50.931
66.448 54.329
70.153 54.381
69.085 53.430
73.259 57.914
71.330 54.246
67.848 55.774
67.824 54.510
71.617 50.995
65.685 51.246
73.106 49.734
47.572 68.468
43.106 66.455
47.142 71.367
45.887 74.389
51.224 74.372
45.650 73.653
46.434 65.280
46.241 74.652
42.632 71.965
41.856 66.716
42.533 70.341
42.296 72.815
48.650 64.891
42.714 73.462
48.000 73.517
51.011 72.689
45.890 73.208
46.548 72.930
41.435 64.710
42.664 73.781
47.331 65.144
48.182 68.577
42.026 71.629
46.575 64.905
49.292 70.548
43.840 74.271
49.633 69.020
45.606 68.634
48.849 71.383
49.408 68.436
46.432 72.600
50.730 67.894
42.708 73.562
51.177 66.539
50.187 65.577
48.764 73.255
47.770 72.219
45.802 74.292
42.301 74.611
47.624 70.441
51.197 66.182
49.398 65.525
41.443 70.673
45.563 65.411
46.236 66.162
46.712 67.766
50.400 67.126
34.335 42.825
33.958 50.041
32.568 52.313
26.892 50.800
28.271 45.722
33.716 52.163
32.016 50.449
27.432 51.636
28.034 44.562
25.961 43.156
33.823 49.530
29.806 42.566
29.545 50.706
26.712 43.955
28.317 50.673
28.549 49.566
30.306 45.140
33.077 51.294
31.576 50.044
30.918 44.690
35.106 51.778
32.890 51.867
33.542 52.090
31.798 47.809
27.781 50.453
26.800 43.421
32.042 48.336
28.918 47.882
32.605 52.055
28.837 48.819
29.525 42.540
27.918 52.289
25.607 50.284
43.080 33.008
45.011 33.455
43.782 31.963
42.690 29.879
46.877 31.659
48.632 27.135
43.293 32.558
48.919 32.857
51.770 31.451
51.226 25.669
50.481 34.416
45.632 30.672
48.920 33.274
45.932 34.947
47.307 27.901
49.805 28.068
46.076 28.590
46.386 34.742
51.487 25.885
50.378 26.883
47.376 32.659
44.097 29.295
44.484 29.229
46.803 30.555
51.467 35.005
51.610 31.726
45.876 34.682
51.041 30.767
48.228 27.245
47.654 27.384
45.304 28.699
48.887 29.594
42.976 28.407
51.925 33.539
50.367 33.951
50.492 27.681
1.396 55.338
85.016 87.826
88.946 98.830
96.710 67.478
86.840 66.110
82.300 81.219
88.636 16.318
83.694 19.808
30.403 85.389
10.703 36.180
87.597 21.769
94.880 69.276
89.467 76.764
10.096 78.143
98.135 30.057
71.207 18.010
94.781 74.840
74.751 13.170
93.834 37.608
84.934 82.837
2.856 2.668
6.674 74.635
44.202 94.137
17.598 94.420
