500 3
125.000 125.000
170.875 142.039
174.051 136.650
168.070 127.157
183.581 124.050
163.730 142.214
184.396 135.160
174.239 131.500
171.120 140.286
174.646 134.926
183.504 135.380
179.757 138.928
164.405 143.947
181.147 141.023
185.501 144.566
181.870 136.954
170.865 144.576
168.819 129.374
169.245 129.622
169.609 132.341
167.884 140.266
180.429 136.916
171.133 133.025
163.307 125.535
184.663 122.843
179.044 141.114
174.729 137.998
178.054 130.289
165.167 126.119
164.439 145.034
184.374 137.805
163.528 143.308
167.044 143.703
169.095 123.566
180.386 132.730
178.298 131.314
173.939 140.770
182.082 132.524
175.371 140.771
166.896 142.585
177.657 130.285
177.109 138.499
179.002 123.596
171.096 130.106
182.566 136.287
181.821 138.787
178.346 124.967
177.828 144.536
164.080 137.494
183.001 123.531
172.621 130.019
165.660 138.256
174.436 135.037
164.422 138.668
180.917 141.804
170.024 125.746
170.384 144.011
173.632 127.120
166.355 125.663
172.201 131.079
181.268 133.169
168.578 143.568
181.237 122.786
181.634 126.686
169.120 142.081
184.801 131.011
184.530 142.615
167.341 132.589
176.826 135.629
163.505 125.000
166.499 135.349
167.598 140.308
167.558 127.058
182.477 135.190
167.569 138.142
172.301 135.030
185.136 139.640
176.047 130.902
180.046 140.820
178.376 133.477
163.708 139.153
165.695 127.461
177.568 143.723
185.241 142.566
183.265 123.956
172.814 135.048
179.440 123.775
179.885 137.208
170.176 133.074
165.584 133.174
175.075 127.992
167.908 143.545
177.864 144.768
171.152 128.555
166.706 140.529
184.918 132.288
180.032 130.755
179.310 144.770
182.574 142.769
173.129 134.903
172.692 123.184
163.935 124.033
165.358 129.398
181.047 134.516
181.309 134.492
163.836 134.511
169.925 129.860
170.628 140.452
162.947 129.181
178.348 140.587
180.604 143.628
184.632 141.514
166.716 132.411
164.804 133.439
172.209 126.086
181.235 130.921
177.456 142.363
168.619 132.271
163.047 135.564
167.452 127.325
184.429 125.916
182.289 137.388
175.269 141.533
179.636 142.419
165.852 140.363
174.741 124.230
170.915 130.093
185.424 123.665
176.975 133.666
172.769 133.098
185.562 140.900
172.486 136.533
178.608 127.254
176.725 126.363
179.484 126.654
169.885 131.390
163.431 137.863
174.454 143.364
172.099 128.773
178.746 142.628
181.375 129.519
185.021 128.938
182.278 132.423
164.925 138.876
169.611 141.038
169.963 138.045
180.009 138.340
163.985 133.165
170.810 143.362
174.212 141.362
170.651 144.265
164.146 140.197
104.377 176.274
100.340 169.491
108.306 161.263
102.074 162.175
101.511 177.437
114.299 179.857
96.435 170.152
104.529 165.693
98.990 171.532
100.602 160.226
98.099 162.043
111.968 165.450
96.435 170.716
97.939 179.971
112.953 174.006
113.655 172.805
110.723 160.467
112.603 161.340
101.052 180.809
106.063 181.125
110.488 172.638
108.113 160.182
114.087 168.632
112.001 178.884
100.230 161.341
113.379 175.297
105.022 165.159
94.121 169.776
106.831 181.304
106.253 178.936
93.076 160.194
106.683 167.248
111.865 169.095
94.729 178.658
114.016 176.372
107.810 163.620
108.197 176.208
95.100 177.284
108.197 159.025
98.626 171.413
97.740 177.559
103.831 162.971
112.306 179.868
114.782 166.326
110.899 178.125
103.786 172.171
114.951 176.649
103.507 178.305
105.814 162.663
98.066 159.045
97.774 174.490
94.315 160.595
107.877 159.235
106.733 163.969
110.678 180.559
97.355 175.552
96.314 179.626
93.931 169.638
101.665 164.906
100.155 174.481
95.829 169.211
94.348 167.227
113.935 171.477
112.069 179.932
113.785 173.124
105.813 167.473
113.062 162.304
112.579 162.474
99.384 166.524
94.083 159.869
112.839 159.233
110.788 179.126
109.507 178.222
111.219 160.381
107.520 169.927
111.500 164.745
97.060 159.415
109.772 164.566
102.010 172.605
97.721 171.545
100.129 178.564
111.567 175.458
114.550 173.921
102.370 172.913
109.833 165.876
101.437 169.566
101.826 162.823
99.510 170.305
112.661 165.558
108.628 167.661
105.281 166.354
114.913 161.656
114.491 169.579
95.409 178.632
106.581 169.797
111.216 169.673
100.156 176.858
109.935 173.429
93.781 175.630
92.413 162.749
109.347 166.950
109.675 166.951
98.168 176.567
111.543 173.946
109.890 173.546
113.125 180.404
101.243 173.442
105.101 171.245
103.215 163.794
114.915 165.230
94.660 171.911
96.832 159.792
98.145 176.851
112.074 162.383
108.156 179.564
108.237 169.297
109.364 160.508
102.576 163.950
102.506 166.649
106.963 177.441
101.242 168.049
105.792 175.515
104.196 171.399
111.712 162.064
114.928 175.005
106.967 169.418
104.427 174.607
100.188 160.692
105.928 175.960
103.464 162.545
105.242 163.803
111.413 170.238
97.134 178.127
92.837 166.304
107.218 168.752
104.608 166.592
94.075 173.446
99.371 169.235
92.109 71.490
112.900 73.759
94.589 72.009
106.796 79.932
110.049 86.847
102.762 81.178
108.564 73.767
110.265 87.338
107.205 83.623
100.480 87.137
106.241 80.238
93.927 79.436
111.321 92.118
93.898 79.671
92.305 83.566
100.719 77.126
102.954 72.511
98.015 87.972
105.154 77.876
100.630 81.169
106.280 76.487
95.015 77.319
108.929 91.295
111.682 71.994
102.957 77.154
91.675 86.569
91.325 75.050
94.910 91.974
103.875 72.078
92.014 89.480
108.891 89.960
111.767 84.666
104.810 81.409
90.893 88.739
105.858 87.499
109.235 75.289
97.128 87.574
111.682 85.648
104.339 87.220
104.826 78.042
101.777 69.681
92.582 88.017
110.502 73.859
101.630 73.170
98.748 78.776
95.960 86.866
108.345 82.258
98.891 91.416
98.104 90.520
105.098 87.165
98.191 88.805
97.420 86.557
92.368 83.906
109.242 86.987
91.895 76.448
105.627 69.690
109.069 75.060
92.105 82.545
92.319 75.045
112.621 70.932
95.409 74.331
112.443 83.154
91.996 89.748
105.635 83.201
111.442 89.963
102.564 74.504
98.889 83.252
92.562 79.176
93.156 85.466
99.389 87.661
96.663 70.158
98.860 78.306
100.441 81.894
95.323 86.766
96.365 69.660
97.562 75.086
99.268 76.907
99.932 76.687
111.077 87.496
112.796 71.962
90.975 84.009
93.138 72.463
106.693 87.979
90.190 77.498
94.287 70.050
101.814 70.061
90.737 91.732
101.356 73.487
98.393 88.883
90.795 80.403
102.168 86.086
112.353 78.640
112.531 71.190
102.597 70.271
92.720 75.343
94.005 75.683
98.440 71.789
111.316 86.423
103.710 83.396
95.322 90.699
93.727 91.897
103.272 89.017
104.241 70.030
102.885 79.784
110.255 88.394
94.194 70.648
93.334 70.031
92.219 87.548
103.563 72.596
108.507 78.709
112.699 72.299
92.775 86.695
111.051 83.671
110.587 87.763
110.118 91.077
108.227 77.934
105.464 85.189
97.111 81.724
101.115 75.899
109.321 88.815
98.533 82.438
106.423 84.029
109.517 86.002
111.123 81.459
96.368 82.127
108.730 79.755
105.253 87.383
92.822 76.720
92.810 79.447
94.161 74.004
111.571 84.156
92.389 70.854
111.033 81.840
101.823 70.411
105.550 77.024
100.600 88.993
104.083 88.311
107.177 77.197
91.475 80.653
95.152 77.120
101.543 76.623
112.441 88.797
90.645 77.188
90.490 73.021
102.826 79.111
165.403 13.023
61.892 198.533
188.773 192.325
46.308 153.382
198.680 195.723
41.524 130.822
200.547 178.389
18.248 66.881
42.156 249.454
9.674 34.044
204.576 31.316
64.356 212.173
237.329 105.791
213.672 222.464
152.209 225.373
92.917 28.987
235.958 46.496
3.830 216.350
13.516 242.261
249.488 163.317
183.973 213.161
36.721 13.506
241.616 91.743
235.698 155.772
175.354 225.510
167.906 51.398
41.324 187.532
222.658 7.181
8.638 179.388
19.171 21.321
24.309 40.677
131.190 8.962
125.454 237.278
26.538 235.095
223.595 226.754
131.819 20.529
209.707 81.945
43.390 168.913
19.954 203.594
219.225 54.046
153.172 39.314
193.545 25.846
222.717 180.106
67.815 45.260
71.705 42.776
218.092 111.694
41.367 66.069
41.204 40.112
115.992 21.545
179.945 217.955
205.201 179.197
68.543 239.790
201.158 184.875
219.612 90.473
191.008 12.107
248.193 149.973
20.209 160.791
33.755 150.414
223.117 138.148
210.437 173.132
227.690 245.898
239.947 185.725
75.702 224.610
162.332 199.109
151.280 220.741
