1000 7
250.000 250.000
337.667 283.941
370.780 248.493
338.890 245.085
360.221 250.348
339.180 274.787
356.245 241.905
341.291 272.406
360.242 269.765
361.354 266.593
363.417 262.392
370.180 280.943
335.582 242.795
335.989 244.005
329.209 269.940
366.545 262.837
349.978 273.691
335.336 267.953
336.648 273.433
356.520 279.059
361.431 246.618
347.088 277.561
335.535 280.006
356.444 247.618
367.703 274.848
345.942 280.854
338.735 244.298
342.104 275.549
329.677 271.667
348.480 254.600
333.455 259.295
332.888 242.538
350.205 273.495
348.766 247.029
343.293 262.947
369.874 249.423
335.917 275.662
354.728 286.083
338.089 270.536
332.226 250.911
360.300 256.227
368.275 267.637
348.328 261.846
358.572 260.127
349.442 284.088
338.098 265.217
341.088 283.695
341.015 260.632
371.488 263.252
357.461 252.363
328.442 267.859
337.025 278.790
355.764 242.771
344.545 283.177
350.004 258.221
369.120 245.268
360.711 266.687
334.687 272.277
357.220 259.111
363.754 276.998
343.887 276.864
333.600 264.025
354.436 276.448
370.247 284.379
347.942 262.171
358.861 244.313
344.077 241.541
350.368 257.501
360.189 262.837
364.248 275.627
332.357 272.268
349.953 252.465
352.421 252.255
333.725 285.382
343.627 274.990
363.444 253.982
345.802 244.045
359.689 270.464
332.316 247.937
357.598 258.880
351.644 275.892
365.895 270.882
333.371 241.531
331.635 281.556
351.346 256.729
369.400 243.061
355.290 281.643
363.609 260.619
341.243 274.053
350.359 285.535
329.714 245.768
368.825 259.156
340.570 254.478
340.181 269.759
354.827 250.906
358.738 272.336
340.388 277.307
370.331 270.136
332.510 250.355
356.566 272.508
330.263 258.009
340.337 284.990
330.970 282.014
369.553 279.010
334.833 265.248
330.816 271.279
337.726 266.023
360.632 267.422
332.200 279.650
327.832 282.347
358.851 260.472
358.761 268.247
367.729 245.689
369.837 271.811
345.797 261.324
369.520 264.970
337.729 255.029
366.570 272.900
370.659 280.427
363.020 278.556
359.282 270.114
335.822 242.490
350.650 257.331
341.534 263.276
343.505 270.427
359.870 244.831
359.377 266.029
356.169 264.423
368.907 285.928
344.340 272.586
334.056 260.230
344.818 254.896
364.425 242.873
336.882 276.299
367.753 247.336
353.610 286.139
343.490 245.598
332.373 265.042
331.440 245.893
364.158 242.250
327.476 261.176
368.010 269.703
339.040 243.131
348.592 244.310
328.962 243.612
342.272 251.801
349.702 286.563
355.209 246.227
357.964 286.220
341.671 255.811
351.773 250.292
344.500 242.894
337.165 270.879
349.222 282.519
326.629 285.690
328.697 249.109
347.137 256.920
350.952 266.757
335.097 254.683
356.005 251.373
333.123 279.658
368.457 278.828
339.477 269.369
354.309 245.689
366.560 263.456
332.568 243.328
360.726 258.119
367.406 254.230
330.943 256.731
363.628 252.013
364.557 257.121
336.667 274.427
326.984 280.911
347.533 266.847
356.450 255.548
366.937 249.688
339.796 259.093
329.944 245.656
344.810 266.439
354.540 277.754
337.595 267.620
365.917 249.146
327.406 252.773
338.021 281.631
331.599 264.829
328.974 248.276
370.059 275.379
365.882 250.237
339.196 274.339
368.062 253.561
347.021 253.785
370.432 285.143
338.326 245.881
366.047 279.631
345.167 244.350
349.166 257.868
339.713 279.517
364.167 280.577
356.645 248.879
367.435 286.244
348.139 261.087
334.399 241.835
327.685 273.150
360.757 263.720
361.526 280.057
366.961 253.757
365.117 284.501
326.613 255.828
370.565 258.102
356.475 279.432
329.789 256.269
370.436 281.614
348.150 269.204
345.676 269.308
349.482 263.912
348.943 250.727
361.843 252.974
335.101 263.188
369.877 282.343
338.065 250.116
369.002 262.074
329.819 276.096
329.444 244.959
351.295 259.892
332.975 266.068
345.676 268.140
342.757 284.901
359.217 286.571
371.679 250.132
350.216 243.538
370.652 257.545
329.380 256.051
357.036 284.288
369.823 264.664
357.851 273.625
363.735 259.088
341.830 254.705
359.876 252.242
359.992 262.476
341.511 281.408
363.799 277.983
350.577 265.824
343.103 256.117
361.752 244.026
331.936 253.594
330.338 246.220
352.911 268.032
329.213 265.842
353.081 269.924
335.594 243.537
333.981 265.734
350.298 245.717
343.044 276.505
339.624 277.497
336.194 279.637
335.521 257.223
344.021 261.036
369.564 263.149
364.901 254.660
360.285 252.042
354.712 259.868
351.647 258.816
340.815 259.820
370.921 270.912
365.536 261.860
331.910 285.877
352.350 280.112
361.981 253.315
349.110 284.719
339.206 243.443
341.465 279.862
360.750 268.669
358.741 269.072
331.318 277.948
350.983 275.496
333.170 284.663
348.697 285.823
333.214 278.817
368.200 254.465
366.090 281.309
338.865 256.173
326.327 254.407
341.413 257.822
370.823 270.946
330.569 276.584
360.093 241.901
357.671 242.589
337.967 265.004
364.228 278.654
343.934 250.395
333.680 277.379
361.363 261.205
360.029 265.188
355.963 284.331
348.288 243.628
335.859 285.282
340.536 277.765
326.470 253.754
354.516 283.483
330.877 281.578
350.046 269.962
370.256 248.513
340.118 280.939
342.232 281.361
355.855 257.618
361.942 249.793
365.086 242.514
350.628 265.286
361.546 246.158
364.899 278.310
336.696 284.959
362.430 271.384
328.265 286.291
369.279 246.320
354.133 265.407
366.615 286.617
346.872 266.458
342.708 242.652
365.188 269.397
355.721 266.551
347.596 259.770
344.641 251.707
364.420 273.927
355.766 268.908
336.546 276.376
350.196 263.276
328.077 270.284
359.135 242.762
337.672 245.413
341.754 286.756
345.136 272.823
339.936 255.183
361.202 248.849
358.140 285.789
327.337 255.622
346.775 286.294
347.020 261.815
345.944 273.541
332.690 247.485
332.916 247.388
347.393 282.256
359.768 255.485
337.503 258.224
349.344 242.253
333.020 259.593
354.235 255.138
340.954 258.251
342.133 251.474
216.553 342.702
188.753 353.036
191.450 316.609
190.948 319.163
185.209 325.188
203.194 329.620
203.482 313.185
214.547 311.037
181.362 324.361
192.911 314.915
198.240 329.106
203.745 337.268
210.686 312.970
173.840 350.251
187.545 324.746
185.061 351.126
204.192 328.511
215.607 343.326
207.448 326.795
183.864 315.335
203.507 328.145
206.170 327.528
207.498 314.588
171.699 341.128
185.262 349.661
195.393 318.009
184.659 314.685
196.381 332.804
204.129 316.899
190.477 324.368
212.082 346.599
183.136 319.911
173.079 329.753
203.917 331.398
181.011 323.401
184.073 315.199
176.477 315.476
211.053 335.517
176.666 321.222
186.697 341.354
176.736 323.344
173.245 351.771
172.135 352.639
204.545 337.740
196.575 331.338
212.042 342.834
177.478 345.161
208.089 351.527
187.110 321.143
211.108 353.567
172.279 315.233
176.358 319.489
216.348 342.716
199.426 335.165
171.993 336.907
203.655 323.343
188.298 312.073
201.388 345.924
200.557 313.579
179.346 335.304
195.807 336.601
190.632 334.016
213.508 314.967
173.158 338.960
202.605 353.755
197.235 329.762
196.566 336.001
179.764 337.453
188.735 324.001
188.226 324.464
210.762 314.956
196.816 319.306
173.028 325.814
192.937 324.173
195.300 321.081
176.883 322.148
193.138 312.249
189.144 349.983
177.530 322.865
173.695 336.571
180.822 337.696
199.178 328.126
182.422 331.352
213.317 330.101
205.253 318.540
202.537 320.882
215.962 333.879
181.061 314.360
182.831 339.283
173.463 323.156
194.069 311.357
214.234 317.416
206.877 330.029
196.301 348.993
171.609 349.867
203.570 322.452
200.948 329.668
203.338 326.484
189.771 333.595
199.867 346.201
211.120 338.960
175.102 318.543
181.867 322.503
193.744 334.373
180.707 325.690
186.947 331.506
212.261 324.255
205.652 344.547
181.689 334.193
202.033 326.806
214.073 329.853
212.166 334.400
199.476 350.846
177.816 323.858
182.420 340.746
176.915 342.482
186.464 312.130
209.341 347.155
172.305 325.340
173.325 353.729
197.573 327.695
209.100 335.452
196.710 322.736
205.702 315.732
175.053 343.901
183.701 324.177
192.666 349.041
214.973 329.038
200.595 337.254
181.058 349.642
206.332 353.374
215.937 318.831
209.126 320.394
183.416 310.675
179.770 340.404
184.160 329.218
201.629 351.010
191.162 315.824
199.592 343.245
209.434 336.286
174.690 345.949
209.312 348.363
188.040 323.434
174.790 326.475
176.736 341.347
200.423 343.819
205.418 324.671
198.780 321.465
195.872 336.284
176.638 316.625
207.815 345.258
198.793 344.281
173.324 350.436
193.490 344.992
183.491 320.512
202.261 327.345
196.294 330.606
189.735 328.781
172.970 332.592
172.298 340.236
210.549 320.657
176.724 324.774
197.471 310.686
184.104 351.631
199.700 310.129
177.932 340.787
209.378 320.957
208.736 320.151
210.139 337.046
178.428 313.587
199.320 321.943
211.548 344.312
188.665 333.446
198.110 328.361
212.529 336.961
216.258 330.323
183.555 329.493
216.292 329.133
200.076 320.166
203.786 310.121
189.034 320.119
182.226 339.527
186.820 332.268
194.083 348.876
180.857 312.297
192.740 313.402
174.857 323.803
210.237 348.357
186.551 343.017
178.031 315.540
187.405 353.836
209.460 336.812
201.257 318.524
212.063 315.582
216.267 333.036
184.876 353.700
193.580 347.124
190.374 345.086
184.720 319.024
171.886 313.525
203.037 350.121
199.714 334.038
186.188 338.491
206.300 337.230
199.702 344.051
208.841 314.282
212.661 320.308
175.941 340.391
185.733 339.763
190.321 320.869
173.689 340.190
196.501 327.800
177.131 333.421
172.890 345.410
207.474 342.380
184.075 326.516
211.037 336.348
189.817 311.082
179.790 334.649
213.682 351.232
204.571 345.487
202.090 341.316
197.752 338.579
208.482 330.043
181.430 333.063
185.230 329.404
199.822 346.639
209.402 311.947
188.086 350.408
209.017 319.968
211.058 342.855
200.717 341.985
182.490 315.448
172.214 334.549
178.449 314.985
171.226 343.608
183.163 353.039
174.875 312.075
171.359 353.106
216.014 327.449
182.091 350.263
179.425 348.031
174.388 318.096
201.969 350.966
172.905 324.348
198.379 337.040
194.929 319.906
207.302 310.995
212.400 352.881
183.436 318.610
203.552 325.651
177.193 339.213
184.234 311.901
215.223 324.332
197.892 346.369
172.348 354.094
211.734 340.008
195.472 333.942
173.677 317.545
173.934 310.322
174.320 349.384
206.857 347.548
176.618 327.118
199.872 333.470
209.858 323.463
177.136 318.065
187.644 348.322
192.852 315.224
184.323 331.505
205.685 318.596
211.379 350.785
194.494 348.577
216.574 339.969
178.815 331.717
211.798 337.341
205.068 317.417
180.845 353.315
184.103 332.919
186.871 332.788
182.776 341.340
179.591 314.085
206.299 170.209
205.092 166.623
227.433 163.342
242.693 151.752
218.851 134.463
226.062 135.875
215.830 171.164
213.020 159.536
214.759 139.103
199.275 160.768
221.916 156.566
222.731 162.353
213.245 138.130
217.278 143.390
229.362 163.526
232.829 151.756
226.298 175.634
199.033 156.513
211.598 171.190
216.168 162.822
208.451 155.825
232.576 148.520
209.839 162.627
225.843 148.605
216.447 135.239
211.044 140.568
230.933 174.596
229.667 155.164
239.750 153.160
205.981 167.763
225.412 153.424
202.826 170.519
220.392 155.055
227.602 161.589
214.690 146.194
209.326 138.938
241.551 170.106
232.933 163.780
235.467 173.521
242.616 158.293
221.424 137.532
198.546 158.741
202.062 161.811
216.196 167.164
215.870 172.513
232.057 143.904
227.116 135.776
232.613 159.863
234.788 134.655
211.938 144.421
222.933 144.778
232.468 175.287
236.865 169.325
211.754 169.000
224.666 161.492
234.356 132.121
198.284 143.425
222.850 133.713
206.165 152.566
199.999 133.923
237.415 168.226
221.910 153.285
223.558 146.776
227.439 166.502
226.622 163.412
236.411 152.808
214.178 156.642
221.956 156.116
235.152 132.661
219.670 138.601
228.075 155.059
225.741 148.703
200.319 139.252
233.679 137.881
241.442 156.876
215.384 160.198
221.025 152.531
231.790 142.317
223.968 162.137
225.454 136.014
225.347 168.502
240.785 159.214
205.264 153.463
238.269 167.625
237.118 140.961
212.974 145.253
238.725 137.949
200.729 145.299
197.992 156.479
214.995 154.029
207.253 161.151
201.007 139.905
232.447 154.148
228.519 142.830
210.515 149.749
229.062 169.487
202.397 158.526
209.925 147.094
212.171 154.609
230.856 147.815
224.316 133.457
224.214 166.053
227.731 168.494
224.773 156.059
206.920 170.993
208.276 144.432
215.866 163.473
231.254 170.559
230.622 154.373
242.647 174.522
242.705 145.596
212.918 176.263
240.211 139.331
241.033 158.523
235.140 144.881
211.554 175.765
235.118 146.441
205.874 146.631
228.748 165.083
198.141 145.945
233.387 163.166
215.219 138.539
198.428 151.679
241.654 169.576
208.321 173.036
197.853 139.916
235.804 141.447
207.634 133.952
214.150 142.412
234.913 158.494
236.019 162.125
199.056 145.292
240.813 144.999
226.819 177.118
238.178 152.667
208.145 133.341
220.718 167.116
201.016 133.844
228.483 132.219
215.511 132.187
226.566 174.394
222.061 152.512
224.568 141.690
204.379 164.527
225.458 161.284
227.771 149.883
221.803 146.690
240.992 144.477
231.788 170.226
243.166 162.338
228.775 158.329
236.890 176.088
222.909 163.595
213.225 138.753
232.713 134.420
228.378 139.658
205.006 166.123
235.185 151.340
205.355 135.519
198.389 176.264
209.429 162.325
223.974 152.534
238.129 154.604
217.871 153.992
222.592 153.218
233.607 134.680
218.293 141.466
225.622 174.649
235.808 132.563
240.980 167.876
217.110 148.093
230.418 139.472
218.625 141.899
242.143 138.845
232.418 172.561
211.670 174.902
207.464 165.248
222.974 162.909
216.169 170.990
211.588 139.854
229.193 145.162
223.640 160.525
209.306 158.325
234.103 135.540
215.295 163.837
241.855 140.483
241.884 149.985
218.493 153.632
241.201 175.716
213.211 133.534
235.973 171.306
217.726 159.151
235.632 163.025
216.176 147.185
241.318 174.904
230.110 143.622
239.440 145.825
241.092 176.261
199.505 144.740
240.230 175.549
224.162 156.743
208.008 176.848
239.000 150.322
241.153 132.477
212.166 171.859
221.877 172.054
207.543 144.225
207.023 134.342
225.227 173.615
205.440 137.537
225.016 152.012
227.470 135.922
238.602 174.050
222.308 169.439
229.125 136.882
225.297 140.786
223.747 168.773
235.059 134.691
198.326 137.281
197.881 168.175
240.557 151.450
208.605 152.420
200.297 167.037
210.164 163.093
198.925 169.030
220.924 147.218
216.295 155.396
212.764 159.348
223.213 145.707
220.111 155.124
233.332 138.152
234.752 156.372
221.207 174.663
222.413 133.123
212.352 160.364
210.136 137.911
239.986 145.845
198.981 168.747
223.289 144.019
228.059 164.628
240.809 140.346
240.432 160.288
217.615 162.560
210.203 152.433
473.433 239.403
115.651 63.884
353.187 480.107
425.003 112.642
350.803 381.305
450.063 59.345
176.228 17.337
406.509 439.695
74.728 101.772
113.011 390.458
276.402 76.030
120.412 439.609
486.489 62.589
459.465 81.670
37.391 36.526
469.859 426.440
439.050 64.543
475.313 99.112
201.772 472.339
101.149 123.858
110.516 48.297
460.801 383.906
241.718 492.363
113.493 57.288
14.042 45.618
49.510 104.725
61.988 408.719
76.216 124.367
108.666 4.370
59.350 169.557
481.641 494.883
272.201 462.692
81.271 353.885
333.112 96.241
2.051 58.973
96.386 367.711
147.348 94.705
29.470 363.395
446.516 402.763
327.214 422.435
478.140 40.785
11.658 101.230
478.861 45.355
249.222 434.052
360.092 453.692
493.082 418.828
17.541 462.733
1.482 58.222
37.534 197.566
98.851 387.157
424.892 493.812
294.888 84.194
244.990 63.936
426.494 143.992
86.819 340.282
144.071 61.854
201.577 10.264
472.222 461.264
27.807 477.343
422.391 329.001
426.768 214.106
22.541 62.110
151.910 56.486
401.169 131.964
180.378 457.382
62.153 137.414
417.147 442.908
454.085 463.078
175.591 22.881
97.108 120.527
444.022 29.683
293.087 22.142
10.173 67.387
23.957 85.244
474.692 92.144
467.845 334.775
444.159 74.777
374.941 429.467
17.232 90.300
152.280 19.240
497.014 130.638
142.668 426.235
437.023 440.375
464.510 342.924
495.578 280.109
374.738 424.094
40.055 81.520
400.244 88.142
281.533 429.129
48.435 479.455
445.525 257.997
299.931 440.048
423.618 435.937
467.548 139.226
48.202 64.860
74.955 494.832
388.484 447.717
274.574 47.468
461.242 292.946
5.523 83.533
180.159 36.127
10.170 398.388
84.328 431.267
394.248 17.607
102.085 468.599
420.838 99.005
439.995 213.385
207.377 13.455
301.599 441.607
235.487 3.686
463.278 230.734
33.593 60.021
473.565 427.557
416.405 166.942
98.886 177.725
435.687 124.948
59.669 449.553
37.281 432.286
147.378 465.519
413.267 404.744
339.995 458.577
46.966 423.127
30.441 473.688
382.950 490.509
366.439 99.433
451.919 256.027
55.833 480.169
