100 2
25.000 25.000
45.564 31.241
43.956 33.232
44.821 31.276
48.625 24.462
44.622 27.034
45.860 33.852
42.246 30.249
47.141 26.230
41.836 28.980
45.458 31.143
45.629 31.485
43.006 25.770
41.814 28.019
40.043 29.468
41.010 26.436
45.828 31.023
41.769 25.860
40.472 31.522
44.015 32.242
48.149 27.273
25.253 43.907
27.062 45.222
23.363 44.157
29.119 41.378
28.293 42.502
24.543 40.853
21.468 43.495
27.738 40.217
25.120 45.846
23.777 45.736
29.198 47.448
25.248 49.699
25.287 44.535
20.554 47.268
21.396 49.803
26.429 44.654
21.089 44.540
22.631 45.844
25.236 48.143
20.275 48.314
5.087 31.968
7.857 26.763
0.868 23.385
6.663 31.668
8.624 24.675
0.791 30.797
3.668 31.951
3.932 31.284
8.951 26.870
9.761 25.077
6.043 28.259
4.511 23.057
3.134 30.703
5.737 32.031
3.240 31.577
0.361 30.336
1.009 31.720
2.366 30.742
3.680 28.452
6.242 30.721
1.195 24.347
20.912 8.650
24.826 5.257
22.179 6.929
24.187 5.176
20.727 7.961
18.734 2.035
19.952 4.691
18.397 2.629
21.786 9.755
27.511 7.316
27.360 2.661
21.067 5.804
23.521 4.594
24.636 1.621
20.388 6.580
19.938 8.934
23.011 3.703
21.151 5.023
18.521 2.782
24.658 2.039
26.946 0.420
20.153 3.283
19.056 4.599
44.449 42.736
2.575 39.879
11.492 46.782
41.354 9.496
13.747 37.846
46.443 44.484
2.931 14.190
11.721 13.420
37.275 6.103
40.224 10.850
4.765 10.361
38.936 41.592
38.478 2.497
46.399 48.929
42.165 10.772
