50 3
12.500 12.500
20.980 16.139
22.971 21.129
23.566 22.420
24.569 15.821
25.000 16.571
22.556 18.720
21.156 18.737
25.000 21.433
25.000 19.547
25.000 21.729
25.000 21.973
20.607 14.526
11.160 25.000
9.230 25.000
14.635 24.593
13.370 23.671
10.073 25.000
13.587 23.748
11.846 24.993
14.638 25.000
9.176 25.000
18.047 20.906
13.298 23.133
9.892 23.506
13.921 25.000
0.000 14.509
2.894 16.799
0.000 14.886
1.994 12.077
3.913 17.389
4.977 11.106
1.999 17.051
11.077 0.000
18.707 3.288
13.820 0.000
13.122 0.004
15.024 0.000
17.151 0.000
10.984 3.608
11.000 4.310
19.979 18.622
23.571 22.666
5.780 0.312
4.029 14.763
4.923 19.029
0.398 4.595
19.535 2.900
1.247 18.307
19.474 24.415
