500 2
125.000 125.000
168.471 135.455
173.254 123.098
180.001 135.792
169.296 139.956
163.618 128.064
176.490 126.662
180.814 129.889
177.439 129.005
182.370 118.364
186.111 120.770
185.697 133.935
164.022 136.205
184.109 119.624
174.915 126.240
172.768 120.528
183.592 134.808
179.669 121.161
167.819 132.191
175.785 131.999
179.519 123.727
176.452 136.437
179.856 133.181
166.654 140.433
182.053 134.341
179.241 121.677
185.298 126.446
178.680 118.121
185.550 125.713
174.626 138.092
165.124 129.247
181.816 135.564
165.411 129.920
176.971 133.987
183.391 136.284
174.465 132.066
184.802 134.882
172.108 125.375
163.567 134.884
165.885 140.065
183.603 138.980
183.713 133.206
166.500 123.511
183.401 130.477
177.489 130.130
186.138 137.878
180.633 128.683
166.591 129.020
164.698 135.422
185.030 121.999
165.112 134.096
185.546 123.925
183.243 133.330
183.497 136.055
174.777 132.200
182.124 137.130
178.803 131.002
164.153 132.265
170.543 120.674
174.263 120.072
167.518 131.472
169.386 137.271
167.703 125.762
183.514 134.163
165.125 118.236
175.167 138.430
173.876 130.045
179.454 125.366
174.031 140.272
165.296 139.911
175.587 136.292
177.944 123.137
173.542 131.833
176.459 121.608
178.069 139.690
166.744 118.465
177.414 122.881
168.261 123.431
168.960 118.063
163.981 130.895
166.667 135.374
185.293 129.911
174.303 124.216
169.546 123.517
164.244 137.425
177.988 125.323
175.952 120.671
184.342 135.475
176.000 137.386
180.773 122.036
183.400 137.551
170.697 131.385
164.323 129.032
171.471 127.448
163.747 136.627
173.824 121.372
176.469 121.597
164.634 124.587
169.503 136.817
169.452 133.613
169.828 133.300
181.905 138.175
173.978 120.780
184.452 124.887
172.105 118.272
178.697 132.003
173.540 140.392
180.781 129.880
182.892 133.645
174.331 132.756
166.244 139.038
176.833 133.163
176.614 127.236
172.978 128.638
184.220 139.049
185.692 130.789
174.669 138.152
174.192 127.372
182.190 130.649
168.498 132.780
180.866 120.696
181.629 125.013
182.232 122.320
183.653 129.684
173.249 130.741
182.300 117.987
171.950 118.897
172.476 123.323
180.453 134.880
180.605 131.894
174.145 121.746
178.267 137.471
176.971 130.545
180.614 136.749
165.481 128.738
179.940 134.862
182.170 136.044
179.889 123.413
180.711 122.027
171.148 138.554
183.155 120.679
178.106 125.313
183.244 126.845
166.083 133.823
171.424 132.941
182.280 131.130
169.272 133.163
184.762 135.809
184.520 128.201
181.220 130.166
185.008 120.606
184.426 131.408
180.777 132.862
171.635 139.672
163.905 132.988
170.994 123.075
179.867 139.955
163.767 120.610
172.985 128.796
175.809 121.640
174.676 128.385
168.119 126.810
180.921 128.501
168.657 120.703
172.753 126.956
110.287 178.225
112.356 161.743
100.362 161.964
99.758 160.254
92.983 174.673
106.232 178.755
106.492 164.386
96.925 162.675
109.160 173.007
93.928 169.974
105.100 159.833
104.930 161.184
110.998 168.976
106.345 162.803
99.803 161.139
94.978 176.967
99.900 171.781
114.540 167.702
96.162 172.841
93.990 174.390
109.137 163.064
96.101 160.394
97.849 177.983
97.793 166.017
109.690 180.821
96.046 178.356
113.296 167.737
105.605 171.056
93.440 179.625
107.292 159.788
109.590 169.076
112.085 178.331
114.313 180.309
105.299 162.895
113.011 161.519
113.366 163.155
103.132 172.416
114.012 170.511
101.396 166.717
93.333 166.581
96.238 178.863
109.670 174.666
95.314 181.035
112.117 169.364
92.880 169.161
92.701 168.408
107.882 162.617
101.164 162.759
113.957 177.271
94.135 176.891
105.110 175.134
106.837 177.822
103.367 167.866
97.531 172.624
102.401 173.258
98.877 166.493
97.241 165.008
94.253 162.616
113.481 179.140
97.163 179.111
108.153 163.587
113.982 169.000
96.385 168.965
94.052 174.099
100.854 181.011
112.154 173.640
108.852 160.354
108.626 179.575
107.488 179.056
99.327 177.496
105.059 180.161
111.271 170.137
105.155 162.593
107.396 176.819
112.962 179.028
100.602 158.913
94.920 169.302
109.789 173.884
101.587 161.508
96.616 179.676
93.369 164.670
96.819 162.180
103.326 164.860
97.410 181.316
106.907 167.598
101.977 167.902
112.464 180.080
114.464 166.642
112.345 160.715
92.740 181.009
112.717 178.619
100.894 162.912
93.375 168.649
112.825 162.575
107.592 159.642
105.741 160.463
109.182 167.586
100.174 177.166
101.574 168.661
98.583 170.302
108.635 165.296
108.963 164.378
101.147 160.254
108.327 164.605
101.455 178.347
97.089 170.302
101.558 166.836
108.333 160.427
94.459 175.555
109.793 173.805
101.243 173.278
92.322 164.808
114.348 166.771
113.069 160.448
97.466 170.073
96.337 163.028
103.078 178.992
97.185 165.364
93.084 163.981
109.420 162.207
93.375 176.832
92.526 173.347
106.437 177.830
102.227 170.818
96.199 174.486
104.825 175.048
98.202 164.279
98.520 176.248
113.854 177.516
99.222 168.271
94.284 170.356
112.622 179.285
114.514 172.956
93.921 161.814
104.291 170.508
102.875 180.954
107.927 177.946
111.381 161.681
95.511 173.292
109.457 180.577
116.862 81.442
117.509 71.783
116.969 82.739
103.777 89.207
99.314 78.576
104.561 78.311
97.829 85.324
103.851 78.364
113.673 88.490
108.448 87.504
117.451 66.848
109.632 71.630
117.850 68.506
113.211 71.134
97.859 79.634
106.198 70.880
119.048 88.886
108.949 72.359
101.367 85.904
108.312 68.164
103.314 84.458
116.912 82.583
111.455 75.128
106.874 70.062
104.571 69.222
119.134 74.836
111.524 82.809
100.602 89.300
97.442 77.753
116.002 73.286
105.836 88.230
101.659 87.794
110.240 70.530
109.462 83.232
114.453 86.155
99.053 85.964
114.522 76.511
104.799 88.773
115.508 82.636
106.272 81.318
107.060 76.900
111.362 83.667
102.532 77.016
110.911 73.481
113.184 88.118
115.615 68.943
116.932 76.503
108.830 88.347
109.443 71.613
109.578 87.623
97.683 77.239
112.078 71.273
108.275 84.692
105.844 81.716
108.886 88.009
112.784 73.202
105.302 80.362
116.677 76.529
110.635 82.832
96.840 71.024
99.031 79.403
104.881 79.264
111.646 71.194
103.715 75.378
97.652 73.675
117.922 68.406
114.382 75.421
101.715 77.321
105.256 68.611
107.274 77.157
118.195 69.331
112.844 70.022
101.829 88.129
105.783 75.032
98.910 75.805
106.319 67.112
108.004 71.933
104.645 73.254
118.879 74.485
109.668 88.847
114.249 74.633
118.928 79.135
104.041 70.794
102.063 82.636
115.055 72.404
112.381 81.202
118.032 82.469
98.621 85.468
118.509 71.604
112.697 82.215
107.519 73.957
104.802 84.347
106.040 79.394
118.744 69.716
108.673 84.843
112.247 85.019
111.467 78.612
116.083 83.172
109.757 81.001
99.763 68.367
96.855 80.654
99.749 82.916
111.043 78.171
101.057 81.389
99.114 79.067
113.980 74.732
99.472 87.283
109.017 88.437
97.094 67.214
108.449 76.627
106.885 68.438
112.802 84.779
98.698 82.455
107.052 82.215
115.741 84.454
103.783 79.752
97.162 79.738
103.091 72.536
103.203 85.754
107.299 80.273
99.188 77.672
188.220 203.008
141.854 20.352
194.731 48.817
242.750 32.695
36.807 56.608
190.874 34.713
196.371 211.445
27.295 24.441
181.170 38.323
210.989 240.775
151.505 211.442
156.187 226.034
247.110 113.445
205.233 208.731
231.861 221.833
115.923 223.314
237.179 32.339
127.836 226.431
85.397 219.395
12.903 92.886
226.389 136.101
186.556 241.032
223.565 85.443
190.309 185.473
36.015 28.070
191.406 173.979
148.830 37.835
190.833 53.964
240.400 186.774
57.444 26.195
245.460 49.243
65.689 53.694
29.574 82.013
222.103 186.726
6.039 233.991
39.582 242.421
176.228 199.583
162.439 223.554
19.227 29.222
224.023 4.535
45.251 96.672
72.805 219.749
26.621 120.818
15.860 130.027
222.006 5.994
108.519 238.183
29.200 233.874
241.626 72.543
180.159 226.426
22.528 208.190
53.977 224.470
59.134 195.745
248.024 242.156
238.935 110.876
11.165 129.355
243.906 155.961
204.021 70.711
25.715 56.585
215.603 67.232
232.736 228.406
38.072 25.431
28.537 68.934
73.652 35.759
201.720 30.077
228.755 104.569
13.447 54.870
73.156 0.271
189.313 232.329
172.176 50.276
47.536 162.647
181.690 5.660
95.041 17.729
134.825 19.952
197.285 45.232
