5000 3
1250.000 1250.000
1786.027 1447.781
1846.169 1360.357
1630.283 1386.251
1652.334 1465.908
1762.044 1274.231
1725.811 1435.441
1730.445 1390.418
1801.905 1418.219
1739.759 1428.369
1799.485 1367.224
1739.177 1458.561
1660.083 1451.644
1742.012 1412.667
1820.487 1300.871
1822.209 1404.729
1629.327 1360.699
1742.272 1265.653
1843.280 1479.728
1834.300 1303.124
1827.426 1479.944
1834.859 1285.229
1636.028 1324.937
1719.579 1467.607
1839.316 1287.713
1653.263 1313.963
1644.907 1385.595
1801.826 1447.773
1677.550 1295.467
1801.052 1399.521
1748.998 1436.816
1631.094 1428.636
1751.172 1360.552
1704.279 1387.023
1639.371 1281.789
1815.022 1426.765
1688.427 1305.239
1827.992 1342.806
1781.567 1468.177
1808.261 1413.217
1839.057 1364.202
1751.873 1439.841
1766.878 1370.799
1702.740 1352.543
1766.725 1313.886
1684.765 1349.604
1790.017 1277.244
1777.611 1384.927
1636.886 1317.611
1828.620 1315.902
1663.592 1425.853
1655.127 1343.194
1775.946 1281.732
1740.259 1351.653
1793.575 1435.555
1751.260 1359.149
1770.411 1453.053
1846.246 1346.301
1664.276 1466.962
1757.412 1280.814
1714.057 1391.542
1757.044 1320.292
1825.724 1462.944
1684.409 1442.188
1735.164 1380.359
1655.381 1346.294
1775.874 1347.209
1713.085 1459.726
1684.264 1370.470
1769.039 1441.017
1690.130 1445.926
1768.400 1256.983
1712.365 1383.844
1675.140 1401.927
1728.205 1412.641
1806.042 1473.861
1635.598 1363.859
1839.000 1254.853
1817.728 1420.241
1715.412 1469.099
1763.375 1405.071
1832.436 1402.410
1634.249 1462.654
1760.025 1344.194
1843.848 1297.809
1669.428 1365.720
1731.082 1255.464
1701.737 1377.892
1732.505 1447.655
1791.859 1442.921
1822.628 1424.431
1818.019 1434.986
1800.225 1455.548
1652.194 1397.458
1831.732 1256.592
1745.037 1263.706
1761.265 1278.910
1702.866 1399.711
1645.010 1402.629
1751.089 1344.696
1790.127 1469.326
1679.994 1293.740
1775.061 1368.016
1709.996 1324.686
1653.656 1356.905
1669.828 1439.890
1771.850 1334.742
1644.681 1399.758
1628.805 1416.524
1772.897 1430.175
1782.252 1268.204
1843.920 1396.623
1673.378 1327.006
1844.006 1301.143
1683.242 1466.918
1754.712 1285.795
1717.703 1275.497
1678.454 1325.977
1831.224 1376.144
1838.797 1304.785
1648.446 1403.185
1757.005 1380.267
1663.794 1278.634
1678.362 1440.569
1834.375 1475.087
1640.036 1346.224
1727.512 1410.304
1787.327 1443.872
1800.373 1270.136
1827.478 1480.698
1844.109 1307.920
1789.788 1276.067
1699.088 1427.401
1848.412 1407.137
1642.657 1450.319
1827.129 1447.331
1769.769 1347.380
1640.743 1412.072
1655.737 1316.709
1804.495 1428.837
1775.464 1345.170
1674.881 1422.225
1647.882 1445.830
1849.300 1357.418
1781.584 1361.567
1622.796 1285.111
1692.040 1410.752
1638.902 1329.390
1670.582 1448.295
1624.972 1475.796
1809.648 1294.416
1752.560 1369.013
1779.425 1285.555
1769.644 1333.460
1756.910 1324.587
1626.443 1270.073
1757.217 1399.775
1784.096 1298.477
1643.190 1344.435
1629.037 1444.048
1625.029 1265.234
1830.889 1311.483
1738.456 1317.887
1703.291 1286.888
1714.839 1423.791
1666.745 1324.785
1713.257 1466.803
1694.570 1334.265
1643.490 1302.120
1814.622 1266.617
1721.715 1372.594
1650.178 1422.046
1840.470 1314.410
1707.673 1282.405
1812.718 1368.772
1726.384 1454.543
1750.148 1378.151
1689.534 1424.980
1661.205 1349.224
1686.301 1338.409
1788.635 1398.799
1821.517 1331.709
1734.191 1326.501
1710.255 1466.865
1707.049 1364.960
1843.776 1402.382
1690.302 1320.232
1647.167 1339.928
1781.067 1368.644
1718.235 1472.048
1721.717 1440.217
1743.193 1410.176
1671.188 1471.384
1641.230 1346.795
1695.322 1265.565
1837.163 1354.669
1690.255 1410.970
1848.716 1355.568
1732.225 1421.545
1819.940 1480.631
1738.975 1322.330
1665.731 1315.279
1720.591 1424.270
1662.323 1456.861
1737.030 1310.440
1657.149 1393.925
1681.873 1326.929
1629.845 1426.207
1811.109 1374.675
1830.586 1345.812
1808.187 1389.209
1676.151 1415.327
1649.318 1436.700
1685.791 1258.723
1738.934 1462.279
1741.194 1402.137
1743.335 1478.972
1793.095 1273.786
1805.353 1398.093
1832.816 1437.527
1672.330 1316.355
1784.341 1301.731
1627.940 1389.040
1840.237 1292.271
1662.533 1415.844
1812.252 1479.772
1634.890 1284.709
1647.275 1365.351
1683.788 1423.130
1660.629 1293.079
1677.763 1317.955
1633.057 1450.103
1802.206 1355.045
1817.439 1309.890
1781.611 1349.123
1711.811 1405.942
1706.705 1294.292
1784.520 1344.114
1732.095 1353.263
1684.894 1256.853
1790.409 1437.629
1804.917 1373.138
1792.079 1364.818
1806.634 1405.255
1774.868 1357.436
1659.603 1416.164
1748.406 1354.759
1735.176 1445.289
1830.626 1379.893
1661.172 1361.643
1825.173 1342.894
1777.671 1328.165
1761.184 1366.532
1623.771 1345.533
1844.494 1342.103
1635.464 1347.209
1785.034 1305.611
1681.771 1443.336
1773.728 1337.432
1811.175 1443.859
1636.052 1273.052
1690.634 1288.181
1692.684 1287.877
1756.860 1361.357
1663.575 1291.867
1780.175 1390.382
1706.957 1396.331
1810.092 1296.610
1716.026 1261.053
1808.378 1368.553
1739.710 1284.840
1704.276 1283.852
1681.765 1321.856
1719.002 1451.968
1658.749 1294.486
1727.833 1386.035
1674.958 1335.076
1674.966 1341.592
1831.693 1365.533
1816.681 1289.154
1701.443 1476.567
1695.383 1374.506
1655.611 1319.472
1672.629 1466.138
1791.430 1294.621
1650.157 1302.365
1720.325 1407.756
1636.014 1462.554
1721.706 1357.803
1837.901 1436.100
1770.615 1446.468
1650.015 1299.071
1719.962 1336.055
1696.304 1402.241
1750.170 1458.847
1770.367 1317.898
1845.462 1429.547
1646.252 1318.027
1844.922 1435.686
1845.500 1404.310
1654.058 1431.622
1724.547 1402.492
1745.042 1438.795
1723.939 1289.100
1769.011 1428.261
1640.826 1303.518
1839.980 1257.369
1768.479 1422.632
1641.706 1314.307
1811.796 1304.196
1716.032 1414.108
1783.640 1392.742
1698.657 1299.125
1705.402 1449.083
1787.408 1339.299
1659.410 1419.905
1629.011 1357.251
1829.789 1307.323
1645.838 1426.711
1628.277 1425.757
1635.654 1448.499
1671.634 1337.916
1795.278 1308.026
1772.133 1375.022
1765.122 1385.553
1629.371 1380.761
1703.385 1366.112
1669.599 1282.169
1764.170 1404.262
1786.363 1479.690
1849.676 1417.967
1779.373 1410.474
1714.146 1349.068
1666.204 1325.230
1816.525 1387.427
1774.506 1480.565
1682.410 1313.904
1642.843 1425.634
1846.700 1434.359
1847.517 1411.836
1752.909 1420.236
1739.339 1389.454
1710.197 1362.595
1809.226 1378.690
1715.170 1412.510
1629.023 1468.349
1642.559 1394.349
1711.720 1328.841
1644.409 1375.576
1797.944 1262.773
1790.426 1442.945
1681.538 1362.334
1686.904 1464.834
1624.933 1404.085
1679.082 1332.222
1685.396 1335.863
1687.444 1298.886
1790.233 1276.714
1808.190 1382.366
1825.924 1336.314
1713.003 1398.614
1785.417 1468.738
1735.962 1323.913
1635.836 1351.330
1645.231 1368.325
1725.871 1289.259
1842.379 1340.587
1830.047 1257.996
1707.560 1337.971
1673.086 1477.697
1694.925 1272.094
1752.312 1438.401
1714.067 1291.228
1835.796 1394.869
1839.040 1253.865
1666.540 1338.283
1762.717 1375.263
1654.385 1391.894
1768.853 1329.407
1768.246 1442.995
1706.614 1281.491
1638.040 1414.770
1747.942 1318.764
1728.545 1401.605
1685.103 1301.219
1634.545 1452.630
1670.127 1336.462
1841.917 1382.356
1846.469 1377.300
1660.541 1273.269
1681.476 1268.354
1825.719 1317.609
1626.652 1382.873
1769.311 1362.456
1844.276 1351.830
1805.504 1272.341
1723.929 1290.735
1763.128 1448.358
1662.285 1281.876
1702.024 1279.788
1841.778 1446.850
1723.379 1332.712
1713.582 1448.862
1782.354 1411.242
1758.380 1477.944
1692.538 1398.689
1758.213 1344.747
1719.342 1378.379
1676.560 1435.135
1672.183 1316.582
1800.454 1317.319
1710.888 1387.425
1817.060 1281.411
1832.661 1261.013
1755.051 1384.830
1806.485 1427.130
1828.659 1281.075
1798.290 1276.908
1662.358 1295.385
1717.513 1285.181
1843.528 1362.910
1814.858 1404.088
1730.649 1424.905
1774.756 1387.570
1826.063 1450.802
1754.611 1369.902
1765.045 1382.632
1738.248 1469.536
1742.852 1348.782
1722.364 1402.989
1747.515 1329.145
1635.569 1348.714
1668.153 1274.628
1831.492 1441.473
1646.161 1260.225
1844.658 1422.814
1808.774 1350.348
1779.216 1413.732
1819.537 1352.183
1688.455 1461.580
1807.429 1326.375
1715.410 1371.194
1765.745 1463.684
1797.223 1426.294
1836.264 1353.012
1757.832 1475.403
1784.657 1363.657
1830.306 1285.404
1734.446 1460.280
1770.356 1460.011
1696.632 1422.840
1700.617 1388.586
1724.845 1288.836
1762.624 1457.115
1783.543 1254.692
1643.175 1340.091
1763.246 1272.944
1772.083 1468.953
1688.863 1436.182
1737.716 1371.201
1827.210 1295.282
1778.337 1375.629
1833.462 1264.145
1757.250 1407.467
1816.809 1386.027
1813.431 1256.261
1746.365 1457.115
1750.489 1369.543
1816.231 1354.167
1660.097 1447.608
1731.893 1308.873
1670.378 1413.414
1784.692 1419.978
1840.691 1276.020
1632.028 1372.378
1624.853 1455.627
1779.276 1270.735
1846.992 1381.389
1644.138 1296.709
1802.044 1464.887
1806.452 1457.068
1728.475 1285.149
1835.362 1446.402
1716.987 1467.444
1741.418 1455.417
1794.899 1439.336
1710.856 1370.620
1767.783 1366.492
1838.257 1400.681
1836.567 1321.998
1738.445 1356.331
1732.646 1285.619
1677.365 1399.271
1687.460 1266.594
1839.220 1387.114
1747.986 1348.131
1762.518 1266.386
1699.180 1309.929
1639.434 1351.171
1801.431 1299.538
1843.273 1260.146
1642.462 1478.220
1785.686 1406.365
1661.392 1301.090
1713.635 1341.968
1726.418 1418.584
1647.904 1303.073
1631.651 1434.488
1833.173 1434.311
1668.656 1395.432
1623.054 1326.477
1639.075 1427.362
1740.818 1350.619
1824.794 1259.561
1724.549 1347.676
1712.906 1442.781
1761.897 1424.584
1794.410 1453.814
1682.814 1413.365
1818.446 1274.244
1640.386 1268.204
1661.394 1271.140
1749.268 1464.226
1712.500 1468.274
1794.537 1276.339
1757.370 1380.654
1777.936 1473.924
1695.778 1269.953
1778.625 1277.024
1661.045 1353.440
1667.215 1396.144
1747.147 1399.583
1623.588 1395.289
1657.460 1470.042
1765.868 1321.120
1628.595 1392.164
1714.757 1273.866
1738.887 1258.803
1844.465 1299.801
1663.581 1364.050
1789.335 1301.520
1849.608 1388.459
1735.376 1324.758
1744.844 1360.625
1720.763 1461.686
1673.934 1424.036
1752.346 1286.898
1684.075 1372.379
1791.043 1382.439
1648.002 1296.265
1829.141 1282.602
1750.928 1349.308
1725.527 1259.363
1665.489 1420.204
1745.093 1278.308
1711.114 1394.648
1693.751 1297.444
1737.469 1362.213
1828.940 1294.641
1714.823 1340.976
1757.301 1285.060
1800.117 1354.973
1806.322 1434.025
1785.664 1464.387
1820.119 1300.143
1845.084 1326.936
1809.381 1277.878
1636.033 1467.467
1775.529 1433.582
1653.019 1410.774
1684.190 1270.488
1779.580 1325.190
1843.439 1284.971
1756.457 1407.691
1792.362 1433.195
1750.887 1287.472
1690.505 1435.745
1776.910 1348.308
1809.737 1278.474
1783.560 1449.982
1718.133 1288.386
1634.252 1393.235
1794.307 1448.341
1639.263 1325.227
1681.206 1393.939
1689.370 1376.871
1769.958 1451.992
1776.689 1440.046
1758.964 1377.893
1830.481 1393.185
1834.304 1435.557
1658.227 1462.815
1815.151 1408.790
1726.996 1296.554
1766.646 1382.076
1804.619 1334.448
1623.738 1340.164
1815.959 1318.889
1735.580 1365.877
1759.094 1289.447
1783.208 1390.189
1843.870 1430.107
1649.889 1296.425
1828.339 1288.323
1770.806 1270.165
1843.658 1394.872
1672.133 1388.518
1679.360 1331.577
1722.406 1380.685
1650.308 1259.757
1651.273 1320.189
1815.213 1313.214
1748.135 1436.210
1690.682 1437.172
1824.918 1298.270
1791.522 1320.345
1820.285 1282.861
1668.834 1441.153
1712.862 1410.585
1694.461 1453.589
1752.200 1320.991
1675.478 1342.031
1809.076 1271.016
1627.502 1363.736
1836.477 1426.824
1815.275 1393.116
1674.238 1316.674
1739.344 1287.438
1764.988 1385.055
1705.757 1430.434
1785.119 1371.432
1824.114 1317.739
1685.633 1436.983
1644.320 1404.775
1679.347 1403.111
1700.127 1417.737
1677.610 1427.605
1817.615 1452.943
1791.679 1391.932
1811.619 1411.030
1760.883 1358.763
1813.634 1299.873
1759.932 1314.286
1747.497 1462.365
1699.417 1459.526
1658.711 1270.817
1638.721 1367.879
1739.529 1471.223
1828.882 1321.102
1768.541 1420.206
1683.759 1388.362
1728.017 1299.306
1694.514 1368.192
1789.255 1260.867
1653.448 1418.404
1713.510 1479.358
1750.540 1343.641
1849.271 1435.518
1650.241 1289.224
1692.215 1373.030
1749.534 1374.000
1767.304 1301.011
1764.229 1414.610
1717.067 1266.218
1672.844 1464.118
1798.329 1345.200
1741.541 1290.195
1649.231 1445.975
1840.210 1414.037
1652.396 1357.213
1698.454 1330.586
1765.295 1318.019
1655.376 1281.592
1775.922 1306.355
1812.407 1316.838
1817.461 1373.932
1688.918 1393.615
1776.434 1259.651
1816.246 1265.463
1685.857 1437.072
1759.135 1375.483
1690.445 1379.158
1825.313 1321.459
1634.331 1314.698
1659.582 1393.648
1711.761 1299.735
1722.173 1264.936
1722.267 1475.973
1745.048 1367.946
1754.848 1453.297
1761.414 1414.191
1715.001 1404.350
1765.118 1383.963
1679.347 1427.411
1664.057 1316.145
1658.580 1473.966
1758.217 1339.729
1685.543 1330.974
1694.169 1314.124
1739.823 1478.694
1820.624 1346.199
1819.321 1342.802
1659.953 1315.563
1826.962 1303.161
1833.351 1254.443
1717.548 1339.468
1648.665 1442.369
1677.527 1430.280
1752.196 1326.241
1632.566 1378.672
1839.302 1438.662
1705.155 1390.351
1628.312 1337.441
1840.504 1410.044
1643.521 1313.351
1672.446 1407.319
1746.882 1372.220
1745.145 1384.883
1746.549 1465.379
1785.630 1394.649
1843.798 1470.055
1721.578 1480.019
1766.328 1471.858
1720.392 1428.944
1825.692 1451.663
1643.161 1455.349
1747.933 1408.005
1799.186 1395.718
1682.019 1310.168
1679.649 1314.755
1802.324 1423.830
1796.648 1383.234
1813.021 1390.349
1708.974 1260.279
1643.676 1417.070
1728.744 1463.552
1797.998 1364.536
1829.011 1292.052
1673.311 1398.571
1774.390 1425.999
1650.962 1267.749
1775.270 1407.727
1742.732 1434.771
1793.728 1367.341
1650.007 1332.067
1808.974 1430.602
1650.040 1296.307
1835.978 1272.025
1809.868 1360.202
1640.581 1295.005
1676.908 1370.981
1785.963 1388.056
1736.968 1407.664
1628.144 1321.967
1713.479 1344.228
1764.675 1402.754
1669.227 1276.025
1736.946 1315.454
1841.064 1297.829
1646.323 1373.353
1787.114 1290.728
1809.759 1299.806
1710.178 1458.726
1722.672 1330.618
1779.066 1292.237
1807.840 1351.328
1631.108 1421.305
1825.682 1333.042
1775.430 1291.913
1708.290 1337.963
1633.707 1450.834
1718.827 1472.089
1826.695 1368.911
1685.376 1440.705
1815.331 1474.908
1670.225 1379.654
1742.210 1260.648
1645.413 1276.919
1845.115 1428.498
1749.438 1477.513
1834.407 1428.293
1632.171 1305.263
1834.302 1418.648
1840.965 1311.382
1638.475 1382.930
1758.027 1339.101
1722.573 1381.703
1787.882 1411.658
1635.539 1265.992
1733.380 1380.671
1741.243 1323.324
1740.453 1358.106
1824.566 1414.501
1713.425 1396.373
1822.089 1371.569
1699.099 1470.907
1664.214 1296.897
1753.437 1410.372
1754.917 1287.942
1672.292 1475.747
1738.087 1356.800
1662.703 1446.794
1683.911 1279.893
1672.430 1434.929
1670.990 1315.920
1828.365 1364.625
1836.942 1313.685
1674.630 1274.177
1628.703 1457.884
1636.670 1302.640
1823.474 1344.442
1794.731 1290.262
1776.298 1475.144
1707.830 1297.808
1634.403 1422.042
1725.409 1254.847
1721.155 1416.629
1678.319 1336.176
1687.462 1412.214
1824.504 1354.277
1678.329 1340.384
1843.945 1384.025
1725.323 1368.670
1655.405 1472.380
1738.293 1284.383
1787.804 1272.501
1846.448 1283.474
1831.943 1280.725
1788.566 1359.333
1626.202 1254.711
1714.429 1434.712
1677.645 1363.231
1727.313 1452.303
1794.287 1254.354
1814.389 1462.394
1805.383 1425.203
1629.259 1308.954
1676.124 1311.926
1815.445 1474.972
1830.784 1373.169
1740.094 1387.247
1820.289 1450.656
1632.378 1376.832
1735.872 1336.715
1800.360 1449.202
1745.334 1341.053
1661.210 1466.612
1650.565 1322.068
1717.055 1396.778
1680.332 1378.189
1628.659 1263.014
1631.106 1376.430
1791.327 1324.186
1646.948 1458.729
1819.679 1372.880
1646.327 1472.431
1677.591 1417.778
1790.988 1254.223
1634.941 1478.231
1632.332 1479.743
1799.963 1464.522
1815.948 1259.820
1837.051 1404.006
1825.031 1278.017
1636.260 1386.006
1827.000 1419.345
1712.549 1445.906
1790.720 1460.533
1757.215 1347.406
1791.210 1348.029
1761.702 1367.882
1690.610 1281.948
1736.154 1283.391
1645.586 1330.236
1812.700 1344.741
1663.450 1384.002
1810.074 1416.908
1625.776 1340.402
1836.372 1479.836
1771.264 1329.120
1697.446 1258.573
1662.680 1293.456
1806.833 1294.573
1628.687 1365.844
1708.732 1466.502
1737.465 1454.874
1735.059 1350.898
1837.127 1395.496
1678.267 1257.912
1704.485 1307.099
1822.443 1259.903
1787.110 1439.509
1810.721 1454.145
1712.846 1292.420
1842.548 1455.203
1805.126 1361.237
1811.167 1373.329
1825.569 1437.810
1836.925 1396.659
1802.535 1275.656
1783.864 1287.178
1770.636 1274.338
1723.932 1467.287
1762.418 1317.486
1754.441 1369.784
1655.982 1480.194
1656.185 1384.969
1786.116 1478.165
1649.151 1477.553
1843.138 1288.280
1749.290 1443.635
1748.162 1254.584
1788.173 1312.581
1760.668 1365.243
1665.375 1350.864
1796.596 1355.644
1665.068 1274.929
1634.114 1269.495
1641.195 1474.547
1767.180 1368.221
1725.906 1432.974
1782.944 1399.848
1714.753 1457.182
1833.078 1448.240
1776.039 1386.756
1741.446 1265.337
1662.938 1446.016
1680.707 1424.489
1672.100 1477.005
1838.890 1458.812
1681.841 1337.487
1663.011 1265.171
1629.303 1420.553
1730.431 1287.299
1659.055 1333.942
1832.316 1358.964
1701.199 1393.808
1651.965 1455.365
1800.605 1296.912
1631.420 1421.491
1755.432 1387.288
1722.434 1339.512
1829.209 1364.953
1793.677 1448.656
1751.841 1434.201
1848.781 1302.821
1636.263 1476.979
1832.379 1284.845
1834.880 1337.955
1654.198 1352.043
1738.544 1283.186
1700.738 1334.845
1716.524 1472.803
1732.006 1456.879
1705.699 1274.261
1823.343 1379.285
1679.217 1360.277
1655.137 1318.010
1722.870 1475.342
1656.202 1287.486
1709.813 1417.889
1682.393 1349.283
1840.268 1303.242
1651.595 1289.127
1791.030 1427.826
1784.520 1318.594
1655.086 1425.811
1809.827 1297.372
1623.157 1284.314
1686.687 1409.963
1648.734 1451.498
1752.738 1271.594
1764.276 1320.278
1636.521 1310.663
1670.283 1412.020
1782.102 1442.065
1795.384 1431.718
1792.315 1474.104
1693.802 1389.206
1737.863 1426.240
1753.770 1341.935
1748.462 1302.893
1797.276 1424.684
1838.957 1444.665
1671.521 1456.839
1624.970 1340.259
1685.214 1361.542
1625.745 1467.784
1731.734 1265.500
1664.628 1332.007
1844.873 1269.657
1656.398 1291.025
1848.753 1262.730
1658.613 1312.754
1661.944 1409.938
1762.610 1287.666
1756.449 1273.872
1629.971 1474.468
1632.994 1438.084
1788.695 1389.913
1641.172 1476.977
1710.282 1284.100
1700.986 1453.717
1681.635 1271.125
1660.932 1360.231
1817.494 1453.308
1691.665 1427.344
1720.109 1311.077
1759.279 1262.361
1722.496 1458.327
1836.491 1306.877
1679.680 1356.962
1645.628 1473.382
1634.930 1426.548
1793.780 1432.952
1669.464 1377.756
1673.069 1454.374
1788.451 1371.681
1834.430 1414.394
1813.121 1298.427
1680.396 1404.836
1669.438 1325.421
1811.909 1303.942
1832.720 1403.558
1698.047 1442.540
1826.797 1256.729
1658.770 1362.954
1679.689 1274.682
1771.764 1411.595
1670.761 1339.222
1696.387 1381.381
1649.631 1414.393
1647.570 1414.960
1764.408 1404.962
1669.325 1273.874
1827.587 1297.547
1702.593 1402.218
1712.058 1459.430
1841.990 1382.088
1784.758 1374.022
1627.217 1308.212
1774.513 1383.055
1741.083 1284.991
1847.582 1409.561
1848.503 1254.727
1809.216 1255.181
1745.927 1350.528
1821.490 1286.023
1836.112 1413.158
1786.642 1346.640
1773.880 1469.614
1655.810 1396.629
1736.496 1376.438
1836.106 1419.063
1845.248 1358.932
1705.970 1470.624
1787.844 1448.808
1637.329 1398.854
1792.675 1443.399
1702.737 1472.624
1677.156 1394.334
1793.002 1348.083
1837.539 1384.442
1773.274 1350.087
1719.158 1480.511
1688.222 1479.885
1774.100 1395.201
1664.466 1264.078
1835.736 1310.540
1708.822 1429.598
1651.406 1475.275
1843.527 1318.829
1718.217 1342.191
1834.222 1319.141
1812.340 1409.211
1749.292 1413.211
1756.044 1411.036
1803.990 1468.614
1724.603 1326.601
1726.680 1430.394
1754.216 1451.634
1692.763 1346.019
1640.362 1475.987
1751.842 1382.818
1814.398 1459.414
1795.005 1326.078
1729.173 1469.188
1815.121 1461.008
1789.278 1306.172
1635.085 1411.392
1712.400 1428.365
1667.611 1294.975
1838.087 1366.275
1769.875 1303.007
1789.481 1422.673
1732.911 1290.695
1793.502 1271.549
1793.703 1479.462
1627.295 1423.757
1750.930 1433.562
1695.975 1297.035
1682.402 1261.429
1641.807 1414.538
1699.736 1262.909
1791.413 1451.012
1800.750 1370.600
1774.709 1316.285
1710.271 1452.957
1835.915 1342.628
1668.203 1439.307
1298.225 1644.459
1195.021 1762.898
1371.159 1804.634
1318.462 1650.566
1239.203 1779.517
1335.957 1805.004
1381.752 1852.597
1342.480 1824.497
1215.241 1642.548
1382.037 1742.007
1227.582 1805.997
1297.266 1771.342
1328.067 1716.401
1250.149 1677.295
1301.435 1714.133
1176.312 1851.971
1259.205 1817.966
1371.308 1836.438
1277.327 1662.333
1321.540 1666.479
1190.569 1679.385
1355.209 1735.745
1324.656 1761.685
1302.682 1683.358
1184.145 1826.180
1228.849 1713.107
1226.265 1736.339
1269.581 1687.018
1353.172 1643.490
1271.734 1741.734
1381.241 1855.156
1256.548 1851.117
1384.212 1641.176
1269.221 1763.332
1268.141 1726.415
1288.984 1721.048
1283.990 1801.141
1376.897 1647.139
1192.135 1851.364
1299.219 1667.899
1292.804 1678.151
1276.298 1650.756
1394.171 1756.572
1335.855 1687.502
1278.025 1809.330
1380.166 1715.954
1351.887 1692.697
1357.578 1809.853
1307.357 1686.523
1199.471 1784.211
1198.651 1826.309
1254.051 1835.848
1177.488 1750.129
1378.110 1738.155
1401.241 1701.668
1363.005 1783.920
1322.954 1661.103
1309.628 1827.934
1332.588 1772.902
1223.844 1676.740
1190.025 1806.645
1244.579 1739.513
1344.491 1772.241
1357.805 1814.938
1258.715 1782.569
1213.031 1836.608
1315.615 1664.674
1383.602 1725.312
1199.735 1686.522
1211.762 1746.828
1208.325 1762.272
1178.551 1825.181
1281.218 1665.410
1189.878 1661.557
1374.298 1779.683
1319.343 1712.482
1325.875 1678.818
1349.770 1638.048
1259.933 1729.874
1255.693 1833.954
1312.998 1843.387
1301.327 1742.696
1364.522 1644.639
1239.798 1759.411
1314.332 1840.359
1373.277 1717.486
1308.589 1861.436
1210.963 1638.490
1294.333 1746.826
1236.443 1860.810
1177.962 1712.083
1216.773 1778.488
1277.454 1730.247
1366.188 1852.692
1253.230 1716.403
1378.485 1807.031
1345.251 1779.642
1232.746 1738.662
1284.882 1842.050
1235.448 1636.564
1238.789 1835.606
1303.855 1837.996
1205.824 1857.044
1371.208 1634.871
1220.467 1848.831
1297.299 1792.587
1183.889 1781.817
1301.962 1793.688
1399.131 1821.895
1366.625 1662.346
1215.194 1688.862
1326.793 1857.800
1380.552 1666.331
1233.845 1721.601
1326.314 1652.434
1330.893 1707.905
1318.039 1832.842
1346.213 1635.055
1353.271 1705.257
1395.051 1774.863
1358.972 1834.444
1362.257 1811.387
1232.510 1697.649
1307.961 1717.132
1369.165 1787.883
1396.001 1682.908
1207.963 1756.195
1399.535 1681.328
1289.371 1697.565
1185.158 1782.523
1296.656 1653.151
1178.222 1711.621
1222.540 1677.861
1219.823 1683.479
1222.734 1686.420
1272.150 1644.843
1215.831 1789.214
1398.457 1720.862
1363.671 1697.208
1350.039 1761.686
1263.237 1802.776
1338.693 1640.424
1378.393 1679.760
1379.740 1719.580
1314.071 1762.515
1302.820 1707.528
1359.617 1666.976
1399.870 1739.565
1333.421 1769.437
1315.223 1695.699
1238.023 1792.890
1306.073 1839.971
1388.128 1638.552
1195.847 1832.758
1340.993 1852.540
1244.800 1783.622
1367.701 1827.170
1381.754 1838.906
1177.814 1729.383
1177.565 1657.564
1222.244 1700.600
1247.060 1722.524
1211.744 1660.137
1210.516 1779.052
1339.634 1851.458
1330.373 1784.353
1360.848 1705.426
1221.887 1705.970
1192.056 1722.825
1348.664 1743.295
1289.604 1705.876
1382.314 1769.123
1344.509 1824.653
1303.992 1648.171
1348.504 1782.785
1387.458 1706.693
1287.764 1729.188
1295.041 1644.131
1184.729 1680.418
1318.673 1762.772
1252.072 1780.979
1278.670 1665.317
1322.485 1701.376
1226.038 1726.710
1279.517 1835.710
1357.921 1849.272
1215.346 1809.501
1223.299 1649.865
1375.192 1738.394
1330.072 1712.098
1181.904 1820.706
1258.891 1730.706
1378.860 1745.813
1294.253 1734.823
1399.291 1713.405
1351.315 1685.519
1368.156 1646.383
1198.630 1822.973
1323.861 1733.353
1251.744 1768.273
1243.370 1856.857
1340.027 1642.071
1263.655 1649.960
1248.696 1747.921
1326.007 1648.284
1242.843 1649.402
1264.609 1797.820
1215.274 1802.420
1196.701 1703.726
1264.232 1759.342
1296.544 1750.256
1358.224 1639.934
1370.515 1752.000
1291.909 1768.587
1390.314 1774.679
1258.055 1758.780
1381.873 1709.175
1269.352 1685.311
1396.992 1773.699
1290.626 1654.916
1236.098 1813.767
1392.897 1780.377
1359.096 1692.812
1385.935 1804.372
1271.711 1833.930
1297.573 1756.904
1290.361 1729.884
1380.485 1647.479
1298.776 1719.767
1397.905 1799.251
1272.465 1808.153
1338.762 1693.923
1240.912 1635.243
1378.839 1668.574
1375.327 1666.718
1191.349 1695.841
1327.826 1768.404
1184.027 1668.109
1280.455 1668.881
1294.391 1795.564
1257.840 1656.916
1342.336 1700.580
1310.936 1761.288
1334.597 1771.847
1337.005 1789.003
1227.154 1851.747
1356.001 1692.800
1268.707 1854.312
1206.530 1800.469
1192.053 1736.219
1307.585 1794.451
1327.752 1773.864
1261.533 1819.777
1242.797 1843.701
1182.136 1851.387
1381.100 1832.732
1297.182 1640.418
1204.484 1716.063
1326.471 1721.311
1324.236 1793.007
1312.300 1802.900
1228.949 1646.555
1257.602 1736.765
1190.069 1693.600
1295.459 1809.816
1288.105 1718.236
1247.410 1838.226
1333.921 1684.412
1320.361 1770.585
1309.028 1717.197
1243.074 1653.172
1215.984 1809.941
1240.503 1730.892
1212.169 1743.095
1289.606 1732.347
1306.526 1728.465
1370.633 1833.398
1392.351 1741.105
1291.584 1786.855
1367.764 1770.612
1246.554 1823.919
1399.169 1796.784
1316.949 1808.090
1268.280 1774.133
1302.243 1804.380
1197.536 1776.329
1227.840 1757.994
1227.429 1636.324
1363.674 1671.976
1321.883 1658.161
1381.839 1799.002
1193.753 1771.372
1379.053 1838.420
1392.628 1747.057
1220.291 1783.746
1315.230 1658.521
1347.786 1848.744
1373.876 1687.739
1309.081 1788.464
1262.081 1782.624
1358.478 1788.538
1396.025 1656.290
1236.182 1849.208
1347.012 1834.539
1189.947 1723.865
1197.445 1747.994
1374.042 1776.455
1277.369 1808.940
1291.505 1816.588
1234.879 1710.387
1191.250 1718.078
1216.785 1835.029
1187.981 1860.447
1233.162 1819.054
1306.739 1756.280
1246.806 1804.563
1219.002 1675.043
1347.735 1783.570
1205.584 1772.005
1402.110 1637.740
1222.804 1755.707
1231.558 1795.918
1393.011 1794.201
1305.078 1760.507
1186.583 1821.590
1293.249 1659.659
1373.779 1802.596
1350.180 1637.419
1325.945 1648.808
1335.195 1835.362
1250.700 1750.011
1289.540 1849.347
1292.359 1828.871
1257.287 1755.856
1380.445 1680.415
1394.246 1755.895
1275.575 1828.464
1307.586 1804.386
1262.897 1742.217
1288.052 1676.733
1226.900 1851.494
1274.659 1836.892
1256.845 1636.117
1183.850 1691.952
1350.008 1711.866
1206.696 1643.910
1312.858 1858.878
1254.736 1706.544
1199.109 1767.415
1273.820 1743.174
1183.119 1850.200
1195.098 1701.946
1343.109 1707.210
1283.150 1721.738
1384.557 1772.872
1232.518 1737.777
1390.445 1639.543
1203.642 1755.291
1393.460 1762.572
1308.357 1706.224
1224.899 1843.145
1263.425 1707.861
1187.253 1794.032
1297.898 1736.600
1346.097 1683.199
1340.588 1657.115
1304.315 1710.597
1387.531 1803.170
1364.753 1860.793
1197.544 1733.155
1296.988 1643.637
1202.128 1683.610
1261.871 1811.365
1359.782 1791.198
1367.947 1658.748
1363.852 1836.176
1324.266 1764.546
1215.212 1791.089
1327.326 1720.319
1317.564 1646.225
1333.324 1714.149
1279.169 1776.509
1256.470 1755.909
1355.638 1842.885
1394.126 1711.898
1260.746 1689.770
1334.573 1726.570
1315.275 1702.373
1276.283 1805.763
1268.749 1803.370
1202.888 1836.517
1370.606 1639.622
1383.792 1673.706
1303.818 1732.531
1196.810 1637.926
1317.563 1840.899
1258.168 1731.600
1396.608 1847.354
1325.983 1775.647
1302.274 1725.527
1378.455 1682.568
1253.157 1818.181
1328.780 1728.515
1234.052 1717.922
1277.643 1852.806
1382.798 1854.906
1182.783 1859.036
1264.170 1658.054
1322.631 1839.110
1227.479 1839.032
1225.661 1698.758
1308.409 1806.478
1304.795 1693.071
1179.076 1731.234
1244.614 1729.713
1393.983 1832.197
1357.735 1770.620
1277.630 1826.272
1286.661 1839.539
1351.187 1795.429
1220.106 1706.471
1240.794 1755.439
1247.207 1677.104
1292.299 1751.503
1245.586 1691.913
1341.226 1773.156
1208.790 1753.569
1369.878 1765.170
1260.037 1722.545
1338.328 1789.722
1189.069 1753.198
1253.072 1751.781
1362.889 1829.286
1334.710 1638.995
1206.708 1753.012
1253.723 1816.828
1271.820 1823.993
1355.635 1834.925
1195.685 1823.744
1226.505 1708.521
1227.277 1730.666
1195.249 1720.756
1374.873 1646.551
1314.215 1777.423
1280.757 1690.988
1399.585 1712.867
1189.897 1827.581
1266.983 1734.335
1381.002 1822.922
1362.114 1708.070
1386.115 1817.574
1179.981 1696.384
1387.579 1703.578
1368.853 1714.145
1190.992 1679.093
1182.936 1827.718
1355.835 1767.626
1389.511 1687.221
1395.962 1758.222
1333.412 1811.037
1257.645 1675.279
1230.571 1644.742
1247.070 1741.137
1263.063 1842.002
1348.096 1736.831
1401.567 1673.102
1238.362 1815.769
1364.416 1826.824
1181.542 1840.300
1223.269 1635.062
1187.549 1745.235
1359.349 1706.124
1280.036 1793.082
1396.758 1822.783
1240.968 1781.227
1190.103 1705.207
1256.870 1850.997
1269.896 1846.306
1282.887 1783.391
1391.978 1847.724
1209.718 1655.007
1317.492 1702.161
1248.996 1717.887
1281.126 1642.431
1285.858 1707.439
1292.021 1729.192
1395.659 1681.833
1387.787 1784.225
1182.906 1686.751
1374.551 1711.521
1214.558 1785.183
1245.791 1784.833
1334.182 1779.681
1297.828 1708.084
1331.674 1783.928
1306.225 1685.788
1239.728 1673.691
1344.704 1726.596
1250.833 1842.151
1218.545 1823.873
1328.763 1701.808
1367.621 1684.097
1288.066 1850.301
1255.613 1720.337
1345.312 1827.533
1194.732 1689.489
1255.676 1636.638
1275.893 1762.867
1332.824 1742.500
1390.938 1662.635
1254.517 1717.428
1278.125 1819.249
1396.823 1657.406
1239.125 1711.485
1209.058 1692.331
1303.244 1762.238
1361.447 1823.816
1184.002 1834.714
1267.657 1764.484
1270.385 1708.779
1282.751 1835.071
1336.351 1849.982
1258.667 1661.420
1319.451 1794.444
1340.895 1639.942
1288.400 1829.271
1350.068 1724.011
1330.652 1731.428
1391.619 1842.747
1218.114 1696.784
1231.202 1666.864
1276.398 1798.311
1273.002 1857.011
1332.454 1682.224
1218.027 1791.797
1288.199 1802.840
1363.427 1857.710
1361.614 1776.306
1248.722 1642.224
1260.089 1735.926
1374.761 1858.294
1272.395 1783.415
1277.586 1678.209
1294.064 1666.712
1346.269 1813.007
1368.698 1791.660
1374.118 1836.961
1370.493 1718.152
1392.636 1724.659
1276.626 1721.130
1212.185 1680.281
1237.516 1658.158
1352.693 1647.168
1203.407 1819.300
1179.903 1762.334
1279.494 1751.989
1372.991 1856.087
1203.136 1777.764
1223.232 1843.076
1337.302 1747.786
1308.769 1659.984
1389.739 1657.417
1335.680 1685.738
1391.017 1664.151
1265.470 1657.766
1307.657 1763.683
1319.205 1731.959
1193.198 1677.549
1349.820 1721.110
1184.297 1732.121
1359.374 1844.515
1305.177 1776.185
1247.437 1715.998
1316.982 1656.730
1272.964 1653.223
1252.362 1742.635
1231.704 1659.879
1335.505 1750.095
1189.659 1793.314
1255.907 1668.754
1319.311 1770.658
1257.697 1814.431
1333.502 1785.405
1198.762 1848.260
1342.192 1679.391
1358.879 1735.978
1375.412 1710.150
1196.783 1718.479
1347.752 1679.971
1374.832 1646.197
1182.639 1636.400
1223.123 1663.527
1306.767 1788.928
1373.456 1700.797
1264.413 1825.213
1394.726 1718.572
1343.714 1826.020
1304.260 1826.068
1341.496 1727.639
1192.876 1645.548
1204.695 1777.482
1179.625 1860.409
1320.217 1860.961
1190.580 1732.965
1270.871 1661.920
1351.309 1654.040
1261.368 1675.198
1333.334 1804.823
1349.754 1719.170
1363.933 1713.301
1335.605 1691.060
1192.695 1709.205
1263.448 1859.443
1279.452 1714.761
1210.690 1733.217
1301.161 1680.761
1241.776 1642.407
1262.879 1820.343
1236.202 1660.168
1381.415 1689.805
1288.388 1666.483
1317.959 1802.516
1264.696 1768.112
1390.403 1698.877
1335.601 1745.731
1203.321 1722.628
1270.438 1786.905
1368.762 1852.459
1243.964 1764.023
1250.539 1684.420
1188.561 1682.455
1337.774 1747.184
1230.516 1757.174
1399.797 1787.521
1248.449 1791.040
1229.143 1798.167
1320.432 1856.962
1211.627 1680.897
1258.426 1736.901
1260.611 1776.423
1196.337 1643.925
1310.711 1843.194
1340.660 1828.281
1318.038 1772.878
1284.695 1784.064
1242.074 1716.137
1202.446 1809.233
1177.313 1691.467
1277.765 1828.280
1209.820 1794.718
1327.856 1695.696
1289.055 1806.803
1390.681 1788.451
1387.241 1672.006
1347.341 1810.552
1315.687 1806.952
1189.359 1656.855
1331.417 1819.245
1202.814 1784.224
1186.546 1682.636
1380.467 1643.884
1260.892 1676.338
1354.784 1709.011
1285.929 1729.711
1194.185 1791.408
1229.911 1816.038
1335.744 1674.627
1332.433 1703.577
1252.457 1835.654
1357.219 1833.054
1271.115 1665.344
1180.220 1726.747
1191.415 1777.581
1328.169 1688.538
1235.411 1709.935
1360.880 1681.866
1320.250 1782.846
1308.018 1786.197
1281.795 1685.247
1307.306 1720.962
1238.506 1639.019
1208.974 1765.859
1207.953 1720.600
1365.431 1696.957
1224.540 1646.162
1282.441 1825.202
1272.966 1846.598
1215.668 1742.671
1214.767 1676.970
1314.145 1665.785
1181.239 1804.800
1372.498 1790.190
1322.654 1652.841
1252.840 1690.292
1381.196 1844.483
1353.966 1745.870
1359.732 1796.712
1256.872 1720.132
1298.611 1635.787
1197.945 1817.125
1291.561 1776.808
1285.468 1704.562
1322.774 1841.861
1237.851 1711.221
1176.188 1672.125
1208.242 1860.557
1398.334 1680.458
1193.848 1738.094
1382.219 1775.037
1327.030 1702.009
1261.017 1752.976
1254.895 1831.092
1372.109 1636.132
1399.362 1811.497
1275.792 1699.005
1226.676 1852.213
1339.885 1756.040
1381.117 1743.043
1194.579 1732.616
1211.966 1781.401
1245.912 1772.016
1230.461 1856.844
1284.618 1710.844
1273.346 1671.134
1199.999 1813.754
1302.489 1684.142
1249.984 1755.110
1350.669 1701.390
1337.647 1668.132
1391.695 1647.303
1292.613 1818.037
1302.452 1700.216
1365.524 1847.180
1377.555 1693.299
1316.784 1745.638
1190.320 1788.347
1178.769 1751.647
1312.106 1732.391
1396.224 1636.427
1324.712 1828.585
1185.982 1780.313
1345.151 1648.316
1377.261 1810.188
1249.577 1793.686
1206.792 1762.769
1291.812 1762.859
1314.330 1858.201
1192.995 1665.439
1316.326 1786.789
1356.295 1805.861
1321.799 1735.014
1326.246 1695.534
1253.736 1843.946
1290.799 1645.954
1208.871 1744.770
1213.413 1647.765
1378.881 1839.215
1256.635 1670.831
1297.485 1838.111
1175.800 1731.143
1189.957 1799.822
1347.503 1673.895
1252.128 1848.291
1191.713 1720.240
1249.304 1810.565
1340.390 1809.185
1398.783 1797.701
1392.336 1685.386
1380.829 1705.480
1220.335 1760.420
1240.906 1762.134
1258.331 1847.158
1348.497 1832.732
1339.002 1747.588
1309.116 1723.760
1374.401 1815.844
1331.317 1844.235
1390.466 1772.993
1277.408 1734.395
1372.352 1659.806
1340.432 1765.439
1187.414 1735.799
1388.858 1848.954
1260.880 1734.173
1347.260 1811.041
1377.569 1741.960
1287.723 1693.049
1272.226 1646.531
1229.817 1811.776
1332.760 1677.243
1251.294 1707.242
1370.289 1796.295
1360.564 1847.860
1365.470 1694.726
1223.581 1820.809
1396.503 1752.458
1257.583 1685.057
1350.264 1669.806
1344.186 1672.199
1280.091 1827.063
1397.747 1803.280
1176.819 1745.985
1378.013 1821.939
1195.332 1852.067
1196.995 1826.527
1244.938 1790.667
1400.479 1669.803
1330.307 1847.236
1205.146 1830.448
1394.568 1694.561
1256.554 1751.594
1276.335 1678.995
1402.351 1746.405
1211.402 1801.860
1248.148 1650.960
1303.719 1800.448
1335.135 1664.421
1378.758 1754.376
1317.652 1765.142
1224.986 1674.075
1396.343 1800.991
1284.007 1851.020
1274.608 1842.126
1321.501 1742.186
1190.527 1701.889
1288.483 1715.605
1306.520 1825.170
1253.078 1761.631
1319.915 1752.966
1382.315 1719.393
1239.867 1811.894
1297.369 1642.312
1260.508 1804.428
1359.559 1679.641
1335.172 1695.294
1176.682 1714.384
1209.668 1804.964
1367.766 1793.984
1383.054 1757.964
1247.930 1791.729
1361.012 1793.025
1278.553 1791.342
1202.223 1725.286
1235.522 1766.605
1341.317 1732.530
1331.953 1795.771
1372.128 1725.126
1236.733 1693.843
1254.791 1730.207
1295.249 1726.853
1237.373 1679.239
1385.150 1717.948
1256.301 1822.330
1261.062 1676.372
1211.683 1851.599
1345.223 1693.074
1270.913 1665.993
1223.675 1794.683
1356.106 1758.448
1357.958 1773.580
1392.419 1834.422
1291.703 1716.801
1393.823 1819.839
1302.760 1739.023
1190.184 1832.832
1327.798 1837.777
1316.559 1781.177
1399.179 1829.697
1332.410 1783.141
1401.747 1715.578
1290.716 1859.837
1179.317 1716.843
1178.303 1793.835
1229.470 1806.142
1257.790 1827.614
1378.690 1859.878
1202.113 1807.431
1375.777 1788.355
1239.480 1733.524
1280.071 1849.418
1316.216 1671.342
1355.545 1685.436
1282.164 1823.932
1374.693 1831.037
1182.393 1751.027
1214.779 1729.091
1250.539 1739.985
1370.640 1802.029
1188.188 1747.200
1186.623 1848.637
1295.746 1859.366
1234.382 1734.219
1305.054 1708.144
1197.809 1811.952
1223.424 1781.639
1371.268 1728.353
1283.334 1725.911
1335.908 1720.980
1306.061 1714.742
1329.363 1729.220
1250.432 1834.893
1349.460 1706.668
1344.754 1715.683
1330.241 1832.749
1337.333 1687.619
1240.984 1718.561
1394.100 1702.430
1300.973 1689.271
1401.002 1772.642
1348.842 1836.333
1324.874 1749.864
1336.162 1790.100
1388.422 1711.809
1328.924 1830.676
1254.355 1670.200
1216.987 1641.015
1271.265 1822.102
1384.442 1790.533
1178.140 1844.795
1248.000 1723.944
1262.380 1776.094
1323.183 1661.107
1368.991 1843.314
1348.874 1783.978
1218.488 1709.749
1238.534 1808.329
1297.733 1711.965
1302.242 1761.781
1286.693 1680.849
1182.947 1683.474
1296.336 1787.234
1191.808 1803.764
1245.760 1670.228
1372.727 1782.649
1284.396 1688.826
1250.510 1730.644
1341.168 1781.871
1333.642 1777.998
1378.481 1641.526
1268.140 1643.623
1283.847 1736.550
1317.674 1674.738
1228.674 1854.129
1378.132 1844.384
1272.653 1755.415
1326.978 1838.793
1191.290 1807.550
1395.636 1640.697
1231.480 1654.631
1381.997 1744.759
1183.293 1646.233
1244.734 1671.356
1297.234 1706.217
1301.116 1739.695
1309.507 1830.407
1346.284 1663.185
1334.703 1812.370
1399.210 1741.890
1341.255 1683.738
1194.207 1794.187
1344.774 1835.220
1218.198 1810.460
1233.143 1766.606
1344.077 1855.823
1323.155 1637.377
1342.169 1652.982
1318.705 1700.427
1327.371 1739.595
1182.381 1720.619
1333.986 1735.721
1231.990 1762.181
1247.418 1832.371
1341.174 1799.481
1308.648 1637.448
1180.219 1774.055
1236.898 1729.786
1374.899 1806.480
1297.071 1843.249
1196.600 1728.166
1361.087 1838.960
1290.048 1657.417
1382.387 1716.583
1292.141 1837.528
1391.766 1699.471
1401.304 1810.817
1296.017 1719.637
1199.119 1819.080
1281.121 1791.863
1371.923 1740.071
1377.930 1680.053
1385.566 1738.257
1188.513 1806.253
1298.936 1681.192
1348.531 1774.776
1298.953 1798.441
1382.576 1638.165
1334.802 1732.965
1387.452 1789.922
1236.092 1684.698
1238.677 1856.158
1347.521 1802.423
1229.548 1693.047
1264.543 1828.260
1208.156 1779.310
1191.494 1745.067
1277.982 1819.661
1372.007 1644.978
1261.298 1644.460
1399.479 1651.161
1249.440 1759.409
1293.631 1806.889
1244.846 1635.375
1368.010 1780.129
1233.616 1812.418
1197.364 1744.643
1366.218 1683.551
1392.468 1743.292
1280.539 1801.955
1217.289 1726.922
1369.286 1838.358
1381.119 1646.688
1332.996 1718.184
1352.482 1763.302
1240.009 1796.563
1325.494 1808.879
1262.169 1719.142
1260.539 1654.964
1241.113 1695.158
1362.289 1713.122
1385.780 1819.647
1321.683 1839.068
1221.115 1781.973
737.074 1214.210
803.051 1246.776
739.832 1350.130
768.328 1328.549
644.970 1364.600
850.113 1205.222
748.522 1352.047
754.917 1204.253
662.360 1354.253
819.902 1253.126
719.785 1318.431
776.233 1370.166
787.069 1291.831
829.013 1202.040
652.223 1255.117
814.413 1297.261
858.850 1222.514
759.882 1318.833
687.038 1190.751
831.621 1243.313
717.669 1319.295
809.618 1271.035
851.096 1324.929
712.635 1334.179
826.228 1280.529
832.879 1211.784
718.249 1254.012
801.059 1264.910
851.774 1365.637
851.202 1325.840
804.601 1338.086
735.912 1282.595
817.677 1243.404
759.802 1216.963
727.870 1259.108
859.790 1291.936
714.605 1224.375
652.080 1211.523
754.390 1222.628
862.273 1395.312
679.293 1279.072
749.141 1215.072
720.147 1253.931
690.293 1232.141
652.762 1183.400
773.169 1306.645
702.445 1381.634
739.376 1286.273
748.616 1193.422
656.801 1344.803
842.398 1332.438
815.242 1231.114
777.974 1215.488
787.436 1233.545
791.445 1217.799
730.203 1372.098
657.789 1395.454
683.153 1381.342
641.714 1293.603
783.007 1345.124
675.371 1368.732
856.007 1355.297
782.716 1303.567
822.017 1303.738
775.191 1260.550
696.969 1229.191
744.473 1261.806
814.105 1358.947
743.094 1337.732
687.136 1292.234
657.156 1385.695
816.518 1317.904
690.437 1179.309
643.552 1234.209
779.741 1283.547
836.307 1335.123
717.707 1279.787
793.291 1299.663
659.951 1245.387
716.208 1271.926
755.862 1387.549
845.262 1230.121
754.126 1212.667
754.996 1337.810
841.099 1216.054
693.082 1311.442
644.425 1312.231
662.851 1274.864
853.806 1213.104
790.316 1241.549
731.776 1195.548
838.148 1170.220
852.484 1249.723
701.213 1370.947
849.324 1171.186
824.298 1337.624
680.026 1307.361
698.631 1171.645
843.320 1294.522
826.036 1368.601
813.712 1185.665
823.191 1206.892
830.382 1368.198
712.397 1213.412
776.209 1358.533
811.009 1195.420
816.053 1276.320
707.851 1298.168
858.218 1218.138
851.674 1186.298
811.329 1241.396
720.821 1217.677
774.404 1275.460
671.938 1233.449
646.483 1350.484
761.837 1360.984
748.485 1259.778
637.879 1205.498
641.014 1388.789
693.674 1188.542
745.918 1235.794
857.421 1291.011
714.762 1229.682
752.996 1320.489
730.231 1210.428
819.967 1351.056
853.138 1306.053
735.767 1186.786
733.737 1233.589
856.858 1350.659
840.728 1316.686
846.341 1191.918
853.876 1342.392
779.780 1296.909
806.569 1233.188
830.333 1189.138
774.954 1270.145
720.457 1205.833
674.010 1179.290
747.169 1372.279
854.485 1226.001
756.240 1266.639
764.953 1193.421
759.907 1299.466
639.085 1231.395
759.704 1390.733
771.926 1262.536
853.081 1388.613
653.024 1271.625
653.479 1197.680
855.165 1340.795
774.372 1311.595
753.209 1323.456
801.523 1287.069
732.153 1176.701
771.154 1220.683
676.857 1277.614
673.184 1288.638
720.313 1374.258
859.060 1347.510
681.224 1238.520
704.846 1178.900
777.723 1237.775
763.870 1332.837
706.770 1177.096
856.292 1298.834
638.530 1259.468
745.596 1304.886
657.882 1259.914
651.513 1197.171
758.120 1277.054
798.026 1206.158
795.527 1177.252
676.504 1358.555
782.596 1199.267
670.749 1171.507
770.530 1293.654
826.802 1244.849
674.067 1384.172
695.963 1207.881
703.183 1189.696
690.021 1341.641
675.905 1269.813
694.586 1277.136
726.001 1267.173
679.655 1207.172
651.590 1210.340
685.595 1340.104
770.302 1238.659
777.053 1202.488
652.312 1276.615
793.668 1362.883
812.459 1273.932
773.848 1341.486
643.518 1278.078
688.361 1244.170
800.322 1378.808
701.792 1239.050
810.814 1326.127
698.684 1361.900
784.414 1271.917
823.314 1317.881
750.926 1332.626
652.418 1342.794
684.451 1323.933
723.908 1275.828
721.400 1172.322
721.283 1255.438
723.682 1373.267
840.780 1267.335
674.605 1245.080
790.068 1388.010
679.268 1370.250
812.770 1323.206
743.513 1309.745
695.843 1305.764
794.507 1236.961
769.874 1347.469
854.327 1386.896
779.159 1374.280
667.374 1368.781
842.826 1204.461
825.996 1274.675
691.419 1303.796
704.248 1338.741
796.814 1197.884
654.701 1269.273
737.783 1335.021
770.443 1232.284
733.031 1178.940
854.222 1338.702
761.209 1382.763
853.227 1179.185
821.881 1384.050
677.126 1348.116
817.805 1362.303
651.861 1188.778
705.591 1213.504
773.126 1211.411
833.721 1173.681
739.902 1290.483
756.716 1345.690
738.775 1373.675
707.669 1223.448
693.395 1228.567
851.605 1271.463
780.349 1316.292
851.123 1221.829
676.291 1221.301
863.810 1255.741
809.607 1301.639
817.133 1207.814
749.380 1374.819
742.387 1221.227
754.404 1210.865
798.294 1308.780
656.527 1344.624
708.741 1313.852
851.532 1191.381
834.535 1377.983
688.119 1197.617
750.107 1255.300
746.608 1206.993
645.819 1240.610
645.327 1249.712
775.692 1348.672
666.265 1343.078
690.616 1174.411
702.446 1367.057
804.442 1388.061
824.310 1270.299
789.758 1386.249
852.516 1215.570
802.576 1202.409
779.234 1294.290
772.151 1368.322
639.231 1228.576
749.397 1200.174
758.741 1352.424
654.934 1186.379
724.676 1337.491
801.539 1352.475
825.212 1292.741
750.570 1366.250
842.683 1312.957
821.883 1239.359
646.884 1210.665
797.037 1228.275
825.964 1351.862
792.496 1351.218
704.028 1169.935
768.670 1228.756
807.712 1384.745
820.589 1181.676
719.896 1242.232
661.720 1170.135
779.778 1170.890
780.690 1183.215
706.626 1279.224
790.064 1181.072
818.006 1212.296
649.820 1236.516
790.027 1387.068
777.635 1395.430
863.185 1370.423
716.895 1274.841
739.158 1247.445
717.772 1329.970
705.672 1383.440
792.216 1350.687
684.669 1342.061
798.954 1196.888
699.038 1208.442
728.046 1360.362
771.355 1361.420
678.669 1376.653
830.067 1371.774
645.219 1347.795
720.591 1341.024
699.727 1186.144
772.658 1293.337
797.023 1308.521
857.589 1254.751
638.674 1377.325
776.212 1200.169
769.445 1328.958
640.406 1217.899
683.688 1266.139
783.166 1362.332
641.632 1376.922
734.070 1375.723
767.399 1343.793
726.574 1308.756
828.897 1197.339
708.925 1262.814
660.279 1229.417
812.208 1254.513
743.045 1342.056
756.586 1315.073
689.222 1308.586
758.690 1323.222
856.056 1184.460
638.456 1290.176
731.690 1248.152
750.523 1293.220
701.241 1388.206
677.952 1209.579
814.874 1249.712
682.577 1377.145
638.379 1208.071
796.573 1274.411
697.944 1256.338
650.127 1171.708
697.181 1340.271
733.484 1253.470
847.175 1281.615
839.897 1348.807
791.367 1191.208
863.258 1247.495
766.307 1351.801
690.473 1291.765
708.826 1360.568
641.416 1391.264
652.120 1199.930
858.938 1326.415
724.771 1258.605
637.852 1267.256
706.664 1288.650
699.371 1285.376
719.252 1189.660
657.789 1223.599
761.753 1269.336
856.196 1326.185
696.829 1315.888
838.697 1310.626
754.401 1174.092
815.957 1335.242
646.241 1192.157
704.846 1189.474
716.194 1330.555
654.619 1209.848
675.995 1287.376
734.685 1391.227
644.600 1249.110
841.660 1334.365
839.608 1299.360
752.856 1273.829
783.158 1220.158
672.428 1203.449
654.422 1193.622
757.646 1235.079
690.630 1284.104
859.321 1252.225
710.787 1367.127
651.685 1253.559
788.257 1342.263
684.767 1233.959
798.403 1367.006
701.698 1391.788
769.156 1194.481
777.146 1210.357
646.578 1313.013
846.655 1251.973
725.768 1242.513
760.176 1305.743
754.232 1170.802
660.084 1261.834
737.553 1266.333
705.546 1193.690
810.780 1273.569
701.893 1346.759
852.003 1172.998
681.403 1383.567
662.305 1213.069
798.702 1310.431
757.987 1187.611
830.576 1226.204
733.268 1308.721
718.540 1294.348
726.297 1320.860
746.650 1335.597
838.528 1249.844
821.890 1363.700
736.462 1317.216
719.074 1374.714
780.259 1256.629
778.723 1287.038
800.491 1218.422
721.965 1308.386
780.170 1376.342
677.466 1254.793
737.507 1378.240
662.201 1354.073
777.236 1220.377
717.341 1226.825
729.725 1235.956
827.378 1198.786
684.336 1329.442
664.482 1192.023
670.782 1326.842
771.571 1205.082
785.479 1190.199
762.601 1349.315
811.847 1371.696
813.138 1368.230
817.033 1249.837
663.991 1187.412
691.023 1287.078
746.611 1310.261
666.915 1278.891
836.969 1336.029
744.985 1345.664
840.285 1174.081
685.076 1249.339
730.549 1338.448
831.540 1351.705
782.520 1340.822
765.195 1352.881
860.239 1204.108
856.904 1386.030
650.852 1338.845
787.112 1248.044
846.855 1314.488
821.863 1302.668
724.151 1269.674
784.750 1217.691
681.417 1224.278
829.541 1212.835
801.753 1293.194
752.845 1298.395
754.256 1179.091
662.246 1203.176
694.844 1213.148
736.665 1284.290
648.712 1248.473
851.997 1293.784
800.959 1226.395
684.042 1344.063
853.852 1369.691
779.695 1201.905
743.990 1263.663
850.163 1191.664
792.631 1354.721
732.126 1198.033
832.348 1238.527
817.937 1251.677
673.530 1213.264
729.000 1178.876
791.252 1287.792
815.874 1319.040
643.753 1186.531
747.331 1202.006
817.948 1173.191
741.307 1288.161
744.391 1269.894
806.284 1250.994
785.598 1347.690
707.595 1242.059
667.613 1226.325
793.706 1206.688
848.192 1359.968
721.225 1315.600
818.510 1209.194
731.519 1290.484
794.460 1354.830
825.002 1386.355
739.851 1320.185
793.851 1236.794
764.190 1186.995
652.319 1272.880
681.671 1208.722
775.611 1348.153
680.090 1208.822
784.046 1222.709
740.076 1378.966
646.159 1375.731
765.209 1171.216
704.464 1196.618
672.150 1333.213
763.817 1218.753
760.578 1365.901
743.652 1175.683
816.149 1307.313
697.923 1231.656
706.626 1382.649
781.449 1191.348
792.730 1390.659
707.400 1228.130
835.067 1233.226
640.216 1197.858
795.553 1312.563
811.211 1237.643
779.836 1363.078
704.359 1374.396
762.103 1236.997
809.581 1317.954
668.105 1176.353
759.471 1319.638
864.237 1319.377
668.393 1304.393
802.097 1301.643
859.101 1272.024
805.027 1185.218
700.496 1350.063
761.033 1269.896
832.432 1231.901
682.818 1210.078
849.954 1384.113
668.912 1173.202
760.253 1258.688
724.646 1201.601
761.967 1314.469
647.175 1269.896
825.135 1211.551
775.973 1221.768
782.579 1195.399
645.202 1314.466
826.895 1271.564
759.757 1249.147
695.753 1332.770
834.810 1276.609
819.035 1226.769
713.490 1309.712
762.935 1178.580
791.161 1222.408
669.440 1211.565
734.450 1230.503
676.472 1215.235
788.271 1310.548
823.326 1294.410
686.357 1186.975
673.214 1181.278
651.829 1328.937
748.151 1303.763
752.594 1264.962
655.607 1378.231
793.301 1319.996
859.024 1358.695
649.528 1224.697
695.263 1347.623
828.277 1243.698
831.455 1235.513
846.911 1269.419
751.619 1272.703
810.296 1265.181
803.631 1272.455
793.238 1319.432
664.840 1186.347
738.789 1310.988
835.787 1383.052
783.515 1369.236
836.673 1386.121
813.816 1216.312
712.360 1243.970
669.827 1292.708
760.715 1303.888
688.941 1203.959
713.233 1349.505
774.557 1348.372
719.338 1310.534
712.454 1338.664
665.797 1382.587
825.715 1289.084
646.770 1239.204
702.676 1228.310
758.313 1265.209
766.530 1311.938
714.091 1347.689
802.750 1235.642
864.589 1328.826
773.204 1252.976
686.868 1372.182
706.731 1245.859
824.560 1359.238
837.715 1349.985
668.164 1189.490
773.514 1196.318
816.689 1196.684
723.463 1226.151
714.773 1241.749
854.639 1380.394
741.702 1351.216
755.444 1213.084
706.704 1379.565
680.584 1385.331
812.628 1236.627
781.947 1290.129
681.316 1293.023
683.537 1197.013
690.644 1285.946
763.119 1309.707
850.661 1210.183
796.539 1342.184
829.281 1362.316
853.017 1296.789
785.356 1302.405
645.398 1321.975
863.614 1177.696
824.450 1204.804
644.724 1182.553
699.175 1272.584
711.921 1391.083
752.400 1201.851
657.183 1197.580
715.577 1363.941
824.729 1257.564
838.180 1293.475
778.801 1337.246
792.777 1270.267
789.920 1335.456
695.659 1248.128
647.015 1369.903
840.468 1359.839
668.067 1363.565
839.606 1290.923
793.190 1263.053
752.243 1230.049
833.375 1313.854
719.547 1284.694
717.970 1322.714
793.030 1174.124
659.522 1225.208
763.572 1267.104
817.782 1347.925
810.911 1320.134
667.652 1230.665
773.409 1352.032
742.023 1242.064
742.101 1322.651
785.441 1225.304
698.291 1308.767
727.218 1394.496
820.321 1303.212
713.685 1263.054
667.817 1191.396
820.356 1384.542
785.532 1347.372
688.405 1338.013
677.670 1381.537
731.322 1294.007
689.140 1331.471
759.362 1269.433
864.319 1221.673
753.906 1318.536
837.648 1233.947
795.263 1336.719
772.274 1367.137
758.790 1317.017
828.727 1178.042
744.592 1331.578
855.303 1349.865
792.459 1177.929
809.296 1199.416
694.007 1230.059
798.962 1269.071
821.299 1297.777
697.270 1391.102
735.765 1310.496
679.029 1337.199
786.067 1198.842
793.931 1245.940
651.961 1218.751
676.797 1247.483
831.135 1302.758
675.084 1175.780
678.314 1390.593
730.502 1237.772
844.889 1209.466
759.429 1183.001
840.134 1280.902
772.692 1282.630
750.385 1332.710
789.582 1198.312
733.460 1354.879
678.048 1323.414
826.591 1260.635
742.830 1332.554
784.039 1290.336
849.187 1380.692
726.682 1332.151
691.520 1255.903
678.143 1291.259
782.424 1275.636
702.993 1199.246
771.264 1329.764
855.830 1227.514
827.127 1279.233
645.226 1299.815
746.908 1189.908
693.278 1304.209
648.996 1172.174
825.615 1317.711
650.516 1369.406
856.588 1274.450
752.986 1246.679
648.265 1256.405
858.020 1235.309
833.159 1372.807
834.562 1320.369
809.606 1362.469
655.449 1390.657
806.184 1247.682
791.140 1272.951
666.403 1300.738
661.122 1230.404
845.671 1200.683
670.288 1337.812
758.268 1329.972
820.357 1244.055
763.370 1185.519
748.408 1293.218
819.507 1192.505
737.980 1338.272
712.532 1264.685
853.183 1324.253
708.147 1194.575
856.863 1256.687
785.477 1240.713
857.204 1324.396
688.669 1389.158
860.038 1247.308
654.302 1266.569
696.736 1388.369
826.440 1241.185
860.788 1186.608
798.376 1357.056
770.782 1205.079
811.017 1224.869
797.126 1183.525
670.143 1184.318
805.856 1305.874
816.419 1298.080
692.463 1308.716
664.009 1227.574
747.326 1391.562
695.013 1191.000
648.157 1283.848
823.205 1199.174
755.563 1307.363
827.738 1249.072
838.027 1392.726
825.890 1352.423
652.934 1318.818
672.616 1317.281
815.412 1223.119
687.097 1287.776
794.373 1352.112
711.736 1256.164
853.949 1191.911
770.063 1268.296
861.496 1359.622
679.591 1378.904
849.178 1363.589
683.850 1209.992
858.906 1345.582
648.319 1276.183
814.629 1357.374
698.988 1286.436
850.252 1324.543
801.375 1187.928
656.239 1191.304
759.882 1233.159
698.579 1384.203
694.186 1389.733
667.411 1259.534
724.898 1289.751
834.982 1338.916
705.315 1351.687
802.911 1274.761
792.250 1302.886
739.951 1255.088
843.300 1195.611
749.451 1262.800
776.627 1339.399
661.632 1242.649
722.658 1208.104
863.961 1177.802
806.150 1173.177
772.912 1260.680
862.835 1175.467
860.235 1220.428
839.754 1187.123
693.317 1315.215
753.492 1329.749
804.345 1347.840
708.922 1236.178
660.688 1349.047
776.203 1383.786
793.216 1351.278
661.961 1371.031
828.409 1210.343
690.338 1196.330
843.059 1311.223
816.343 1263.244
787.759 1314.214
655.723 1296.831
785.928 1366.367
811.301 1177.480
753.206 1171.989
847.000 1279.890
844.828 1366.302
688.867 1294.081
718.239 1191.541
707.132 1184.005
767.086 1243.192
811.652 1386.108
804.514 1380.637
854.255 1362.139
743.324 1168.863
683.747 1207.581
773.981 1293.623
840.360 1267.729
802.245 1204.888
711.743 1391.532
678.209 1188.510
668.802 1330.019
769.188 1351.010
743.351 1182.041
798.129 1350.798
744.281 1389.118
753.443 1256.840
643.334 1303.124
810.583 1387.208
753.933 1364.944
784.751 1186.135
807.255 1380.044
826.638 1238.160
702.082 1292.996
743.508 1267.660
726.998 1382.842
723.303 1383.311
716.396 1332.276
658.729 1316.503
682.245 1186.635
766.870 1372.684
836.463 1285.217
647.273 1344.685
841.095 1256.903
748.823 1293.015
780.409 1356.803
721.522 1204.702
677.052 1392.893
810.645 1279.658
758.238 1200.233
679.767 1292.235
813.652 1178.850
832.265 1288.579
664.656 1242.928
851.388 1375.224
793.755 1343.175
703.109 1379.993
723.320 1293.651
776.803 1362.629
700.415 1205.701
861.150 1238.239
753.721 1183.507
851.594 1332.859
837.800 1236.645
827.815 1286.951
658.780 1392.945
776.021 1194.412
854.065 1265.511
783.663 1301.379
640.605 1248.728
701.227 1339.251
687.171 1277.486
733.870 1275.535
788.272 1312.659
665.827 1207.576
774.918 1171.720
647.986 1203.740
769.835 1271.958
735.683 1182.549
812.170 1194.096
774.792 1323.061
735.522 1208.363
761.390 1383.702
697.459 1307.199
799.210 1244.875
678.325 1383.829
816.174 1337.976
673.173 1246.049
670.116 1351.874
803.022 1294.828
815.174 1173.066
795.517 1343.747
771.667 1265.785
643.147 1374.747
797.282 1373.968
689.661 1291.338
708.786 1363.847
669.056 1363.075
716.984 1171.287
859.119 1241.525
718.132 1339.051
749.169 1247.829
845.467 1332.045
842.711 1179.087
682.908 1277.426
842.230 1261.672
691.577 1172.606
675.653 1247.472
672.236 1279.136
677.732 1219.776
653.492 1394.295
861.623 1344.641
717.548 1318.946
859.606 1180.536
747.251 1345.944
691.377 1322.596
775.326 1211.794
745.011 1388.872
854.269 1325.766
849.261 1271.902
650.704 1280.833
742.726 1312.785
785.855 1368.530
857.243 1211.276
802.443 1364.746
685.734 1310.972
712.972 1213.473
741.308 1212.440
746.732 1293.903
677.774 1218.580
801.045 1321.472
692.588 1173.706
723.253 1333.470
792.594 1329.101
798.233 1371.875
751.192 1387.301
753.476 1384.498
726.785 1208.626
668.317 1263.980
860.778 1302.976
855.089 1180.240
778.233 1247.977
830.165 1299.578
802.515 1290.365
820.068 1244.880
777.082 1290.095
731.527 1282.715
739.924 1371.055
711.557 1267.778
731.791 1301.510
773.279 1291.208
677.084 1243.676
641.449 1373.748
717.936 1245.014
675.387 1190.260
661.684 1248.731
725.843 1275.792
729.146 1239.501
653.215 1330.351
693.846 1195.612
743.760 1223.257
779.126 1360.482
673.395 1385.158
749.087 1251.833
748.135 1274.803
854.525 1289.297
697.332 1237.444
800.166 1308.510
834.027 1301.158
685.243 1213.334
779.509 1221.843
805.213 1325.746
795.133 1213.372
794.835 1302.659
847.054 1253.487
859.313 1190.245
679.407 1360.577
835.960 1305.724
670.295 1348.397
746.547 1323.083
722.990 1312.437
851.285 1247.148
770.962 1313.605
703.433 1375.855
693.835 1300.006
721.713 1345.702
860.233 1303.886
737.185 1350.466
823.107 1305.679
787.511 1236.701
820.712 1307.034
751.178 1322.924
685.266 1306.800
656.088 1299.360
821.233 1256.965
668.600 1346.534
767.956 1229.088
849.250 1250.783
841.979 1173.207
792.858 1298.147
848.787 1352.566
670.952 1278.771
687.255 1279.267
671.264 1366.298
801.548 1369.999
759.350 1350.655
715.509 1325.063
823.060 1277.414
725.932 1384.162
752.381 1349.862
641.068 1192.854
773.427 1359.302
664.573 1328.670
717.950 1251.585
640.185 1390.215
639.907 1388.306
721.359 1205.467
702.456 1231.744
759.847 1193.891
726.354 1246.202
804.120 1288.571
822.160 1345.203
781.071 1229.374
723.620 1228.631
766.464 1187.724
848.723 1344.209
731.778 1213.331
837.851 1369.703
828.413 1308.254
700.708 1329.082
839.248 1197.052
791.160 1360.104
674.736 1368.552
748.193 1301.055
762.537 1194.254
701.773 1357.268
736.840 1182.351
776.359 1187.406
833.399 1362.416
848.019 1280.063
820.366 1346.036
785.558 1241.841
826.149 1344.626
745.005 1173.641
852.759 1378.255
801.872 1175.999
688.418 1225.949
849.779 1215.833
750.336 1297.727
762.877 1315.850
695.517 1255.846
844.150 1234.289
718.747 1279.398
749.311 1295.991
855.717 1360.703
721.588 1349.566
696.451 1354.013
682.944 1213.527
785.505 1210.275
858.415 1306.859
851.634 1205.075
800.254 1363.780
802.616 1273.782
682.320 1336.143
755.536 1216.792
778.468 1306.498
754.296 1327.602
682.943 1294.609
795.477 1294.030
834.928 1230.768
801.960 1239.584
759.969 1392.296
741.348 1233.786
705.135 1314.895
755.381 1388.042
823.781 1311.187
652.663 1276.455
755.733 1296.920
695.408 1261.650
862.709 1336.103
833.548 1327.528
681.165 1247.417
814.110 1180.472
710.018 1183.780
782.682 1171.325
817.190 1298.941
659.328 1385.452
722.766 1389.968
825.066 1371.869
835.213 1248.739
690.401 1315.485
680.202 1236.996
670.315 1276.232
711.991 1223.404
722.328 1349.220
745.039 1251.528
769.090 1379.764
649.284 1371.797
771.074 1211.730
675.386 1239.065
696.527 1330.946
687.732 1176.050
846.453 1378.420
799.516 1213.431
708.825 1303.804
638.156 1297.789
701.421 1200.447
653.973 1326.274
673.931 1177.716
681.145 1224.943
699.736 1357.023
733.999 1347.777
774.751 1194.232
651.111 1174.887
700.672 1301.245
641.946 1366.609
811.724 1238.088
713.944 1280.112
642.281 1314.460
672.921 1339.952
758.896 1297.455
829.393 1215.532
860.869 1341.052
834.664 1217.384
731.388 1231.489
729.446 1195.153
750.702 1378.697
848.319 1243.561
660.315 1216.207
709.614 1241.625
795.701 1304.112
860.367 1200.373
746.899 1196.518
721.350 1197.965
672.473 1325.422
716.670 1248.703
642.480 1287.685
856.222 1205.374
750.696 1336.257
735.875 1378.032
675.962 1331.953
764.406 1327.735
740.847 1208.713
813.372 1353.960
723.640 1243.843
723.559 1234.978
828.937 1393.252
726.439 1233.791
799.389 1183.007
848.994 1241.569
646.576 1188.340
663.363 1243.815
846.577 1368.799
811.379 1169.393
660.550 1172.791
801.782 1181.305
703.339 1351.996
770.883 1202.291
643.360 1249.068
654.273 1353.771
811.121 1363.496
638.529 1363.663
842.878 1211.917
816.640 1358.800
840.811 1182.266
1275.866 823.316
1385.945 677.393
1347.599 854.780
1431.652 785.291
1398.117 666.116
1441.756 876.220
1306.598 824.639
1371.816 761.073
1281.450 701.491
1392.502 833.777
1389.245 803.644
1422.454 837.137
1444.471 796.434
1398.093 694.533
1371.096 782.735
1299.933 655.714
1288.530 706.347
1424.409 818.142
1476.828 828.219
1275.233 659.838
1339.414 741.448
1278.893 852.525
1439.651 841.898
1480.498 748.643
1396.753 835.497
1469.969 668.484
1320.076 672.462
1479.747 840.719
1379.710 775.053
1481.623 793.239
1376.619 672.608
1274.049 819.863
1413.427 784.462
1375.884 836.644
1333.480 850.851
1370.493 763.041
1320.357 778.443
1285.098 807.697
1365.526 704.502
1263.824 852.867
1409.416 708.672
1279.799 686.499
1463.993 734.762
1340.804 798.502
1340.560 758.806
1396.360 870.078
1286.179 756.733
1413.100 798.458
1297.655 862.291
1365.702 762.455
1285.032 872.014
1382.120 714.387
1391.922 651.918
1344.497 861.803
1376.953 801.420
1457.184 706.509
1295.357 663.668
1436.748 859.887
1310.373 802.145
1454.200 745.504
1452.588 766.627
1392.441 714.195
1416.171 736.815
1331.900 706.384
1332.081 722.772
1454.853 794.049
1310.100 763.203
1456.179 683.336
1439.648 694.468
1477.802 745.728
1293.972 792.666
1385.965 674.811
1460.884 724.561
1359.382 725.055
1375.973 825.758
1411.563 670.842
1454.736 700.594
1370.167 738.189
1323.902 720.112
1485.118 838.619
1409.306 697.559
1290.731 852.607
1445.932 786.344
1418.029 857.116
1484.221 734.622
1339.430 817.081
1457.818 772.544
1448.124 758.892
1292.797 686.557
1402.409 807.233
1274.856 832.676
1299.567 759.719
1421.835 759.323
1306.851 678.970
1452.723 794.138
1309.906 867.605
1258.905 728.467
1452.823 728.508
1476.298 666.144
1284.982 794.102
1348.553 825.565
1480.983 856.164
1407.609 725.000
1375.309 722.121
1375.715 792.045
1370.148 856.391
1329.903 788.521
1392.137 838.069
1467.403 809.250
1387.969 662.747
1350.328 695.941
1416.433 850.270
1309.798 677.279
1412.040 796.018
1355.846 804.459
1446.748 708.059
1337.737 849.221
1272.449 699.000
1307.200 763.125
1357.920 839.808
1345.493 855.921
1447.770 682.289
1329.651 705.168
1324.707 653.206
1355.836 845.216
1289.486 850.379
1399.378 712.623
1356.949 817.352
1285.174 710.581
1287.923 768.602
1297.675 735.320
1422.059 783.275
1387.930 680.200
1436.912 652.550
1401.533 760.380
1379.101 860.578
1350.213 742.509
1390.240 799.448
1323.276 738.291
1387.137 827.948
1441.393 685.728
1286.002 680.494
1314.182 750.824
1477.530 743.284
1451.112 715.403
1327.148 735.634
1281.039 721.416
1455.635 691.519
1426.788 726.876
1485.247 787.474
1458.989 791.509
1339.197 865.659
1313.125 674.716
1273.133 765.387
1298.146 841.350
1446.602 799.203
1339.231 713.199
1406.038 756.006
1317.328 750.497
1264.175 679.159
1395.430 743.381
1293.175 843.309
1338.174 689.710
1338.920 675.319
1446.041 666.736
1291.265 785.314
1424.739 717.339
1456.016 741.553
1300.308 755.830
1277.131 863.377
1434.006 739.732
1457.224 707.761
1410.316 759.828
1324.762 656.420
1315.173 850.682
1391.477 707.819
1433.505 660.626
1452.768 674.068
1283.693 836.217
1431.849 728.284
1287.113 682.302
1373.738 861.629
1359.602 795.375
1399.890 656.381
1269.038 652.686
1355.922 870.042
1327.040 857.711
1411.385 662.742
1383.857 859.618
1457.811 663.311
1397.627 670.097
1413.711 766.145
1466.596 812.408
1433.932 863.579
1363.103 819.241
1300.875 668.809
1438.256 705.740
1482.473 801.534
1324.010 682.458
1342.951 663.002
1448.264 851.061
1461.629 830.006
1302.055 742.978
1296.635 825.550
1316.682 791.978
1282.539 834.359
1374.905 667.223
1480.686 845.093
1267.857 733.356
1263.705 861.532
1402.207 815.731
1275.417 723.599
1359.591 867.349
1443.986 672.226
1451.818 732.988
1457.468 699.014
1274.249 657.448
1349.942 681.140
1371.569 794.318
1348.604 669.796
1475.360 770.451
1309.452 820.495
1348.803 775.414
1401.765 665.557
1443.409 752.817
1462.325 710.880
1260.149 815.777
1451.156 688.742
1348.061 743.748
1312.523 669.677
1306.345 858.223
1393.850 713.454
1316.296 680.204
1272.418 761.144
1344.095 759.718
1399.202 713.343
1284.685 821.877
1287.676 796.036
1423.602 785.519
1341.740 724.471
1460.775 675.111
1320.641 843.389
1413.579 697.645
1401.940 864.684
1482.470 789.990
1381.858 800.817
1437.309 768.835
1328.260 731.717
1390.012 716.195
1352.106 789.437
1309.786 712.339
1353.729 793.783
1318.327 722.195
1374.901 820.082
1444.949 729.425
1337.372 739.067
1441.748 680.664
1427.671 850.324
1447.462 773.152
1463.693 746.116
1391.092 705.226
1291.421 766.364
1302.819 702.022
1283.759 832.887
1346.081 737.037
1471.530 670.924
1366.165 727.952
1332.437 794.575
1325.405 860.295
1420.804 683.731
1374.933 706.448
1435.839 686.938
1460.609 686.291
1360.160 874.420
1446.716 750.856
1322.143 769.938
1320.130 733.277
1478.249 668.743
1412.102 864.602
1382.353 872.189
1481.920 701.902
1293.139 697.500
1342.022 724.402
1413.767 814.394
1339.666 659.502
1311.129 812.715
1277.748 681.209
1430.479 845.601
1475.078 827.141
1272.236 835.496
1422.592 795.144
1270.984 840.381
1426.726 786.819
1366.992 856.013
1273.267 698.912
1297.756 858.878
1287.394 872.967
1291.352 671.175
1347.848 655.040
1270.939 771.522
1374.143 779.869
1468.914 704.700
1343.731 836.674
1331.860 700.437
1397.993 773.942
1447.871 739.548
1273.198 838.789
1367.355 814.951
1384.851 843.560
1466.916 694.781
1452.985 735.464
1280.961 748.024
1287.047 850.279
1360.748 820.484
1268.817 826.879
1337.541 868.993
1451.058 844.506
1327.808 777.126
1322.194 690.549
1299.522 762.226
1357.105 725.281
1315.908 665.805
1353.516 824.878
1464.873 700.409
1482.008 684.701
1262.683 732.715
1336.871 722.723
1383.784 732.436
1410.975 851.939
1413.956 873.118
1303.153 708.608
1440.002 687.222
1477.499 659.730
1420.458 759.151
1428.981 661.039
1329.850 863.794
1323.343 802.848
1273.452 872.528
1290.572 766.368
1358.305 656.320
1342.122 831.929
1261.867 735.086
1473.944 753.317
1264.062 747.306
1346.755 780.987
1350.938 654.664
1259.146 706.561
1427.636 843.396
1391.942 826.381
1280.953 775.384
1360.851 788.965
1466.971 715.980
1284.175 847.945
1308.735 769.870
1418.402 834.473
1410.981 759.688
1427.855 804.516
1360.740 705.404
1282.260 752.033
1344.578 833.307
1387.404 845.496
1362.579 661.693
1394.040 872.610
1393.125 776.033
1436.548 698.233
1457.630 878.344
1311.234 812.276
1315.265 864.658
1300.904 846.112
1282.129 812.941
1437.246 693.559
1454.835 852.081
1332.337 809.134
1468.314 759.032
1269.812 753.879
1411.436 676.887
1353.707 681.389
1390.874 862.886
1266.006 698.040
1394.698 742.740
1423.263 773.135
1304.649 784.988
1328.022 655.143
1271.136 762.098
1446.939 677.999
1302.111 816.600
1438.713 827.639
1472.260 780.049
1356.655 824.607
1308.318 677.422
1265.222 791.877
1366.988 806.030
1420.538 773.809
1284.260 743.563
1335.018 718.788
1376.332 705.155
1358.469 653.965
1260.756 836.623
1414.855 730.295
1361.842 714.714
1330.384 694.247
1385.889 759.887
1420.210 719.837
1357.332 748.404
1384.864 747.522
1484.823 792.174
1379.435 850.204
1371.177 739.274
1285.766 714.075
1414.884 863.380
1273.212 693.371
1417.891 827.800
1329.311 795.867
1372.845 715.059
1371.869 755.263
1430.315 878.257
1288.694 802.119
1416.845 678.127
1291.733 700.628
1457.646 660.308
1419.939 779.344
1352.820 770.419
1478.267 795.247
1397.605 855.269
1301.455 690.403
1426.811 714.546
1473.223 674.845
1373.517 706.693
1429.887 821.576
1452.645 690.001
1286.339 821.528
1444.530 694.388
1314.069 854.521
1380.592 653.717
1442.335 696.503
1436.256 733.757
1330.698 659.172
1263.994 716.834
1398.095 692.209
1441.218 729.104
1444.170 660.896
1395.508 690.914
1292.233 806.370
1407.669 769.776
1457.972 757.021
1391.953 807.069
1434.566 749.362
1271.819 830.522
1304.861 737.194
1311.960 701.157
1405.124 688.281
1482.195 748.977
1275.799 675.230
1468.805 787.580
1469.661 811.843
1458.098 833.975
1374.117 745.831
1335.031 798.188
1428.396 859.235
1432.255 668.715
1465.534 870.048
1400.357 843.550
1305.398 794.122
1301.370 798.905
1330.380 727.727
1433.802 779.566
1388.000 658.310
1407.137 706.653
1390.770 698.107
1474.706 843.757
1307.856 765.397
1345.164 788.362
1383.589 753.445
1374.688 668.039
1314.751 759.448
1454.219 861.038
1268.889 785.685
1442.477 672.708
1424.142 730.588
1274.557 804.383
1367.104 847.926
1329.285 733.330
1346.514 851.460
1327.917 670.682
1286.860 851.530
1319.928 661.303
1436.558 815.773
1484.674 660.395
1452.884 709.210
1365.722 862.747
1302.678 751.017
1370.545 863.848
1449.401 806.781
1349.638 865.608
1426.819 675.048
1367.883 694.324
1377.151 875.731
1328.083 660.408
1422.798 743.832
1443.022 845.978
1327.223 730.667
1379.743 758.906
1366.140 844.458
1277.117 691.104
1427.163 761.225
1399.492 832.383
1337.323 698.715
1424.742 689.717
1421.552 860.284
1455.604 874.579
1352.316 803.920
1477.721 691.809
1406.669 823.376
1349.627 834.834
1465.625 814.070
1278.352 823.423
1294.522 749.274
1424.769 866.650
1306.640 805.583
1481.106 693.778
1321.341 807.856
1405.952 731.568
1375.340 718.097
1482.052 852.878
1309.619 738.434
1337.631 870.174
1296.482 662.158
1481.528 665.191
1329.134 737.339
1331.483 797.481
1378.858 853.805
1291.985 829.105
1402.487 655.805
1347.977 677.562
1286.497 697.946
1312.157 689.700
1450.290 831.367
1478.417 675.031
1339.385 858.856
1445.215 856.607
1343.883 751.523
1472.445 739.298
1470.714 673.719
1410.660 729.045
1473.359 740.043
1359.855 723.771
1455.893 784.892
1413.412 730.567
1278.044 820.483
1393.586 735.539
1268.944 868.136
1333.634 681.955
1300.375 728.483
1335.475 864.541
1407.733 711.614
1447.751 710.570
1437.441 664.030
1483.961 818.315
1394.050 741.838
1432.024 782.941
1325.338 851.926
1341.130 659.183
1372.793 741.574
1303.050 767.721
1424.044 682.607
1445.987 868.526
1465.959 694.455
1293.432 858.136
1455.970 864.683
1273.364 865.588
1470.061 835.651
1272.756 828.220
1267.079 675.839
1286.847 740.275
1300.423 777.010
1275.795 845.796
1451.713 788.482
1307.278 655.950
1481.301 848.994
1315.270 675.103
1401.894 651.775
1484.616 759.830
1402.962 805.463
1376.731 864.493
1450.616 853.056
1442.160 791.180
1389.764 778.018
1269.397 731.533
1336.817 758.576
1452.917 767.837
1368.560 691.959
1276.144 831.845
1415.012 861.427
1281.470 687.181
1308.386 877.746
1402.010 878.065
1292.162 751.847
1430.373 853.526
1361.965 652.648
1352.281 683.471
1369.673 666.446
1423.100 699.423
1482.493 661.524
1385.243 705.785
1353.736 833.210
1371.827 681.181
1400.127 657.797
1385.507 733.295
1348.713 782.180
1454.333 762.647
1380.567 670.488
1296.527 821.492
1267.436 705.920
1322.426 809.281
1475.030 878.805
1422.677 770.766
1463.577 855.648
1408.039 741.941
1368.454 697.892
1402.892 734.111
1277.838 761.695
1299.857 839.959
1354.396 826.700
1311.434 781.946
1428.701 658.737
1340.241 663.395
1328.160 696.472
1309.426 665.660
1395.391 795.653
1313.179 827.436
1399.066 729.417
1376.386 874.671
1405.464 874.726
1430.417 764.324
1474.689 877.380
1446.249 754.195
1333.837 766.954
1291.400 809.569
1450.790 826.981
1369.290 865.813
1444.668 844.116
1445.331 840.902
1434.398 723.391
1380.805 743.575
1296.034 653.452
1405.628 849.257
1454.985 798.535
1390.522 829.781
1432.723 825.223
1462.377 717.417
1355.315 865.383
1484.807 820.767
1396.403 652.186
1304.265 876.851
1343.529 744.982
1357.980 724.335
1377.226 690.265
1480.838 744.096
1311.022 721.118
1315.585 850.702
1407.236 865.027
1424.432 818.477
1460.221 672.821
1273.476 834.049
1437.328 712.477
1289.159 700.143
1294.198 874.940
1444.354 765.750
1378.876 744.496
1330.377 722.608
1388.187 804.495
1311.411 764.246
1483.369 684.933
1386.288 853.802
1385.577 805.314
1334.634 809.171
1398.492 830.158
1339.407 720.214
1274.455 802.644
1430.225 780.030
1345.033 834.641
1265.068 826.351
1461.853 733.581
1327.893 678.277
1320.928 796.993
1370.614 818.426
1300.397 777.895
1444.200 724.991
1419.058 658.473
1484.125 742.306
1303.010 761.684
1384.986 712.347
1454.303 699.913
1357.070 826.010
1280.309 858.297
1262.624 703.381
1338.266 825.784
1359.339 689.764
1305.552 746.563
1463.724 823.993
1312.831 771.869
1377.997 856.247
1340.736 874.492
1479.588 873.238
1270.850 807.811
1404.151 710.784
1462.854 694.776
1358.726 849.817
1479.569 839.005
1424.952 760.261
1321.930 666.135
1395.567 713.074
1402.613 710.111
1370.805 858.129
1313.547 807.816
1407.411 856.618
1346.700 819.425
1390.563 749.227
1407.067 780.056
1301.588 727.509
1329.892 847.268
1483.808 873.688
1375.430 821.528
1289.784 664.354
1452.623 861.175
1271.024 659.969
1292.285 877.885
1261.986 808.308
1467.220 711.766
1448.927 662.901
1318.050 729.661
1473.757 802.534
1314.318 796.522
1347.461 653.933
1331.401 739.347
1330.184 783.715
1460.243 847.492
1426.640 745.442
1296.703 757.894
1401.523 720.287
1367.033 666.339
1371.151 742.391
1380.694 721.612
1401.633 784.362
1292.806 772.756
1327.817 744.130
1293.582 664.248
1304.049 786.325
1270.317 717.306
1416.452 714.130
1330.421 844.923
1288.647 666.694
1401.503 865.440
1326.035 742.393
1355.395 657.414
1357.163 831.666
1432.926 699.189
1339.950 736.192
1416.891 702.727
1476.453 849.474
1432.224 838.195
1467.944 709.118
1372.960 805.480
1426.819 753.408
1317.261 715.135
1306.682 850.264
1447.722 823.642
1282.951 831.874
1476.114 820.106
1379.557 792.755
1260.614 803.581
1442.186 760.685
1461.510 796.933
1329.362 873.838
1456.880 721.482
1309.020 865.409
1270.483 832.739
1360.692 813.712
1387.661 668.645
1400.132 701.446
1416.913 694.939
1378.194 705.374
1431.505 754.643
1385.705 785.103
1442.247 844.201
1359.186 659.718
1366.773 713.805
1310.075 773.693
1450.933 763.894
1282.289 670.489
1422.855 811.424
1311.292 738.939
1267.835 822.443
1280.917 709.877
1481.881 839.445
1460.237 748.474
1449.417 715.421
1479.606 726.964
1267.547 829.682
1470.265 874.338
1420.920 774.735
1457.335 838.394
1383.931 716.630
1457.653 780.227
1420.139 813.603
1381.794 791.293
1340.100 825.614
1414.210 857.190
1343.484 694.718
1473.329 696.228
1404.733 673.182
1338.968 747.166
1359.390 676.195
1466.760 751.615
1262.396 676.925
1291.246 708.142
1434.942 717.544
1414.838 877.572
1418.872 827.509
1306.441 745.697
1389.554 778.141
1263.950 728.451
1420.454 724.836
1461.719 831.457
1285.188 656.584
1375.254 674.885
1450.529 716.934
1361.543 878.706
1387.743 713.410
1409.535 654.281
1267.302 756.198
1297.196 743.260
1432.195 793.359
1384.572 673.416
1445.358 727.617
1259.368 773.898
1423.209 875.656
1318.658 722.723
1346.276 875.282
1260.885 878.208
1301.444 866.807
1316.256 661.366
1474.103 819.502
1454.712 817.084
1377.928 752.949
1482.337 849.868
1278.803 755.488
1440.284 754.326
1308.959 769.327
1422.499 872.597
1483.939 726.782
1314.044 867.162
1344.810 819.239
1464.205 735.240
1287.516 789.241
1369.077 719.581
1351.998 692.329
1313.868 825.648
1300.153 735.267
1306.624 835.236
1378.470 762.066
1464.408 817.637
1327.665 863.150
1474.709 747.028
1474.900 700.542
1369.568 729.769
1357.657 727.233
1472.285 849.737
1289.000 861.921
1277.338 778.207
1261.330 843.106
1312.933 781.367
1308.916 745.969
1373.232 741.197
1469.747 723.530
1426.236 683.681
1457.581 810.105
1261.796 692.711
1408.583 760.996
1457.847 754.043
1342.317 779.348
1328.110 852.581
1306.327 798.599
1443.145 665.338
1419.437 853.375
1285.148 846.478
1294.611 771.575
1337.366 724.124
1380.761 756.969
1444.018 653.493
1439.728 767.532
1409.597 682.181
1309.682 737.092
1272.272 792.702
1485.518 830.181
1358.471 686.812
1287.626 669.992
1291.218 798.223
1338.474 768.893
1309.036 843.010
1345.866 833.776
1362.242 776.819
1439.819 860.255
1412.277 818.258
1485.282 812.785
1449.887 781.552
1401.259 878.249
1282.849 693.397
1398.734 749.529
1372.585 761.800
1405.207 846.578
1349.473 703.415
1359.602 733.571
1368.644 809.598
1305.533 851.096
1310.802 739.635
1387.870 834.651
1476.797 777.221
1367.780 834.527
1450.812 709.303
1286.220 864.058
1464.650 774.579
1483.535 820.331
1294.029 818.507
1399.897 765.292
1317.501 750.668
1290.358 838.701
1384.542 837.835
1272.145 772.961
1322.763 703.604
1335.848 855.530
1468.119 797.658
1481.778 774.841
1331.108 735.662
1277.590 857.867
1454.893 782.515
1389.922 786.625
1311.948 717.094
1310.272 700.960
1431.153 839.056
1352.819 701.032
1297.344 878.636
1453.013 717.749
1324.644 761.528
1295.664 781.112
1265.791 795.125
1277.143 800.155
1451.093 784.543
1296.815 827.046
1475.638 744.326
1426.511 870.650
1402.091 733.656
1342.192 667.957
1279.077 659.000
1285.792 714.769
1482.927 743.021
1280.571 690.556
1303.052 700.589
1462.953 748.723
1371.819 659.635
1402.297 758.180
1457.835 712.582
1418.482 861.500
1362.134 693.245
1291.996 865.355
1343.874 776.829
1264.896 757.580
1302.804 663.202
1367.442 687.413
1278.924 758.639
1268.311 841.326
1445.049 674.954
1388.082 743.617
1367.968 674.776
1363.251 699.448
1465.559 756.648
1279.397 763.593
1463.891 725.036
1371.049 775.162
1260.668 765.969
1303.043 688.484
1387.068 700.374
1433.450 710.026
1466.528 811.924
1475.810 701.874
1418.747 716.910
1435.912 844.559
1380.375 764.462
1367.119 741.839
1422.684 846.079
1318.889 872.562
1409.144 651.742
1478.545 876.953
1449.118 686.728
1306.535 831.261
1445.994 724.547
1356.927 841.981
1385.418 821.241
1342.842 830.191
1274.891 797.379
1272.940 726.137
1320.402 663.621
1387.366 808.959
1452.573 817.620
1406.350 754.332
1288.271 672.219
1350.641 833.650
1445.605 868.784
1467.529 749.065
1425.551 806.514
1313.581 776.264
1303.515 661.262
1346.532 703.287
1473.201 829.710
1383.241 877.625
1304.840 836.026
1391.128 832.264
1380.389 853.980
1441.173 872.704
1356.376 663.415
1152.924 2251.792
2169.880 1828.498
711.341 246.696
1554.444 2477.350
1705.726 359.079
315.382 55.536
140.714 171.939
1610.072 2084.573
2085.061 1920.443
72.989 137.195
2488.469 986.582
1237.773 2210.590
2133.961 1746.738
1898.791 1835.791
2004.443 499.466
2002.313 369.930
1762.275 1988.744
1755.506 2064.723
492.981 1801.949
1091.355 2320.834
1985.381 2180.891
127.306 1443.920
357.511 759.714
783.810 265.479
405.420 1583.630
18.970 1811.110
768.709 2312.174
1044.669 2185.396
2404.959 953.696
260.334 2100.372
278.897 2275.886
2181.399 1442.148
2374.955 1236.308
1866.990 2010.654
642.196 279.196
1992.208 1873.454
2488.335 1092.024
543.757 2111.036
333.564 2240.549
2445.670 1532.406
2451.084 898.599
1378.213 2426.434
1610.276 2239.728
2094.615 979.784
713.608 147.251
1038.008 291.365
365.387 1928.107
403.245 2413.711
2397.760 527.253
1298.094 18.013
2350.269 2276.912
2066.007 392.302
1821.823 165.172
1355.086 2234.564
358.180 2297.747
1212.513 2304.985
2033.062 2154.746
1914.318 363.347
2313.740 620.759
130.658 1108.789
665.366 1867.144
2157.779 532.479
305.543 2156.534
115.246 622.097
1371.060 197.890
260.817 2445.046
2238.335 668.928
517.447 1865.255
2449.426 308.665
2204.997 1973.762
28.398 2164.944
958.046 2454.104
1955.831 387.094
1759.637 123.043
80.178 1818.098
114.593 914.369
2455.820 2296.731
2321.980 2377.606
333.987 892.975
402.012 1636.223
527.307 2143.067
336.678 958.560
638.231 2400.800
2418.320 1878.948
24.847 952.305
1643.181 287.344
523.013 692.763
2225.840 541.068
943.231 408.631
1106.497 2289.062
53.112 2212.851
163.800 2110.960
380.513 1776.327
953.948 87.539
2101.546 2006.736
1416.037 2318.659
1726.458 304.676
2252.720 2107.009
285.171 41.390
256.030 1856.680
157.600 934.381
131.847 1952.359
933.975 2395.416
68.782 2347.924
685.963 296.534
710.552 54.424
1934.575 1937.873
2349.185 1642.615
471.699 1989.255
1978.425 2224.644
94.763 1847.328
595.637 476.817
2409.169 1414.788
450.748 2092.900
2168.977 826.851
1105.032 233.283
1694.692 2461.727
526.510 16.263
2039.504 714.905
728.109 517.587
201.660 2070.091
219.010 1438.707
213.080 2296.544
480.261 675.888
1790.804 97.257
2489.508 871.522
62.332 1583.326
1819.869 310.535
320.150 2406.752
362.594 1853.430
101.995 700.163
334.884 2005.729
125.350 2463.242
2142.711 1961.327
421.402 488.278
256.017 1560.939
2084.942 1801.714
515.791 2299.648
2129.528 812.191
2049.174 713.823
1075.665 233.642
1723.822 2390.519
1185.289 2224.801
243.429 307.052
99.842 2.906
2153.455 1768.295
512.274 2091.700
2419.013 2073.719
730.702 446.097
2074.634 1912.229
2270.278 472.586
307.689 977.266
2326.230 1815.766
546.063 2468.237
2132.052 1013.978
0.202 127.415
1000.911 2105.329
2076.070 874.144
2310.026 2028.612
2298.280 2384.810
894.599 2256.645
1885.308 2394.787
902.808 2081.885
2432.082 638.137
585.625 2449.831
212.261 2112.881
1452.326 233.429
39.561 778.569
2260.112 2043.595
1406.855 2214.372
704.249 535.163
2220.120 124.187
371.711 560.651
2446.376 1339.054
45.229 623.216
2271.584 1354.181
996.926 90.588
611.067 2371.534
619.665 40.735
495.641 1726.131
320.721 2310.397
1174.330 345.093
2365.323 807.640
2468.795 431.884
689.927 1994.073
46.611 1889.122
95.349 1918.708
1018.399 2184.773
794.875 2255.821
759.070 2144.959
328.566 279.319
2004.339 508.719
428.110 217.137
2303.386 1239.721
1548.158 316.653
870.317 347.624
623.360 2130.070
13.053 212.921
86.500 2470.913
2426.259 1861.389
824.747 108.499
1997.856 2083.441
2279.270 323.836
1677.984 2359.127
2035.060 549.510
1903.173 2110.046
615.473 134.823
2354.050 1240.623
761.250 119.925
2400.130 1560.425
2368.577 1193.341
571.764 1962.507
130.584 44.513
1899.260 1932.573
1832.991 1969.195
2364.024 1080.579
2352.311 1831.660
2051.805 531.743
876.339 499.013
514.103 488.494
441.148 2451.839
204.066 762.735
1264.877 103.664
2088.637 1937.878
212.370 120.734
1948.919 232.256
219.235 748.188
1118.195 113.619
2227.936 415.974
97.578 2097.105
2108.477 216.602
2256.053 329.668
44.170 1399.473
836.894 2325.869
1533.327 2214.843
157.682 2388.730
113.701 1170.426
5.404 1774.641
2213.550 1063.682
972.740 2471.061
35.560 2267.562
678.027 451.334
882.516 2497.403
1924.243 1973.981
813.977 2456.089
2063.484 916.594
2429.732 1429.397
2252.915 320.942
1581.931 2211.752
1725.764 372.509
1719.501 2207.034
135.680 22.143
1525.463 2349.263
1937.235 1967.028
144.226 505.581
1168.092 204.897
283.696 2345.239
390.575 2460.668
3.431 2189.413
832.732 514.897
1748.481 1996.728
346.308 772.112
145.054 1475.999
2471.422 297.224
849.775 2349.729
582.611 2010.540
2179.614 221.693
176.274 390.766
1596.491 2458.883
2407.373 2166.183
2265.834 68.698
1408.341 2188.157
259.231 2462.168
2089.723 142.345
2348.803 647.843
284.555 607.117
784.805 548.675
402.979 328.425
2007.176 713.774
2460.202 1205.667
2364.011 926.541
169.419 977.777
2485.185 297.145
2302.059 1805.867
375.883 2116.530
137.854 1342.405
2166.201 2240.389
1801.895 99.801
2303.188 1139.974
66.885 346.408
2223.858 707.165
2227.301 245.095
1991.223 405.868
1748.111 94.802
570.380 2157.020
482.472 692.135
2145.911 2468.884
2305.971 1574.241
38.076 2164.384
1188.710 21.331
484.479 2297.888
531.234 454.752
467.781 851.448
1656.307 2020.938
212.628 2438.216
1703.010 363.976
885.960 189.459
1916.694 2420.628
2003.683 2016.312
513.161 466.252
123.751 2094.321
3.781 1171.761
2231.114 848.923
2204.532 2116.707
2497.143 815.669
1976.954 642.582
222.698 830.735
2241.671 341.430
1264.825 2311.102
2149.721 274.011
150.938 1059.743
308.561 485.645
376.886 554.356
2449.126 1686.992
447.578 713.150
2071.782 286.749
2218.617 2112.103
486.203 504.461
35.208 2188.260
256.050 2220.627
1799.137 403.082
321.547 1614.938
2157.662 1759.046
2077.254 989.400
2235.134 1755.229
349.573 631.196
562.361 611.319
947.933 2387.088
2243.394 467.491
192.091 1672.942
2014.386 847.451
725.164 2032.423
2067.287 805.098
483.742 814.937
101.093 2027.959
886.635 2004.916
2216.440 356.960
1914.130 168.031
129.251 2198.663
2039.940 2011.749
191.723 1198.742
2376.537 588.092
408.493 458.469
2126.452 12.749
2025.858 662.664
2026.942 148.849
2436.095 647.098
438.319 2370.627
1987.785 86.943
2311.279 345.887
2092.984 1965.544
2163.496 496.200
1112.019 2370.560
2489.570 1007.396
220.639 561.446
2079.034 1762.905
1978.009 142.974
897.178 2459.185
361.806 2028.860
2304.340 1887.480
637.332 1947.986
1351.667 103.807
1892.031 217.259
2410.435 2383.114
1303.963 79.648
1792.585 1970.914
2276.712 1825.721
2496.553 1023.045
336.394 61.792
2062.840 734.892
2498.785 1073.009
2298.675 2296.305
2087.008 2198.882
2239.441 1344.771
706.752 261.634
395.393 197.958
1762.081 178.364
595.952 42.088
1674.239 2403.557
308.211 910.001
261.195 2438.163
685.632 271.577
347.214 480.910
962.821 2418.854
1939.050 578.430
2028.901 634.944
265.118 784.133
278.242 1050.264
2262.458 1487.143
2303.690 2381.221
2418.537 1182.251
492.410 882.470
1397.778 288.292
1432.931 2459.544
1955.575 2380.911
2346.308 1563.002
2035.576 11.301
2352.752 1502.397
1536.221 2316.177
319.973 2159.966
2159.369 1787.062
2004.701 689.322
2376.437 1613.304
1472.406 265.077
787.750 2337.411
2311.454 702.207
257.859 2304.021
592.373 2449.685
94.307 1656.718
555.394 2244.521
1491.678 2196.036
160.106 1529.548
414.320 782.447
2322.698 943.690
2134.314 1847.833
173.880 2329.365
1516.115 293.284
1050.418 174.728
2430.309 1186.564
1062.819 46.274
316.288 897.000
2223.303 1087.032
2411.762 41.195
2374.519 772.465
995.381 463.027
114.801 451.520
169.371 1634.124
1239.014 2493.976
2377.456 1187.609
2152.485 885.082
21.320 2019.907
2188.381 1706.280
1492.141 2245.757
2039.081 1976.301
2124.646 2373.873
124.319 377.926
2300.862 1105.496
125.523 2360.948
2344.800 2156.398
275.849 1931.248
2316.851 716.938
22.785 2472.390
34.111 754.011
491.814 325.286
2152.504 2015.326
333.891 2404.193
1896.571 2020.756
2472.388 2127.115
427.922 853.695
2087.201 1007.936
1863.920 386.816
248.061 200.715
80.146 388.241
479.811 2173.838
481.932 1659.394
2274.824 1920.096
896.143 296.303
179.712 716.713
194.624 1006.620
2223.173 1709.138
438.205 2155.077
2012.521 1805.090
250.785 1144.668
2120.831 1109.539
417.384 623.986
40.045 1621.674
51.314 800.945
1192.484 107.321
2378.097 2291.126
264.870 2024.100
558.632 110.735
1994.088 8.009
592.788 675.057
280.089 75.925
384.663 40.767
1019.548 2234.302
562.577 321.588
2245.790 2467.576
1641.232 148.840
429.379 795.384
2365.403 217.139
2073.063 1833.913
2119.351 1075.391
2301.366 2383.994
206.903 2183.497
1179.929 21.287
1636.188 2495.007
1173.526 43.263
58.648 1151.347
1471.802 2432.443
1122.530 351.028
505.370 1958.855
2095.597 1661.814
2333.283 1891.156
1988.715 759.999
2011.590 295.902
509.343 274.317
1251.088 320.664
2134.122 111.047
88.198 1310.429
1536.124 2392.933
1233.194 2437.689
1395.233 302.342
331.742 2437.894
1484.483 294.663
2145.627 926.763
1788.509 158.443
1028.994 66.070
2182.810 1123.896
87.197 1084.641
2137.948 1790.237
1609.887 181.186
872.548 70.140
602.881 222.083
1900.663 1994.119
759.764 338.522
177.591 61.361
757.641 2196.577
669.723 592.825
615.262 1972.958
1185.390 2285.606
1775.866 122.970
2076.354 2367.437
1816.005 1990.981
980.414 2371.752
317.878 447.689
260.997 2076.241
1513.754 166.738
53.400 1196.259
1775.402 333.241
2037.206 339.006
568.169 1803.922
266.748 1647.387
386.639 32.195
229.243 1302.448
890.186 243.405
241.953 2084.032
382.497 185.788
2240.496 443.035
463.489 373.032
1570.755 2488.482
648.497 1922.558
11.374 1912.024
2323.883 2385.231
2327.547 1624.885
2312.711 781.658
2057.105 368.842
2211.931 775.058
799.681 2212.598
2245.204 231.570
796.181 484.884
2371.824 1911.618
1000.995 2418.034
1217.301 329.091
351.291 1563.577
2418.691 1695.713
246.896 1239.050
406.948 441.908
1531.418 2294.062
114.412 2453.177
2319.433 626.381
372.333 873.487
2168.736 390.527
602.545 43.204
1986.723 2467.677
69.114 1181.209
413.330 435.371
2121.753 325.453
28.715 1211.178
2033.084 461.579
2364.373 581.121
1697.861 102.052
297.214 228.619
1677.494 2206.521
756.164 473.661
1311.533 23.080
1885.648 2071.665
2060.483 76.684
2136.697 2023.854
1435.062 85.246
975.405 2319.632
296.045 1647.970
1868.080 404.521
266.951 588.657
1597.330 2216.744
289.219 1356.137
805.718 201.664
544.896 2011.133
1955.321 500.985
523.002 12.928
794.403 2441.381
2395.903 1750.599
27.572 339.279
610.384 2035.162
1614.414 2315.248
1776.953 127.519
2167.089 207.943
453.177 355.260
647.730 2108.630
1166.967 22.362
2433.403 1914.789
187.058 202.178
41.614 278.622
915.754 2175.951
19.137 1864.579
1599.242 2214.709
811.584 2411.084
2062.065 2186.559
1510.152 2279.038
691.528 481.259
1759.108 243.129
2051.620 1970.553
1290.143 7.980
1149.953 2428.513
235.634 2007.796
2249.614 703.865
2368.679 2230.472
2423.237 1120.022
2133.618 1133.393
1122.461 2220.897
1455.882 289.968
2415.247 1487.490
2495.479 2492.148
1466.073 2239.392
523.728 1708.209
1215.284 2264.961
15.011 1630.419
257.852 442.573
9.713 1452.144
