500 5
125.000 125.000
178.656 124.456
183.065 112.247
179.023 113.084
168.693 116.736
182.992 126.672
183.300 130.822
185.992 110.653
166.667 120.560
180.259 112.860
168.913 121.608
164.550 125.971
170.450 110.516
170.854 123.883
166.088 117.335
181.125 133.072
180.365 122.583
175.025 128.372
172.161 120.505
173.544 128.507
182.956 132.418
184.675 127.373
171.024 111.886
176.637 115.982
177.445 112.415
180.158 127.293
167.854 119.457
181.862 127.338
183.255 118.519
168.326 126.824
184.618 130.208
169.523 126.675
177.222 123.882
176.426 128.868
170.895 117.786
166.273 130.017
174.878 111.665
165.578 128.630
166.272 121.075
164.861 110.847
163.533 122.272
180.976 115.455
182.901 113.897
181.595 125.830
185.317 121.785
184.972 121.186
163.743 111.800
183.918 112.044
168.026 132.828
166.159 128.151
175.223 125.831
166.738 129.246
182.200 124.104
173.571 115.493
185.278 113.078
168.866 120.520
165.664 111.909
180.754 123.824
166.213 117.686
182.459 114.946
173.971 122.517
163.684 123.352
176.430 122.429
169.641 117.862
171.072 116.087
163.836 126.210
165.507 130.577
170.378 127.518
184.679 131.171
165.486 121.109
172.688 129.638
177.091 113.180
168.308 117.099
165.817 131.897
167.946 132.610
184.980 130.136
184.740 130.872
176.629 114.519
173.296 130.591
173.438 115.076
174.961 126.792
178.259 132.993
170.267 124.404
171.563 127.396
165.720 128.928
177.422 115.224
164.132 116.228
171.515 129.131
173.407 121.286
168.380 128.253
174.740 112.749
177.550 126.126
169.743 110.613
172.745 122.233
174.870 132.993
166.767 112.675
176.953 121.112
168.070 128.945
169.925 116.196
182.711 110.615
168.221 115.235
175.568 125.719
171.110 131.441
175.808 123.832
170.164 115.103
175.088 124.928
170.694 113.395
175.676 111.752
170.545 129.516
167.698 117.432
166.855 125.205
173.906 116.644
175.635 111.701
165.923 111.412
169.650 111.900
167.528 122.377
172.313 128.009
167.924 130.773
179.882 126.172
183.321 115.566
168.127 117.171
173.960 131.604
168.265 132.474
174.271 128.627
178.225 118.057
165.441 120.843
183.698 125.669
174.506 122.498
163.611 126.492
178.228 117.361
173.171 131.642
164.157 130.894
182.465 113.936
167.480 130.218
170.433 116.099
181.776 113.153
184.157 121.637
168.202 117.232
165.162 126.271
174.719 115.481
177.836 127.169
180.937 120.861
164.095 130.419
178.223 124.232
183.543 127.954
178.888 122.057
167.993 127.141
172.044 127.592
178.296 132.106
185.124 119.836
174.356 132.068
164.075 128.906
181.215 121.341
183.964 126.947
178.699 124.932
165.767 118.096
178.302 130.738
172.653 121.794
176.944 129.715
96.786 158.534
103.030 157.357
103.689 167.489
99.401 166.559
90.630 175.808
98.553 172.472
100.379 160.332
104.198 164.833
91.526 174.434
97.344 174.146
95.344 167.819
99.033 162.045
95.295 176.985
104.348 167.222
88.734 157.374
104.021 172.272
108.921 165.698
106.149 158.432
91.290 176.226
99.880 167.817
105.047 165.813
100.707 162.324
103.418 176.985
88.843 175.104
110.051 160.837
106.310 169.232
106.992 170.546
89.349 161.410
110.609 174.399
102.519 164.918
109.054 177.478
107.736 163.387
110.294 161.613
94.489 163.748
101.129 167.340
108.587 161.477
100.914 162.320
100.158 166.555
98.617 169.823
100.948 178.093
98.109 169.597
107.821 170.830
103.780 166.216
101.039 178.342
97.182 171.722
98.230 177.523
93.813 173.341
90.976 173.331
91.572 169.695
99.187 175.540
102.410 174.181
92.149 166.793
92.339 161.381
98.344 162.669
96.132 174.544
100.684 162.518
106.599 173.825
102.124 167.361
90.565 161.163
103.128 161.245
105.758 169.889
99.349 158.757
98.259 175.000
90.579 161.913
97.060 160.564
88.711 158.582
92.075 164.032
96.052 179.528
108.771 168.813
102.530 169.402
91.145 158.956
110.398 165.351
93.872 169.463
107.007 161.407
93.223 165.884
97.004 163.048
110.983 159.926
103.213 159.683
105.214 177.946
99.580 164.886
103.342 170.969
108.296 166.299
101.267 167.797
105.542 171.682
93.564 164.128
93.946 161.222
104.657 165.975
93.680 173.250
106.694 166.315
92.464 174.239
107.597 163.222
94.383 172.236
92.301 171.822
101.539 177.951
97.736 174.731
108.861 178.955
106.294 167.136
100.672 165.759
103.541 157.845
104.037 158.986
96.423 164.620
95.347 172.903
110.016 169.896
95.279 161.776
103.953 177.804
90.784 176.016
98.169 173.562
101.498 175.816
93.571 164.653
110.516 160.861
105.998 178.489
107.901 174.594
103.668 179.561
108.339 177.736
95.849 167.188
93.922 159.228
105.610 178.536
89.249 169.133
101.894 157.240
106.673 178.651
100.341 173.108
97.548 173.221
110.400 167.320
95.665 158.110
104.463 171.984
106.546 75.201
105.552 77.112
102.628 90.933
99.610 91.297
97.713 86.651
96.315 81.938
94.482 86.939
98.924 83.280
95.961 83.813
105.056 82.437
101.838 89.914
106.629 86.315
95.651 83.637
110.596 84.840
92.467 70.724
110.840 83.111
110.067 74.382
105.210 78.194
90.572 78.147
108.337 92.938
92.364 70.529
99.259 82.776
89.924 88.639
110.596 86.963
93.225 87.416
98.397 83.688
107.276 77.257
104.807 72.510
102.012 80.972
104.888 76.578
99.907 86.691
88.724 76.818
101.533 74.586
103.754 71.055
104.337 74.338
100.312 83.671
111.030 82.240
107.873 89.017
88.414 90.544
104.899 73.169
100.133 84.512
107.514 83.048
108.809 75.194
94.252 88.800
107.994 75.980
103.508 76.129
91.707 73.549
104.739 85.456
101.591 86.942
90.302 76.995
106.278 84.281
105.072 91.771
108.884 82.275
90.399 74.991
95.351 74.822
104.198 87.908
103.249 75.171
100.796 72.600
108.678 88.173
94.649 83.684
101.274 89.839
90.391 74.617
97.391 84.686
101.693 91.319
107.573 73.109
104.871 89.159
92.749 75.677
96.342 70.838
101.686 92.451
106.139 82.998
89.421 77.407
95.516 84.173
107.555 86.764
100.552 73.760
104.605 84.996
88.592 92.008
101.471 89.777
95.065 75.922
99.779 84.957
110.248 84.575
89.722 91.629
100.882 85.030
97.345 93.165
109.856 85.350
101.662 91.831
101.149 85.004
101.892 81.156
107.593 80.355
93.324 84.138
92.554 90.665
106.201 75.752
106.745 78.606
97.290 77.951
106.659 78.364
93.465 78.641
109.237 80.893
107.442 79.316
103.410 86.047
103.956 87.882
109.243 76.403
93.082 73.090
109.517 87.569
103.722 91.884
100.172 85.793
104.027 79.876
90.093 71.514
97.557 72.229
98.169 91.221
88.597 92.784
88.624 80.093
88.974 90.087
103.630 72.341
103.462 73.606
108.462 88.315
110.043 87.511
91.463 74.607
99.853 91.690
98.713 77.134
89.831 72.718
99.672 90.114
102.540 90.382
97.772 73.556
90.705 82.080
101.848 78.081
99.901 71.622
103.305 70.953
104.119 88.683
102.577 80.334
89.901 84.301
93.304 80.983
198.803 79.394
48.641 199.828
14.075 54.063
174.418 244.494
42.865 233.122
18.465 145.408
180.145 49.533
131.493 210.105
249.731 208.143
237.192 223.969
223.281 143.130
167.392 50.871
80.791 241.740
17.378 81.244
8.549 48.236
102.909 246.973
0.380 121.965
23.559 144.043
23.241 94.936
191.489 177.485
6.473 12.339
244.427 168.497
160.236 239.456
238.276 230.964
107.397 218.328
19.288 109.235
0.711 105.374
6.846 10.697
234.898 134.961
221.837 179.633
141.355 22.196
73.719 41.187
55.808 2.660
203.442 46.570
232.573 41.375
120.218 249.122
113.165 8.628
204.492 242.980
159.602 9.366
111.499 247.115
229.652 32.591
49.081 219.185
239.405 135.438
129.083 248.746
51.420 230.702
173.198 219.012
215.950 8.922
188.866 45.909
211.233 189.904
172.603 245.277
44.619 17.733
186.640 209.491
99.870 232.605
13.609 186.796
1.216 129.938
3.900 84.053
156.751 13.357
53.892 170.751
33.709 64.452
66.556 216.850
91.696 236.158
206.631 153.751
54.949 171.811
31.275 152.452
66.498 226.460
247.503 195.543
71.731 37.720
90.953 216.299
23.267 136.836
28.821 24.344
89.757 27.858
81.746 222.247
82.426 218.115
247.882 46.821
25.392 66.629
182.813 41.422
72.760 2.317
207.039 239.157
19.459 206.710
78.772 2.253
139.647 37.103
171.496 249.596
150.317 238.000
77.166 212.863
211.954 93.479
53.653 76.317
