50 2
12.500 12.500
25.000 9.906
21.268 13.733
25.000 12.149
25.000 17.512
23.998 9.760
22.353 16.174
25.000 11.769
25.000 12.680
24.722 10.513
20.972 8.036
22.510 15.986
22.539 10.901
22.011 8.112
25.000 15.987
8.464 23.323
8.063 21.935
7.546 23.534
4.819 24.186
7.167 25.000
13.168 24.786
14.223 21.973
8.694 25.000
11.265 25.000
2.714 4.283
3.746 6.997
3.227 11.753
0.000 10.545
0.000 8.192
1.306 9.760
2.407 11.137
0.000 11.553
0.000 4.696
4.607 13.250
15.693 0.000
18.665 0.000
13.390 4.281
14.238 4.622
20.265 4.020
21.327 4.702
21.347 0.000
17.344 0.070
11.919 0.000
3.660 20.152
20.864 10.065
21.480 3.163
22.967 0.655
17.120 22.355
2.405 1.678
3.454 4.505
