50 5
12.500 12.500
24.930 11.209
22.781 6.115
20.302 7.294
23.098 6.049
25.000 7.129
24.249 10.140
22.125 8.777
25.000 13.213
25.000 12.654
25.000 7.681
24.309 8.429
25.000 4.446
14.938 23.745
19.936 25.000
15.827 25.000
19.403 22.727
21.349 23.624
20.259 25.000
19.740 25.000
17.994 25.000
20.734 23.634
15.419 25.000
16.258 25.000
19.658 25.000
0.000 12.961
0.000 5.883
0.938 7.905
2.400 11.896
0.000 12.564
0.000 7.066
0.000 9.685
11.848 0.000
7.331 1.830
12.300 0.000
8.350 0.000
9.952 4.769
10.534 3.248
12.684 0.000
11.014 0.000
12.225 0.000
4.632 3.015
10.362 4.628
23.855 2.564
10.486 24.886
5.832 22.593
6.151 23.545
7.711 4.934
4.569 7.413
21.042 22.364
