5000 3
1250.000 1250.000
2440.149 1908.280
1326.304 645.979
215.165 2095.481
2174.415 471.097
785.135 514.057
230.226 1520.919
1568.593 2028.265
2055.431 1147.427
1907.031 1970.715
989.527 1602.179
189.508 1389.406
1875.835 216.328
65.813 2147.028
506.681 1278.013
1417.339 562.190
1689.647 2303.041
2315.749 2146.925
1268.071 840.472
58.076 395.929
55.124 348.890
2417.622 269.440
80.769 468.168
2279.254 2235.387
1882.772 2137.169
1550.816 500.286
535.679 702.767
2217.339 155.990
1066.028 564.043
1842.247 2440.494
652.771 2421.478
879.638 334.350
320.069 1025.079
397.555 370.836
2030.734 571.433
754.594 1445.930
1007.560 245.342
229.491 587.938
1227.732 713.622
364.170 2099.781
113.296 1274.764
2064.473 2289.357
689.590 1666.526
1995.719 1316.110
1362.256 1640.782
816.062 1288.807
442.944 650.574
1670.518 1361.445
1673.916 468.120
433.262 1725.187
1016.271 1381.712
1459.743 1665.038
896.878 1087.336
2381.863 1672.756
214.869 1835.995
1316.424 1238.620
141.947 1799.662
104.123 308.272
1687.053 1236.937
966.841 2473.368
2411.928 96.338
1298.071 1100.934
687.012 647.722
1378.161 1412.664
595.762 1922.665
2232.188 635.721
1978.605 206.104
1750.650 1635.943
1853.541 2294.304
1913.398 580.417
407.740 1721.137
2413.249 2179.279
490.527 816.722
1118.852 2195.673
1578.134 2358.279
231.584 1600.127
1461.666 1560.636
154.263 1018.615
869.055 312.561
999.526 2135.775
171.501 242.987
1255.768 699.443
958.304 1254.803
1563.887 1940.929
982.982 70.925
2228.766 2021.745
424.144 2139.528
58.394 2370.457
2186.450 1965.280
1541.665 2228.606
1833.714 496.174
839.477 2355.016
2418.140 2075.093
1105.214 1208.075
504.112 2395.716
867.099 2182.054
500.715 139.951
170.250 277.483
417.310 1785.676
546.625 2389.688
2388.373 1259.998
169.972 1088.665
702.466 692.095
1198.091 1427.088
2255.639 996.027
841.686 1004.056
453.328 2324.303
61.571 1013.544
1651.018 1791.658
1580.483 544.943
1210.497 367.196
60.894 2386.322
422.077 2292.451
2170.680 2059.862
1826.713 2479.751
321.122 2113.864
355.190 1412.916
822.268 2054.815
1746.670 79.058
880.776 1799.132
1400.338 1779.314
2228.384 48.079
2237.452 1832.991
1526.306 1318.099
562.042 196.040
1317.400 927.161
1128.045 132.521
1778.084 1358.150
1000.236 2467.341
1689.999 110.925
25.530 374.444
1685.109 890.454
1357.863 2341.824
1422.228 2227.693
2091.833 243.345
971.337 1550.776
2432.785 2277.400
842.221 294.345
1477.731 208.039
2289.212 1608.319
1097.612 530.243
1094.700 1524.997
901.736 176.609
1403.217 1914.125
1461.933 1270.316
1514.666 113.305
1363.531 206.908
1952.314 1255.940
825.360 1098.637
844.497 2468.326
1653.254 2363.583
992.326 2352.428
1975.184 2239.852
2463.382 234.594
888.240 649.767
2019.523 492.764
1756.513 2362.585
741.991 1578.542
278.479 258.285
540.495 1206.447
240.848 1018.719
1534.604 2451.741
789.712 1722.774
739.143 584.140
2485.253 1714.557
1994.892 1020.993
819.189 52.233
82.005 39.552
1978.108 1547.951
1844.774 2321.864
1454.001 656.075
814.120 1175.793
1668.409 2081.482
1390.531 2022.395
1165.608 1364.034
363.756 692.375
1268.480 1711.262
1516.061 2214.673
1721.509 1673.262
1378.201 178.676
1300.092 37.323
889.870 2285.271
2379.120 1366.634
17.142 223.459
2458.694 641.568
861.669 2241.920
1494.679 2422.313
2099.190 2254.442
662.434 2409.160
1059.095 43.377
2166.085 2479.282
1739.716 1684.386
1105.229 1060.514
16.674 153.589
2456.944 20.998
306.229 1716.431
1658.815 362.926
1713.092 2178.005
124.060 1169.233
2017.902 1740.892
2157.640 2384.191
2183.348 1416.935
873.520 2489.909
198.291 790.731
1487.184 1587.696
1793.346 2145.308
1339.608 379.024
2221.682 964.078
860.989 1720.554
802.085 1363.839
956.347 408.889
1425.164 272.911
102.539 1850.084
1491.920 2349.542
881.503 1400.772
2345.242 1912.077
389.894 1096.409
945.580 1890.308
723.058 1127.974
1091.042 2426.560
2136.244 1213.546
1057.200 1439.524
2227.037 1175.332
597.995 477.596
631.795 2242.522
893.914 1144.442
2121.092 1186.899
1270.957 1714.565
1261.305 1466.457
2167.267 611.542
1707.589 1082.189
1798.657 1993.270
1193.559 2446.988
1276.839 1298.514
2110.789 1939.545
1341.127 1693.241
646.348 2080.413
1967.409 444.234
450.849 102.699
1798.158 1687.215
2393.671 2317.128
2029.612 2256.389
123.693 1308.389
2002.185 921.712
129.762 1998.669
1181.207 547.919
896.134 551.029
1755.354 733.828
1978.663 1577.162
563.274 1329.133
902.504 2041.484
871.011 925.593
752.051 2082.043
246.198 1835.380
89.510 314.521
587.409 2294.211
1736.899 2286.045
119.903 269.890
1843.663 667.440
205.658 1623.294
765.864 2437.944
2235.274 950.509
1123.298 857.161
1255.125 1999.855
2112.821 1636.369
2023.328 506.497
1555.455 1759.710
2289.873 101.297
296.247 1126.012
1636.632 1403.329
754.100 1418.375
1436.355 1366.451
602.685 2449.756
462.763 575.720
1455.605 278.097
2168.837 262.044
182.251 230.166
1168.419 1640.400
1903.920 1584.942
1754.097 2312.811
503.402 836.145
1106.578 2456.036
1489.382 145.277
1120.923 426.845
46.468 1182.492
634.415 2439.728
2099.877 1488.953
2439.551 699.637
797.620 499.019
1927.127 25.951
1518.146 1630.565
1269.587 1189.058
549.684 1003.228
62.412 1438.174
3.969 2202.556
2101.780 1441.488
199.029 2338.426
1186.631 1098.485
650.106 2370.053
556.317 2192.162
2197.154 2293.876
645.613 1654.015
1912.509 1631.713
1294.254 2439.736
1516.891 1120.064
340.239 1174.923
1227.167 961.297
1873.575 398.165
2481.108 2209.992
2077.115 1905.308
1586.985 2130.988
150.702 2144.619
1707.651 2032.874
976.693 1718.108
284.979 533.215
1219.855 1746.709
537.119 1377.710
1.571 100.367
1262.655 289.403
423.735 2404.425
2473.788 2292.588
623.011 198.914
817.221 1171.538
1710.126 107.037
520.716 1231.557
1081.725 1313.444
845.380 333.281
1780.132 1173.326
542.421 202.561
2402.225 70.247
963.343 1508.448
1689.363 2458.023
2469.559 1037.269
1161.338 579.224
838.998 850.553
1361.064 2497.612
1372.253 1509.957
1367.641 2052.527
131.069 1679.650
2014.329 1679.221
1026.997 351.036
1845.973 360.398
1031.551 1809.557
1104.696 2137.969
289.083 198.885
1100.271 1849.958
365.038 283.114
387.175 622.924
1991.243 2381.516
1005.944 2119.731
116.430 720.203
2490.582 2283.235
291.368 618.691
1869.444 2498.623
2438.124 1939.015
151.619 858.454
1924.564 333.273
549.476 2203.056
1000.271 1355.043
1019.588 240.960
1211.414 70.306
1221.259 350.270
1131.918 1791.942
1221.487 271.589
1228.769 402.853
801.091 847.497
166.717 857.722
5.143 51.198
737.592 1892.039
1681.151 1216.981
2111.044 602.910
1934.827 158.644
71.030 609.424
1397.614 1607.429
157.300 1615.083
858.215 1934.355
798.519 796.428
283.768 1763.807
2310.791 1339.000
2387.576 1402.164
2020.497 616.916
2362.629 659.701
586.366 1986.118
1679.273 1850.340
240.112 827.737
947.673 1908.562
100.166 656.387
1563.929 2205.035
1677.850 1664.365
535.058 1743.718
1613.466 990.446
1651.654 1280.763
2369.870 1337.412
2074.683 2237.964
211.889 1783.386
2324.355 197.278
451.728 452.665
69.347 1092.446
1873.160 408.765
2137.054 1529.183
44.535 1361.242
1514.970 1695.752
1894.362 1253.853
851.453 533.942
2307.321 1443.429
1912.367 1064.009
1055.105 643.651
1063.805 1043.552
2353.297 1411.960
213.912 861.036
841.936 185.167
989.036 1059.549
434.472 1710.495
2245.854 250.127
1389.491 1044.972
1485.008 1944.562
376.430 820.126
1908.595 677.747
2143.507 1223.095
683.464 382.805
1889.833 2223.617
2278.074 1045.464
1587.994 921.659
134.963 494.653
1005.252 1373.301
1130.072 2344.855
2172.154 785.047
2480.832 1697.243
1757.416 898.982
1768.382 50.219
43.433 92.093
962.567 369.632
1942.644 1377.997
1618.092 249.300
1223.330 464.424
1321.594 1668.892
278.136 1607.501
454.352 1169.582
1030.094 793.979
2289.712 2031.639
420.357 2467.978
71.446 513.795
620.999 699.192
2005.264 271.975
1554.045 300.437
1754.874 298.022
1547.919 2391.032
908.838 1561.089
613.484 2433.978
2440.129 2374.414
1901.787 1327.688
91.215 1395.564
1181.902 2482.561
1331.195 1215.493
811.388 1594.852
859.489 75.461
594.540 1036.945
380.571 1123.545
1400.779 1756.301
1203.045 2265.431
2045.750 406.894
525.190 2220.536
1914.851 2058.611
2295.250 1626.363
1439.047 2000.058
2293.283 974.228
1224.940 54.219
70.308 1233.557
2131.243 209.577
873.908 71.235
2406.362 1114.401
367.745 1707.713
2044.022 92.187
2454.698 540.342
2427.100 2084.823
1168.714 273.336
1240.910 209.925
387.834 154.572
1981.036 1328.045
1280.797 1762.444
1356.335 2407.716
33.181 875.650
128.059 1361.371
2313.628 1427.572
44.545 2198.797
2177.060 564.122
104.023 1458.472
998.804 177.448
399.638 561.431
487.426 1929.674
2092.284 1678.947
1572.779 1195.599
1619.590 936.821
1323.618 128.472
110.809 1579.502
180.258 1669.953
2430.822 1604.722
972.282 999.546
603.693 345.749
28.389 1570.019
1051.971 2010.511
1427.170 278.714
1521.414 14.068
1523.705 1608.154
1901.110 1775.094
338.120 1100.390
2227.730 1134.272
62.900 2065.790
1081.570 376.134
773.432 782.673
625.177 1450.187
1468.964 1585.692
2428.377 120.914
1413.111 479.043
1524.943 2044.369
1605.316 1199.535
1501.478 612.391
1591.671 2100.654
2098.170 647.140
33.482 1586.778
1391.590 936.718
231.778 2003.122
2179.761 227.156
1967.193 1791.578
283.957 2187.575
2155.758 1790.038
2242.063 1853.123
1375.194 809.785
573.902 2195.866
2112.906 960.309
712.027 1083.873
1757.496 1298.785
1561.520 1498.500
1216.095 2394.452
515.900 765.151
1291.869 394.239
1159.918 1951.757
805.670 2438.496
918.479 2379.916
914.274 809.850
1104.383 2145.208
2081.656 2097.943
611.578 268.405
1475.523 896.274
251.678 1460.324
2235.822 974.415
2067.606 1783.588
762.396 952.849
788.874 158.885
2420.624 2295.953
2180.527 1219.658
924.770 1465.421
1267.596 828.498
2060.047 1425.922
842.356 505.031
1107.362 1494.518
2331.179 102.365
1734.292 397.580
425.312 2107.228
834.314 915.153
237.586 1749.069
1744.832 527.783
1033.476 407.844
1609.188 1399.492
558.980 678.607
1225.432 1229.993
1461.946 298.724
2388.069 1846.879
998.134 1381.935
598.969 189.074
1145.405 1586.844
681.370 788.759
124.202 2159.422
1112.819 2249.654
185.963 278.199
2378.873 1206.590
1565.759 2233.899
2418.944 1002.899
1221.059 178.383
2225.477 918.805
1627.122 1429.983
2113.656 1366.027
1966.858 908.589
2465.358 294.500
895.971 2245.597
2437.010 1441.340
2131.361 2071.959
751.882 905.628
1315.748 652.822
1615.284 2413.384
136.302 1342.328
2134.278 1513.199
1019.414 1232.822
1330.946 2123.255
1951.442 2485.229
1498.255 775.370
1430.180 511.859
1927.168 1358.281
1723.666 1699.411
1526.114 1652.082
1131.632 269.901
767.021 1151.573
2346.792 425.007
2215.158 951.288
294.380 2409.951
1510.981 776.498
178.075 623.239
1163.307 2485.493
2257.825 1201.901
807.699 1919.332
122.508 2444.202
209.431 835.804
1714.722 1072.600
1475.135 976.890
2318.706 83.827
2298.358 2302.797
2457.725 1316.605
1163.181 1432.458
97.648 1429.194
2255.302 2332.557
73.875 1711.923
49.324 1040.770
614.143 1190.038
1201.155 280.113
1474.990 1640.728
732.598 398.469
881.722 2034.878
647.968 1570.463
1413.807 1040.916
1966.755 217.016
321.037 3.490
2057.080 819.631
1773.938 1994.224
1003.643 1677.133
422.924 2008.952
1366.158 1933.616
2496.807 1158.627
803.244 1980.587
787.100 458.614
2366.648 232.677
1926.463 1629.033
1277.734 951.596
674.836 2055.950
853.714 2248.039
1323.577 1902.312
2180.945 204.209
2104.765 2328.952
1136.701 1176.168
2163.610 2448.701
1114.325 1597.544
94.684 1803.237
1422.536 2390.637
1486.555 1340.133
1171.847 609.568
1842.714 972.048
1066.212 2317.107
24.114 1878.691
1862.959 1227.361
2485.331 266.218
1272.286 1894.565
2135.842 1825.495
1188.883 853.949
2185.931 1912.876
1442.528 1591.797
2422.933 2132.453
1783.077 1485.347
7.356 120.896
1079.900 1748.126
1205.734 10.847
1616.165 1673.316
667.061 846.993
381.566 2187.491
1185.539 972.746
915.725 2047.310
1692.939 1821.448
69.828 1280.912
2131.518 1398.729
617.613 2355.143
2107.829 1309.402
841.765 1613.437
1110.266 1415.680
352.453 99.743
994.286 549.490
6.778 1441.014
1477.632 1144.488
180.768 528.611
2124.348 1589.835
1666.766 1859.839
2059.451 586.486
111.276 2256.403
50.987 2260.870
628.624 1870.098
1638.172 464.867
1830.383 1336.871
2178.123 797.619
1454.328 2419.415
2433.051 2139.799
174.749 1737.649
1146.991 800.913
737.270 1562.328
998.626 1767.756
1908.744 403.220
1685.458 1338.764
139.840 960.365
981.504 1580.088
844.904 462.641
2100.457 1658.169
797.278 549.752
1612.023 853.003
99.276 1832.265
510.187 1401.738
459.677 2068.526
2057.359 1826.679
668.330 2071.517
1720.446 284.098
887.255 1589.035
1855.074 2420.378
1060.780 235.717
1872.996 1022.966
2474.191 2499.847
1886.797 1496.350
212.969 557.956
1736.055 1958.722
154.963 1634.451
2490.619 2230.555
1382.237 2306.767
810.480 1205.676
787.280 762.653
87.633 364.532
133.549 2301.546
1720.308 213.648
383.657 1633.886
1816.926 164.171
552.368 1802.474
1279.913 2254.527
792.467 1581.640
982.402 1555.329
1097.609 396.369
1950.710 813.038
733.835 1052.637
2175.694 2397.455
832.842 2104.713
2006.211 1824.805
2439.423 292.246
951.200 1078.580
112.210 393.048
1003.200 673.426
306.532 1672.186
647.787 1662.564
1401.226 535.062
928.637 439.926
844.205 305.253
1336.718 2120.711
2416.012 1153.857
922.953 2018.575
255.478 891.354
1983.920 1254.223
1671.777 1908.172
1752.370 2361.122
1418.906 1014.562
189.343 800.273
371.606 170.795
1899.408 1829.823
1040.718 2292.911
1674.799 2392.312
1627.726 760.736
2096.453 2161.341
1313.309 2389.757
154.345 1374.833
2158.106 1011.906
1536.343 2399.536
1610.129 2074.847
2007.347 323.011
675.176 476.507
1766.689 2316.838
450.410 912.231
467.544 1323.637
282.471 2236.306
568.908 1772.377
382.102 604.164
850.007 993.303
1789.555 1410.004
1129.935 1696.315
996.165 1342.209
21.630 1606.424
2004.084 2107.517
39.383 1270.942
2372.662 483.828
203.754 398.344
1826.394 1387.627
1675.468 2042.398
2036.441 517.420
1604.250 2410.049
478.967 1599.091
2185.352 1131.554
366.154 2146.122
1218.777 43.341
2405.080 642.115
1490.984 1700.631
718.210 963.007
488.003 1557.289
1935.368 1956.459
2168.987 1317.260
241.476 1971.261
280.152 482.315
1974.496 1155.931
2442.229 899.891
2277.543 2002.106
942.338 1027.286
1549.245 1438.577
1377.243 1167.985
1845.901 1064.624
1584.139 2238.578
127.046 1909.113
1780.221 2414.040
1505.457 2128.037
675.665 1200.503
2417.802 653.368
188.658 1327.378
553.497 2292.655
561.478 475.903
1753.267 578.349
2052.653 1541.305
359.055 388.546
2155.372 618.004
77.670 2223.707
705.684 1252.697
100.807 1387.248
890.730 2048.120
1209.040 996.215
1667.323 2317.923
1594.055 2128.390
458.126 2200.372
479.255 2314.412
2210.115 457.341
1106.825 1295.438
1130.204 2277.709
143.277 891.974
1729.082 1523.790
1827.834 335.461
1309.021 2033.341
1989.833 2357.226
1085.519 2103.930
1240.767 1300.504
1793.695 170.766
687.753 2232.773
1089.569 1642.572
1283.804 54.016
1273.252 419.066
1960.198 901.492
1305.524 1511.820
1976.654 1864.140
1012.935 1495.479
426.304 179.756
454.725 316.299
317.035 1657.369
1008.935 435.615
1256.790 200.101
757.030 610.469
2143.638 832.990
1790.152 251.680
1613.560 2145.711
2193.284 1503.694
1187.075 635.188
318.968 161.352
1280.392 1642.857
1118.439 1517.295
832.784 1786.718
954.588 590.455
2143.825 908.817
707.400 1642.494
2328.943 1557.478
2113.245 2052.590
1398.871 1027.539
683.602 2335.896
863.697 1274.546
2498.576 927.476
1657.021 135.062
2041.465 2238.050
2053.445 1530.198
2486.870 436.823
809.467 1736.800
1596.128 914.464
816.132 644.537
2384.329 1927.920
1012.849 629.941
776.040 1895.648
1361.560 1832.089
2419.281 2262.139
50.830 284.253
1362.337 1377.719
2071.481 779.924
1877.943 1376.142
278.449 2222.123
2064.331 710.462
1332.663 154.108
1731.791 1595.994
2030.317 580.744
51.312 768.430
1441.672 806.378
771.233 681.194
1120.601 1068.492
1033.914 814.380
2288.344 1347.630
1068.537 2417.312
378.381 455.702
157.657 929.814
1787.748 56.998
518.594 2440.443
1919.542 973.568
1954.082 718.609
1913.994 2163.407
1188.130 2165.993
2357.529 1079.328
1617.592 1880.791
791.082 117.339
2112.072 2030.502
666.775 1335.140
2097.935 211.721
720.067 311.078
1098.308 1163.253
422.430 1444.583
178.529 90.579
602.131 1789.094
2392.939 138.040
2402.526 2057.089
2087.843 2205.041
1697.813 2293.541
439.554 1094.130
1252.448 890.206
1940.586 2135.920
1182.620 522.531
1022.234 1475.627
1741.430 80.489
2372.877 396.832
1586.584 1066.956
1309.305 1349.119
2233.834 1205.476
995.019 1283.369
757.071 332.911
1627.344 1488.738
307.896 1866.596
394.589 1423.931
910.384 405.334
218.459 1064.956
530.742 1730.330
1922.933 2347.024
913.930 1910.719
305.498 1407.932
1283.401 1454.534
1909.109 2323.621
2135.835 2122.851
1422.913 2027.252
2464.663 1955.128
159.830 2450.293
807.087 1459.859
2387.402 2305.916
733.804 1628.527
1361.222 153.647
1886.322 1267.114
2433.494 1922.556
2050.035 1235.341
1782.092 2205.609
496.906 1493.298
802.277 2032.188
214.913 1486.612
1357.054 2059.214
2012.285 1363.409
1963.125 2224.085
738.615 974.719
1112.451 856.114
1436.389 2124.860
1616.764 1416.588
2185.366 2024.090
712.084 1517.285
2098.807 1182.721
1223.576 57.710
2145.616 1404.375
1642.037 2262.362
1424.615 1739.933
1243.229 1563.454
1913.600 1712.224
2.713 551.141
1442.860 46.055
97.913 287.889
1701.844 610.220
643.179 2149.101
326.307 1028.191
10.289 3.215
1462.374 2386.143
2117.620 1432.239
1198.504 2319.490
638.982 326.025
397.589 571.758
1665.719 1100.122
1430.113 862.569
189.498 1551.460
1267.465 391.118
1795.845 144.993
2468.395 2328.998
975.582 1377.924
1170.218 1583.792
1621.547 1780.487
770.910 17.145
1026.550 539.089
1150.458 2420.770
641.617 1763.976
995.892 1246.134
553.285 1563.127
1714.263 1784.759
877.289 759.993
1112.545 1215.503
525.338 1685.677
365.299 1033.316
315.387 921.716
1444.678 1982.189
1728.664 1358.998
1630.165 1804.600
910.175 1393.354
1515.875 1405.549
536.522 843.373
2123.721 1804.876
494.633 447.501
1236.523 46.699
665.727 156.982
728.778 579.252
2375.882 1740.213
1278.877 2079.358
1432.802 378.519
2292.985 563.501
1881.883 894.583
658.126 1334.888
1995.165 1041.630
2070.687 1905.657
547.820 1866.290
2285.118 1119.258
2127.971 765.082
1533.756 2078.447
264.636 1268.869
1091.988 868.068
1343.114 312.164
25.618 1307.834
1600.524 2255.582
1003.318 559.784
383.011 422.469
386.987 496.721
883.812 1261.958
1979.682 1056.984
479.601 1796.463
411.361 1613.042
2262.800 1199.233
2188.422 1025.774
409.308 1277.888
1553.458 2444.918
1471.681 1037.431
991.070 414.332
842.175 2041.772
1810.235 1065.980
1194.281 542.127
412.375 2156.624
372.800 753.954
351.355 204.129
2372.433 2285.068
1191.054 1399.830
325.064 135.451
128.855 83.905
2216.795 2152.413
1369.357 2483.709
11.316 2115.999
233.420 1618.365
1646.506 977.411
1423.285 117.196
2310.026 2197.368
1365.503 2288.206
2414.238 731.772
733.113 762.943
2086.028 510.282
2324.814 2209.271
2385.258 56.489
1851.115 369.630
1580.839 2070.166
1970.254 2334.228
110.810 397.252
647.229 542.205
2390.745 163.555
1281.540 38.278
1931.955 2322.188
264.919 259.700
644.984 197.678
0.033 552.819
2344.312 2082.955
21.668 1242.044
324.738 2108.668
2325.893 262.766
1670.875 1606.946
529.911 1981.491
2387.178 1747.556
1880.637 278.703
32.905 352.752
1277.939 1827.141
2219.921 1280.564
773.129 1667.341
2362.145 1449.038
1384.256 2240.730
2277.036 1017.219
1013.283 60.440
1970.159 1631.652
591.785 416.119
1335.517 535.661
2191.598 2446.583
1234.948 123.549
1209.102 476.939
55.885 94.592
763.323 2041.413
1681.037 1949.222
1494.696 1355.930
759.280 723.241
585.142 239.007
1325.017 1118.347
699.084 1377.989
2360.221 479.282
1886.251 2491.758
837.117 1909.729
1746.465 2034.793
1902.103 2347.719
1152.692 2357.241
1731.012 1962.034
1686.624 678.345
1536.427 515.047
2380.889 2088.353
365.581 1.983
2193.431 56.047
1181.065 1222.051
1642.413 1746.149
693.340 1092.852
851.248 822.845
2256.010 248.173
691.050 182.002
2260.116 1639.232
1461.144 857.067
1004.932 829.191
1651.654 184.522
589.940 1599.294
2166.837 1097.566
497.071 659.520
50.457 1203.246
1925.649 475.343
2215.390 1192.403
1556.753 1859.638
60.321 2250.181
366.369 1722.726
2244.429 161.075
308.976 1357.192
1017.341 1164.337
513.662 2404.324
598.123 1859.799
1529.916 684.505
2183.255 517.030
427.317 2148.684
613.521 1590.052
2246.687 1706.026
2236.117 1501.822
1750.560 2466.075
701.386 92.219
212.611 222.462
1861.277 2446.900
1169.108 1069.551
1001.380 1731.762
156.269 471.356
1339.566 730.158
356.981 87.888
500.330 547.254
1683.394 2043.783
1306.624 1808.763
558.640 88.275
747.657 1238.768
947.585 941.218
2096.322 222.375
941.600 2065.338
770.597 370.351
2440.128 2104.986
2483.597 2276.472
1843.202 1022.595
63.624 1736.452
46.007 758.541
1889.541 456.002
2414.948 1392.406
1065.854 896.033
542.213 1796.178
1702.316 2446.726
711.445 2347.516
86.524 868.308
1949.855 2102.035
744.714 1796.656
1970.427 2426.547
127.220 1592.489
1348.854 909.123
268.134 979.705
2067.207 616.858
2217.339 522.493
849.992 1391.274
1740.203 2411.217
1758.529 898.949
182.577 1239.957
2095.791 956.830
1339.057 52.668
2311.449 1271.943
1208.547 2227.028
1057.383 1629.660
56.920 779.429
422.650 88.743
479.490 30.108
1597.274 304.694
175.175 1421.343
614.757 1182.629
625.828 1080.472
821.084 611.281
1130.350 2047.731
602.350 1687.674
1082.459 1034.656
681.452 1480.196
2315.192 1834.028
791.037 2448.903
2479.306 62.074
1705.121 2151.794
1708.964 76.636
1999.394 1879.751
153.118 1263.758
238.964 171.727
539.087 1860.201
1749.634 2241.470
2462.689 2006.887
465.781 1551.268
483.982 585.048
2220.798 1346.280
1456.883 2440.590
1540.618 1127.528
1720.469 1758.459
1475.260 2340.527
498.374 999.988
950.836 1612.905
2074.153 1425.061
1640.489 1766.227
957.536 1515.019
220.892 1923.685
495.677 1231.858
1663.979 425.901
645.785 762.884
2498.222 1993.997
1524.285 218.809
1966.094 1744.366
2008.127 1479.408
2260.039 1307.741
2176.508 801.596
477.816 1794.360
678.680 373.724
613.291 1475.439
1913.538 1685.409
469.959 1766.807
344.245 2306.245
1572.229 902.257
1006.556 286.929
1080.727 386.708
2106.487 574.332
1400.114 988.361
1582.482 166.447
1107.339 547.999
2295.618 2402.036
1746.637 103.853
2179.328 2289.044
1211.186 959.786
680.450 2224.229
1699.643 2259.731
562.252 527.364
758.103 169.661
1378.170 2455.731
792.678 178.121
2229.404 666.320
630.515 1146.769
347.288 2217.134
1888.395 1636.157
1142.574 1467.020
661.778 347.354
0.658 1996.392
1523.392 395.914
472.408 2246.972
1710.864 1242.550
411.544 2118.524
1598.865 1539.850
2401.090 471.423
375.922 372.550
763.125 1856.093
167.912 2381.301
828.021 1423.536
2335.626 2204.408
2123.723 2070.827
1145.104 1945.553
1142.988 2109.309
1703.011 1792.148
949.582 1011.077
2221.290 887.889
970.878 1934.480
2301.538 1481.451
703.020 624.321
376.573 123.807
217.751 1585.353
2192.804 1572.369
1338.851 996.170
1704.632 1736.453
2164.864 1716.917
1296.024 1900.933
407.708 2442.558
1950.855 360.744
284.148 1139.709
163.579 1639.055
2049.812 2059.841
673.580 1701.739
17.655 607.463
533.919 833.939
1989.401 178.745
1363.168 512.102
675.601 1952.658
113.169 180.811
252.781 964.830
2426.640 2432.094
998.111 146.527
602.661 1832.575
1552.293 743.482
1087.629 1951.189
133.945 1170.989
653.362 730.671
1730.538 2301.443
2454.508 115.741
1776.673 907.341
1682.392 1518.064
2425.056 2222.039
324.433 2364.476
1711.073 1411.247
1905.896 671.582
859.577 1622.045
1484.721 1019.879
2009.307 1329.195
2488.032 2375.493
1287.382 1608.599
1026.161 319.222
2301.316 2478.512
656.087 2098.127
2260.031 535.233
2030.929 1839.027
1368.364 465.393
1486.898 1585.369
1712.678 913.157
1162.353 754.639
1438.719 1307.355
591.356 115.276
680.604 484.195
846.708 1258.364
1313.259 609.254
730.523 1755.972
1686.028 1493.924
935.209 527.483
310.304 1595.196
2473.919 288.753
55.749 1088.535
393.580 2066.795
81.632 873.728
182.149 2441.983
1158.914 591.942
512.620 275.660
1124.194 732.323
2101.706 2317.779
2303.773 2017.497
726.406 2115.499
1812.689 666.168
1480.163 1434.414
1212.695 1652.361
1047.811 1911.592
645.098 2474.888
1767.435 1893.634
1868.772 904.407
1079.913 1233.993
111.373 2213.204
530.568 1249.060
1504.199 1104.279
398.787 1566.201
1145.914 766.573
1859.056 1839.264
147.438 1381.512
791.134 37.444
2193.410 2230.835
1213.784 1113.439
624.284 1560.947
1331.631 989.460
691.999 545.144
475.069 367.098
149.257 204.849
43.469 315.052
221.111 2451.814
0.088 1034.508
1692.403 1757.153
487.965 2063.974
2378.350 1133.480
493.328 557.906
2424.109 2027.102
2016.335 665.563
1083.510 1304.912
1278.357 1179.692
455.397 594.805
658.981 1025.934
328.224 36.424
846.042 2165.480
2320.050 534.552
429.117 343.986
1029.114 382.423
719.365 101.267
828.657 2414.558
1954.597 2145.057
1940.790 983.568
1691.575 526.541
1718.036 370.518
363.761 457.599
1972.259 161.588
1962.137 318.489
1159.533 848.925
2332.041 1920.548
2474.195 281.399
312.560 875.139
1533.221 1592.771
39.080 1759.582
1396.652 225.964
237.424 1506.792
2345.726 2389.061
1572.867 554.402
1217.695 215.506
1283.214 310.612
323.337 1470.615
1715.761 959.113
2252.118 594.381
2134.244 1077.325
1651.792 1999.662
426.232 2459.768
399.711 579.045
2027.988 568.741
2228.510 1621.968
1247.067 2079.089
745.670 1857.361
648.063 847.723
899.997 1080.262
414.954 965.625
1383.819 1712.916
705.736 20.730
1120.363 2305.653
425.091 1896.227
2386.328 436.205
133.268 574.205
379.128 2389.148
1869.619 1835.236
1226.923 1572.237
331.086 820.892
1078.458 1490.118
2396.218 571.515
2366.688 2361.245
2357.463 1549.745
543.707 1562.378
1074.209 1718.190
1362.045 2446.385
1747.359 726.509
364.430 435.392
52.561 1276.491
1122.951 2019.122
1361.683 1030.959
2033.786 1820.955
647.978 414.236
397.565 747.032
278.747 1909.852
961.833 1698.484
2443.804 1612.526
1958.588 768.443
550.978 2123.526
315.913 344.636
2137.746 1529.081
2180.691 1746.837
1181.136 1918.074
1727.904 2169.049
2261.905 1655.671
2430.054 2235.561
248.372 1682.472
943.203 799.346
786.664 2477.919
1111.573 1033.534
139.504 2067.866
287.639 2281.578
33.507 2228.229
147.439 1656.523
1615.777 920.975
746.519 766.122
1853.291 2379.435
516.756 620.675
1564.214 443.960
1003.091 394.243
1038.152 484.348
1932.482 164.958
969.112 1914.039
1202.957 590.102
1606.122 2191.530
38.515 2077.664
1682.292 512.970
621.239 1006.066
1237.501 1043.645
473.013 1813.035
705.391 863.926
2425.181 556.521
931.011 367.560
344.538 2203.115
1404.706 401.003
350.998 61.895
2425.864 494.500
2089.875 1005.133
2227.267 1885.065
2114.305 1769.504
2460.954 183.623
631.146 2137.807
1503.702 1351.179
244.865 226.911
1863.451 280.439
1671.299 285.770
1527.282 398.166
1644.538 2372.686
520.492 2282.714
1763.092 1997.756
2081.560 2416.336
1215.668 376.079
1606.036 1264.783
2357.361 2161.523
639.948 42.455
2289.504 709.462
1800.740 519.377
2488.009 2049.503
2270.010 835.845
1463.001 1700.307
136.833 2289.621
248.723 2105.360
1600.456 814.294
160.197 855.730
916.971 1574.296
1957.914 22.473
196.660 1782.304
334.730 339.994
2424.133 1894.140
1782.220 2356.265
1521.495 378.162
774.885 1323.605
2154.605 1813.585
1328.824 206.686
1046.226 1605.864
1767.823 2383.746
729.103 2447.694
1083.057 114.771
308.038 1218.424
2125.164 2003.269
2231.673 1708.581
2043.494 1758.240
2462.134 580.819
568.257 944.437
140.290 42.762
2318.713 2444.251
143.248 271.686
1453.879 1140.509
1688.449 2156.766
576.741 1748.367
1745.080 330.403
397.126 1523.617
533.354 2344.474
2022.273 757.170
4.126 1146.725
1712.135 317.522
2103.013 1888.076
319.234 56.598
1446.577 2345.457
2227.426 1048.177
178.929 1451.962
35.296 11.663
2406.351 6.344
1846.773 1517.209
1659.597 1633.833
1628.330 2353.258
1914.244 1809.386
1983.444 1571.707
359.632 673.867
2199.359 2094.022
1700.576 1992.331
486.036 38.292
2170.481 334.590
2442.503 1466.244
2070.821 2073.318
1971.083 1883.556
707.663 1461.000
1916.507 1911.443
234.665 682.974
155.714 808.891
2000.135 1309.258
516.962 1841.229
1273.341 803.211
462.662 2224.218
940.026 2130.039
979.937 1915.865
2328.470 27.950
1333.178 2093.796
1871.825 980.927
1462.005 960.247
1505.125 1847.324
1236.050 2271.150
755.683 443.420
1770.584 2474.348
1350.219 1518.797
1715.942 1184.250
917.068 491.770
1054.208 519.242
844.183 1658.443
1107.740 1181.003
975.311 1281.295
1442.188 39.258
2190.452 888.260
1054.483 2490.088
1858.015 2171.943
1040.185 820.129
906.901 231.035
1415.133 626.347
2015.507 2209.595
1954.712 977.608
1406.777 1896.191
2136.065 1687.140
2244.604 153.518
1602.918 1261.740
2456.986 1190.370
507.250 2249.345
2031.965 1326.898
802.418 1856.939
1514.634 200.244
380.535 1961.422
65.914 530.862
1849.392 1708.159
2462.967 2088.729
1279.253 282.488
1262.934 1979.127
14.680 295.568
1111.224 2029.306
1501.555 844.257
1991.320 1446.556
1368.539 2247.370
1955.928 582.276
1462.842 2339.883
902.813 1809.278
2055.044 1280.275
2405.051 2468.342
1226.042 313.025
1600.555 1235.833
1984.016 2392.327
1988.572 2292.652
839.677 1037.991
87.014 1790.016
323.720 172.474
2046.730 648.649
1281.541 260.363
1196.677 2312.588
384.376 203.702
765.781 1252.156
1423.499 640.870
677.699 718.915
2389.035 1881.361
1890.733 204.446
1868.225 1211.978
940.028 9.600
1839.995 1159.010
2465.821 1352.624
1961.678 850.868
1937.552 1725.937
722.178 527.171
1748.839 2375.485
1271.667 2153.710
1526.920 457.175
1704.111 2494.358
544.656 121.339
258.414 1399.037
1250.746 1916.359
1062.330 788.692
301.678 290.343
775.368 165.960
2339.548 390.608
1336.358 843.148
1760.161 2142.156
1814.856 2204.515
2077.295 1745.428
2472.671 1896.452
2322.414 2470.948
389.275 395.106
1361.858 778.984
1123.442 586.395
1303.162 747.446
869.865 1789.540
1842.135 1850.745
420.717 1501.540
1673.097 2211.218
1625.274 178.969
1894.737 353.786
1421.040 2476.575
2191.443 982.408
514.406 2093.122
1974.387 427.169
849.235 878.489
266.985 1517.269
1551.602 457.086
749.172 2373.646
2418.606 1739.051
2355.680 2084.264
1683.586 1612.684
1342.830 469.207
2194.212 749.188
1141.066 1557.461
2260.214 2055.344
516.861 1620.967
41.093 1699.535
2294.283 340.488
285.127 238.326
2073.970 1450.649
302.911 2188.025
2063.331 2436.389
1294.667 1222.708
1044.709 1388.220
2323.090 1575.914
1548.099 1698.161
63.595 1863.421
1312.312 1714.484
864.155 1540.123
679.921 1433.482
2175.171 1074.234
1686.894 1564.186
228.030 716.089
822.759 1417.265
798.962 773.955
165.298 2213.840
1047.955 950.866
1419.861 540.890
2210.777 1395.274
2402.056 1708.490
1574.386 1075.053
2171.371 371.746
1633.396 32.351
1643.654 888.655
165.258 1843.734
2033.868 521.527
81.362 1122.115
560.881 2482.519
746.743 1100.835
276.358 884.727
2274.622 494.215
1894.807 1325.427
1065.524 549.148
35.351 2197.917
1827.931 2477.386
2243.192 821.233
2426.458 156.917
2105.806 715.461
633.376 126.536
2435.350 1829.871
123.963 563.395
457.501 1304.590
2389.184 522.110
1731.450 860.559
1696.328 1974.827
1874.181 1732.363
1870.531 1225.858
2400.292 306.518
1275.415 740.192
1522.189 2371.412
121.129 1483.556
127.212 2457.290
1222.526 854.211
1792.173 701.727
2173.812 444.049
917.063 1257.117
880.268 1422.829
512.536 898.821
798.451 323.876
1627.809 1245.076
251.722 2476.227
1514.083 1398.571
2288.677 229.957
363.792 1350.830
1523.388 1613.320
668.512 1990.577
1912.140 1480.731
1401.060 1350.428
326.075 1292.384
2185.573 1311.674
2488.309 2221.043
65.222 298.270
453.546 1376.167
526.282 103.836
1777.918 2055.281
2336.845 444.083
827.049 981.684
1116.454 1170.720
1909.034 1570.219
1178.567 674.403
2227.938 2119.951
2373.996 177.177
2220.312 1662.247
479.724 129.645
234.265 1797.486
148.731 1562.535
2146.500 1144.415
1808.953 217.153
1254.687 1086.311
1942.344 2349.926
1002.531 1848.614
1880.063 1932.363
1719.623 111.464
844.045 74.479
723.856 792.713
973.203 1624.528
2284.616 238.060
1558.609 1254.986
643.047 480.976
1356.916 842.785
1180.443 1603.771
90.300 613.392
941.464 90.231
894.718 1134.145
993.488 1602.767
1019.397 1082.613
1575.650 755.059
782.589 1355.971
1633.333 2054.807
912.008 1993.869
2280.050 1224.217
917.353 1240.713
588.450 2045.453
2252.558 1924.145
1326.807 472.354
1855.884 1741.294
252.987 2242.746
2489.498 975.059
794.404 490.649
111.606 610.153
351.742 147.029
272.812 766.732
2319.462 641.579
1903.120 2092.769
2470.545 1687.469
1023.951 2295.043
863.682 530.277
1783.303 1215.248
107.477 2137.209
2135.926 2088.889
757.394 2250.022
585.726 1251.586
859.755 1512.533
1069.436 1983.487
774.532 31.065
2178.736 328.383
1969.179 1602.851
377.306 1828.964
1462.213 826.968
2279.275 571.853
569.544 9.869
165.787 2154.204
1811.225 133.172
366.739 621.605
2433.927 1988.608
834.718 937.638
1634.604 425.884
1962.862 1823.048
182.749 2427.409
1494.630 804.300
573.419 2423.235
1485.416 780.567
1386.598 524.475
1206.524 2419.066
1752.083 291.550
828.241 1036.429
1.559 1347.354
1060.394 1125.205
904.014 1535.079
1131.696 2262.042
736.115 1928.645
2302.763 1928.546
1719.948 914.476
1538.229 1303.761
117.074 2324.933
168.780 1486.189
1457.279 275.765
289.974 1532.355
2276.608 1515.302
1840.774 2207.186
2156.473 367.948
885.262 2402.438
6.573 1323.762
2482.558 618.408
535.759 830.415
198.705 1565.046
1526.919 1682.706
2164.383 1521.104
710.862 2150.502
224.653 1371.458
1560.690 2216.874
1626.063 402.791
187.794 363.360
241.593 783.810
147.109 1507.376
2415.986 821.997
1107.076 1521.741
2134.655 1173.578
1691.123 1429.335
115.657 2381.384
2345.187 1791.261
1484.672 2111.560
1263.487 302.917
2035.781 2402.613
770.098 1856.316
82.023 755.325
862.712 422.960
292.631 579.058
1301.478 1647.107
2001.370 218.886
2146.986 1011.768
991.933 1403.331
1404.163 411.485
1999.766 797.530
1366.904 1683.768
1737.446 2297.634
807.197 2000.882
278.881 1943.783
1077.980 507.940
2140.990 761.694
2321.150 695.426
1023.961 2133.903
1830.970 2238.274
957.633 1464.902
1319.695 2013.668
730.388 2324.917
1960.267 343.997
2111.013 1608.422
1540.843 1656.813
226.933 753.796
1953.362 693.056
2253.669 715.549
339.412 1623.623
2053.027 1523.207
259.772 168.918
1600.723 362.357
947.049 1766.363
1767.092 2107.732
1565.433 2425.305
395.544 1413.361
708.669 1685.578
2207.598 1462.163
829.846 77.842
2385.964 281.171
385.701 947.569
2258.055 1960.098
2229.122 2253.098
988.474 463.508
836.061 752.899
2400.581 2035.538
930.727 1077.157
959.150 1762.357
1803.094 1891.794
141.792 812.472
87.801 1956.175
1133.957 1788.257
2303.149 802.579
1043.833 35.594
1592.343 1824.969
627.344 1959.135
1013.487 1546.489
2432.563 2230.241
914.217 2138.521
174.602 1582.206
2047.292 1423.407
470.019 1420.701
2085.963 648.774
568.575 367.226
846.869 220.846
282.561 460.604
1223.705 276.105
1286.262 317.021
367.406 2471.956
2000.314 1030.495
168.705 2155.010
867.463 468.583
18.071 2068.439
1093.348 713.828
137.600 1008.359
328.519 1207.285
1206.889 69.821
1028.783 1867.929
935.308 699.359
416.132 823.730
2323.783 2410.017
1955.428 2446.300
585.593 1167.932
1105.259 792.294
1314.250 463.380
1422.261 1559.866
2090.652 1790.760
2395.095 755.138
512.842 2312.120
616.923 834.074
197.040 1067.374
1255.012 738.060
2131.707 1923.475
1730.680 132.080
1492.787 1745.431
1840.290 1983.055
2444.580 2003.753
104.563 1137.261
817.898 944.588
297.351 27.257
862.513 2208.401
1776.790 2324.711
2378.510 497.943
1975.316 1801.336
1316.804 1562.546
1252.951 1820.419
2095.019 397.933
2161.624 284.166
600.410 2068.729
48.216 2450.150
1083.573 635.559
929.019 2361.117
315.473 243.808
960.239 89.552
2080.548 261.304
89.387 1034.503
1943.506 1394.461
1040.089 209.221
1964.010 196.367
47.812 1007.960
678.240 556.015
193.713 2430.842
984.608 122.821
2380.856 1468.379
1858.063 1622.045
2498.054 1697.345
802.529 2451.487
1803.062 1686.820
65.995 2252.972
2164.142 151.722
540.630 777.901
2272.960 1697.704
2094.585 1636.770
993.503 1647.895
1085.931 1500.737
1381.557 702.576
1685.110 408.792
1534.925 447.395
158.270 1671.308
2232.432 579.382
1097.960 1444.175
2281.682 841.322
1314.555 1618.839
2128.586 541.246
1503.614 840.500
335.562 1241.141
2380.716 1186.885
690.453 1597.210
352.261 182.854
263.805 2161.274
1232.163 872.075
1577.050 1294.048
2228.260 1569.794
553.657 2196.742
2482.093 914.015
1240.636 794.583
1867.975 1957.192
605.048 2476.433
1874.239 1622.101
1452.990 1278.224
895.578 1190.036
1313.846 423.149
1626.103 453.983
1519.490 839.541
717.268 964.529
229.923 1861.418
627.489 543.340
955.630 260.508
1507.496 2209.197
790.451 1124.503
168.908 2342.225
396.868 437.087
944.675 666.477
1681.400 38.070
1982.202 1629.854
1165.283 2106.369
2042.117 2318.909
934.199 1475.390
459.516 1123.379
61.718 668.244
498.654 558.524
1494.780 2067.612
218.866 1111.982
2097.994 1424.663
2109.947 1660.140
1670.421 1554.076
262.673 2042.375
1947.327 1107.060
1980.232 473.838
1272.738 1376.164
694.081 298.025
1818.264 256.979
1384.419 239.302
752.433 947.220
2309.237 623.567
1562.472 900.713
825.346 951.421
322.361 2128.363
1092.163 1777.577
1087.406 1966.186
2235.224 1758.035
2054.958 2108.604
1780.749 1527.945
1470.036 1636.650
1751.492 1946.738
2337.269 1663.073
1125.690 1763.055
2204.988 839.391
1154.018 1635.630
255.659 135.850
2380.607 2108.176
1521.194 2203.135
1143.762 1923.093
1138.019 2037.969
1232.260 785.518
1538.253 1719.273
2037.032 1491.185
1280.458 205.472
2013.133 1866.259
281.350 1471.962
138.692 196.279
1112.140 343.547
243.852 205.128
1947.326 1603.684
1130.371 2095.790
1795.795 540.164
1434.627 1790.123
346.644 91.057
1620.120 918.922
1287.203 1234.791
103.450 1594.025
2107.185 1212.894
1497.159 1784.935
318.045 527.870
2287.030 1178.727
1363.208 486.237
2472.572 1211.864
568.826 644.875
1738.513 2396.703
1092.317 515.409
2447.868 1243.708
2317.140 1950.821
1070.249 1704.935
1977.633 2199.635
382.043 584.335
355.940 1715.393
1192.228 1116.509
1071.536 929.960
279.251 1815.965
812.094 2078.441
294.487 120.243
1830.540 1010.251
463.280 1100.922
1343.721 489.824
2247.386 1059.747
1389.795 1180.484
884.424 1592.321
1648.389 1931.634
1035.053 1986.536
589.713 406.148
467.023 420.971
908.075 175.703
875.695 2265.181
1056.906 307.294
654.315 561.495
1827.424 1116.205
113.936 1076.424
1182.304 1934.859
1838.380 691.377
1883.751 250.336
435.193 1702.040
1331.147 504.051
1781.064 231.876
704.220 863.828
1516.862 1827.485
482.460 2377.533
1274.275 1018.437
1258.460 552.095
925.212 1712.720
402.238 787.367
1835.390 1917.981
931.666 187.589
66.498 2120.972
541.291 303.268
1986.940 2374.146
1388.357 1155.558
1418.526 2311.903
1057.240 357.295
1594.980 2155.748
303.667 1981.925
1958.821 2237.068
1104.185 2090.608
188.896 430.533
106.550 209.661
1744.409 336.485
1111.640 1249.886
2066.280 1617.552
1603.224 1630.426
1268.448 1959.233
1397.938 2050.369
1141.376 566.605
854.767 595.700
263.672 2340.237
879.349 1902.973
2461.379 862.936
1619.148 2141.149
1351.975 381.539
1113.163 1212.384
2043.959 64.763
393.996 1116.112
294.496 779.829
1681.433 1337.139
1030.138 224.932
112.071 1160.062
1729.319 2429.459
1116.829 175.884
1655.663 839.471
1643.004 538.455
2059.683 546.228
1968.291 241.811
77.148 85.149
2332.963 2022.552
1316.631 1523.108
2195.548 934.578
310.051 1099.699
210.418 829.009
653.537 2215.275
302.519 646.441
240.777 237.250
433.184 1238.466
2381.995 1258.320
1699.052 644.084
2132.182 2213.903
69.339 2076.192
495.658 316.241
1374.137 472.771
289.524 1346.041
1241.165 1533.825
646.928 458.165
1798.546 1185.904
421.012 2297.737
468.642 1413.201
988.687 1749.684
1998.140 2088.402
968.624 210.114
1438.844 207.124
1796.427 2354.393
982.296 24.411
990.347 690.191
717.469 638.331
1560.705 11.807
1709.435 1635.537
418.027 41.894
1712.139 1089.191
751.356 1386.809
1705.278 1889.290
2151.610 2260.396
605.368 571.015
735.567 595.690
486.126 710.095
2111.898 1426.281
417.928 2184.118
29.078 1944.187
2213.103 2385.461
446.650 1409.432
1316.549 2360.791
1821.574 2349.386
1576.301 998.948
1044.624 1561.521
535.285 1897.481
1627.952 138.802
1443.216 933.221
724.637 2064.128
332.911 1102.003
648.241 2029.474
1017.562 1575.509
1313.127 1810.638
2447.230 1845.913
1699.709 2092.529
834.137 2454.979
1442.211 439.224
40.372 590.174
1515.573 1855.606
2281.548 332.347
1651.119 565.621
130.712 449.444
508.889 74.526
471.360 2086.962
2368.947 1038.122
2144.772 2382.992
2279.341 2230.914
1944.529 2013.733
1407.772 2056.514
1552.999 1324.653
98.723 2329.000
128.338 1977.015
1647.007 706.197
2180.439 1878.228
1498.927 1413.492
1964.047 2094.894
2214.237 289.191
1765.194 688.431
616.724 2315.128
2387.590 1616.642
1537.884 138.881
1765.544 870.751
105.852 1354.935
652.007 2287.687
165.138 1368.350
252.513 745.934
1935.769 629.284
1899.828 23.307
1787.867 432.972
1749.145 1582.024
538.041 2268.205
1472.560 2298.790
282.331 1028.131
1394.722 1708.498
1940.247 318.190
960.372 1646.612
1308.466 1334.237
977.195 1668.024
987.217 1751.126
1590.942 1834.387
2102.445 333.973
84.216 1776.727
708.473 605.592
1910.535 1165.185
329.420 1041.309
119.397 1078.198
1756.116 222.408
2406.814 1055.108
531.715 76.298
2350.807 2086.696
723.866 1685.189
709.523 1773.029
856.434 2161.641
711.753 2382.896
2346.086 243.826
1899.483 451.646
1968.292 973.147
1387.090 1753.148
2433.105 604.232
2070.319 1366.420
455.818 303.025
1190.925 1870.637
153.186 521.665
1186.675 881.733
1921.847 1107.137
216.657 1338.797
2103.630 1639.385
2158.335 2439.183
782.536 712.033
246.176 1519.971
1717.336 1098.266
1326.439 1662.251
701.407 1702.337
1283.068 1026.300
1358.334 468.666
1251.194 1123.280
1236.042 1862.163
2294.033 2207.520
68.622 2362.322
538.737 1585.448
630.180 1214.923
150.765 2309.095
2167.663 861.813
1598.341 1579.822
1752.881 1564.371
2259.766 666.057
1866.177 945.513
1512.573 823.090
2434.915 1713.847
927.154 1202.857
1317.633 1547.167
2406.286 992.437
529.304 112.764
1942.761 955.552
41.195 214.325
1326.376 2418.911
1454.074 694.911
2210.036 59.225
1940.250 1728.789
1691.474 2098.670
2488.659 603.317
385.221 1998.986
214.761 1573.725
331.520 1668.090
1216.859 1187.570
59.807 1478.470
1559.087 1840.628
768.361 2232.176
1087.732 1737.710
2360.260 1948.313
1900.573 427.753
1681.924 509.380
1337.197 2057.749
2309.259 102.311
2356.618 1855.395
732.625 2007.948
1815.496 793.098
1915.782 1176.262
1428.985 998.474
1919.256 148.315
826.962 1008.428
596.174 341.776
2190.698 519.297
502.599 1331.378
1908.748 1665.164
2405.844 2271.662
23.265 2415.823
2053.823 1432.336
2121.096 1780.730
96.007 2057.240
1027.188 831.807
1194.386 2216.571
2464.175 527.649
1840.623 1958.083
34.118 922.138
2149.818 2178.907
1338.782 305.174
1962.323 1141.977
1933.338 830.130
462.420 205.356
858.756 808.864
1749.622 2431.829
260.000 143.071
573.255 767.123
2312.003 761.707
1546.415 1653.727
1852.253 48.368
854.837 1443.687
312.188 527.598
1049.482 1958.157
394.677 1535.855
1887.087 872.899
180.075 743.866
1605.840 89.853
621.020 94.353
1537.411 1080.676
1218.860 2486.881
1362.297 2079.221
2053.642 1575.168
947.505 1358.410
346.776 604.591
355.476 149.035
1888.774 297.756
526.295 1494.178
2093.320 2340.466
1229.472 749.109
1860.249 570.457
689.335 1812.215
818.553 1492.114
1168.686 1994.617
2372.819 2076.898
1722.648 26.987
1485.836 2423.144
1965.771 448.489
2140.493 776.428
1250.785 1593.584
50.382 2494.216
62.196 164.240
502.441 2469.001
864.142 689.466
638.014 1070.308
955.172 1289.621
746.392 76.493
1217.414 1728.108
1093.369 2452.534
122.235 595.105
1708.297 1091.691
145.349 47.774
1457.617 414.128
2142.591 1314.562
2211.069 1790.594
3.452 495.799
661.132 1205.848
2207.231 1544.805
182.047 1887.168
2228.151 1038.452
1394.128 1045.966
1143.730 577.572
516.654 38.766
2037.139 1703.512
2340.491 295.673
2223.350 1463.992
1881.345 101.530
419.980 1370.280
330.095 830.147
800.413 2117.675
1203.531 2004.107
1456.870 1651.852
692.075 518.120
654.482 228.463
158.806 795.513
2069.740 2207.152
1070.018 1639.285
1057.716 1618.736
128.006 73.466
2420.559 428.719
1682.597 35.070
843.343 562.881
1680.278 110.884
1878.761 2063.221
2476.530 1414.237
551.354 574.591
318.487 2496.666
2221.970 1966.895
1050.800 355.348
2293.002 33.946
1151.766 1838.017
518.704 812.780
2021.694 2451.858
1999.803 1127.598
1538.144 1296.492
441.586 59.278
604.944 2259.264
711.886 1402.504
1844.943 1336.988
2392.501 843.017
1969.467 2447.856
198.586 1461.423
1611.784 2404.656
926.190 87.442
2240.332 2036.265
2491.366 2359.836
1944.402 614.255
987.228 227.681
1079.346 1530.764
1831.906 108.994
2494.023 2195.296
1485.259 163.020
496.607 1895.876
1842.394 234.556
480.033 438.281
2040.659 1013.157
792.106 1694.646
1254.291 862.752
1721.553 620.869
1343.610 651.574
951.811 1337.470
2418.713 566.483
1882.191 330.105
418.843 987.860
401.631 110.954
1420.092 2121.440
1677.014 1937.940
1263.589 1775.006
356.312 589.354
618.214 37.724
292.655 1583.413
1056.598 1428.860
2426.518 394.145
1129.307 1216.131
1832.707 948.458
2182.121 997.236
1779.350 451.921
1057.392 1156.132
606.691 49.147
472.880 980.346
1247.140 378.571
1835.773 1510.877
797.426 1858.329
505.002 1531.059
921.808 382.871
320.953 2454.584
207.116 521.543
1926.866 1163.363
1966.595 1127.629
980.719 2122.884
304.780 2420.040
1048.539 2175.886
1421.360 10.913
1727.316 932.464
203.902 666.024
1146.484 931.540
817.953 906.044
2241.404 1094.737
1313.738 1275.787
1311.846 1384.227
1264.638 2336.704
554.144 2369.305
1314.002 2250.324
1803.268 1461.638
192.785 728.299
277.796 2061.394
1439.011 2118.969
531.684 729.824
2134.868 2081.594
2180.634 1599.718
482.711 2267.539
1821.436 1413.493
1726.313 585.772
757.180 249.731
1431.533 565.281
301.847 2176.563
1667.089 2415.084
1522.679 844.017
900.754 1247.542
550.876 870.109
628.310 1860.454
1549.287 239.208
1647.510 853.893
2464.789 1565.962
1831.530 1604.193
1585.491 2195.910
1260.671 83.741
2451.088 1403.741
302.987 814.435
1361.427 2273.795
8.903 428.324
270.139 1013.583
85.023 1374.087
975.452 527.944
1429.224 250.344
489.257 779.782
2399.827 1994.864
95.291 928.972
501.517 540.000
1159.205 1574.284
958.815 2308.996
557.246 1395.722
830.618 518.250
1523.219 2324.889
1840.899 1629.347
1536.787 2277.981
1646.012 2349.347
439.600 1823.163
2402.521 828.085
2017.927 466.509
2223.259 114.589
1089.652 1556.641
125.556 2325.444
2432.672 1580.501
1778.828 792.146
1636.599 570.195
650.438 1033.256
2325.282 2110.228
134.290 2410.333
1602.626 2153.061
1021.558 1297.423
2251.390 1454.575
515.092 1492.709
690.472 1000.375
249.766 1290.377
166.190 558.359
59.967 2122.376
924.776 666.751
413.628 2243.522
481.893 631.071
1911.197 2458.579
2485.504 804.418
1457.830 322.981
2001.845 2240.863
2356.873 826.766
1735.626 175.514
921.151 1308.661
1393.041 1572.525
327.057 811.254
1410.839 602.882
1244.408 870.132
771.929 115.918
401.091 1703.548
854.177 874.412
2090.479 1485.323
323.706 29.521
914.707 530.203
1241.057 1646.647
722.333 1024.481
894.053 2397.761
793.527 1933.578
221.727 914.448
1244.005 881.707
2434.712 397.441
653.584 2191.323
698.288 107.777
1502.601 240.331
2246.476 1217.495
2459.692 641.877
278.306 95.341
282.374 2022.028
525.417 2386.414
135.661 1705.860
1536.683 32.247
1706.264 105.190
705.045 1957.563
2153.177 24.789
134.307 2151.553
1918.589 1097.315
263.207 1119.947
212.364 1284.740
486.575 2091.650
141.127 654.056
1272.516 1221.098
725.898 786.788
1882.332 741.133
1206.341 871.783
785.596 424.721
1604.109 1830.471
14.252 1886.085
840.532 1974.107
703.253 1913.247
774.603 464.414
1368.906 1620.772
1143.320 596.490
172.997 1285.663
2442.669 891.539
1723.458 2461.895
145.903 761.603
599.978 1795.185
190.782 1025.202
2246.030 1531.639
2093.414 1551.346
1822.119 6.756
706.527 4.997
1704.937 255.562
857.003 1951.965
1694.437 889.267
2155.807 1563.584
1075.277 1526.263
124.627 1320.966
21.351 584.145
622.811 1835.898
241.548 1822.351
907.983 1208.450
954.792 1314.651
293.909 1774.412
273.827 2418.674
1605.115 2036.398
591.188 1289.182
1884.349 2094.230
247.482 632.325
62.476 797.137
723.105 413.651
1987.076 2056.776
115.455 2375.454
532.979 1707.648
1926.010 1907.380
1700.185 1612.839
299.349 2421.973
1966.391 968.961
387.343 624.277
740.681 1148.166
99.070 815.846
2198.921 1249.240
1801.287 1437.274
651.659 2021.011
440.584 2493.376
2045.629 507.081
1292.386 2175.094
1241.690 2042.971
872.704 86.486
376.931 1225.617
2072.844 1229.069
1753.945 1547.703
1654.460 1707.572
764.904 112.608
2393.740 2041.753
769.671 1843.899
104.652 1834.504
622.775 760.450
2242.144 398.723
1267.357 750.352
1233.679 2051.135
1961.219 1560.850
2207.779 371.921
390.079 471.950
898.284 1340.683
2327.866 1409.778
795.035 371.530
158.985 59.410
1008.194 562.027
462.296 590.523
165.979 1684.318
1297.429 1174.054
1758.754 878.469
2424.976 1044.745
1532.516 1813.979
1957.158 2431.753
195.644 670.949
1678.670 1730.530
1456.720 491.900
2399.289 139.805
2038.581 1378.562
2059.208 2250.085
2099.888 1501.180
1049.914 532.619
1644.784 1512.678
2432.205 677.896
2345.206 1955.593
431.712 726.249
2030.209 1619.352
1452.125 1816.962
2108.547 2130.490
1778.409 420.417
617.336 1763.136
1915.890 1621.471
695.016 961.275
1268.251 2353.600
425.710 775.540
2341.051 2263.156
998.254 1312.883
1237.784 711.732
1156.677 2166.842
1910.746 2319.699
853.699 1200.084
1713.744 1979.785
1838.918 1943.778
2404.896 1539.604
582.223 2043.162
1816.631 2226.991
2127.716 841.655
244.296 2056.725
1751.003 586.180
328.296 2357.253
1473.802 1529.315
926.375 1470.217
2111.036 534.435
388.921 658.197
1567.749 1485.063
2387.813 850.352
2394.904 568.574
1824.104 2376.949
907.998 1426.701
1960.313 852.402
1588.103 2344.807
767.910 1147.154
1920.222 1719.308
363.696 573.577
1909.795 1612.650
1834.185 2069.195
1036.712 2277.344
1674.407 2396.415
2410.968 1375.062
2180.122 2124.846
2363.071 557.852
656.578 1373.636
1272.056 722.024
1045.475 1754.760
1028.606 769.641
1360.420 505.839
1306.226 1499.235
1255.773 1037.708
2263.206 141.141
1028.315 2335.876
294.417 1496.981
276.292 1353.614
313.060 2057.749
2152.934 2388.683
1041.475 497.802
15.794 2111.699
418.059 797.008
1955.389 2173.599
1655.331 37.251
1601.885 2383.606
393.518 1116.193
1559.057 2047.862
334.217 172.750
1677.647 1676.489
205.746 835.958
732.899 252.308
452.500 407.173
368.018 2088.495
1724.925 1012.951
1279.226 1163.917
263.193 1898.565
1220.518 66.172
822.999 1639.102
1517.306 476.677
1274.368 2199.377
33.691 1492.428
334.589 335.104
2329.186 1372.848
944.134 1534.480
1447.322 2029.460
1365.493 1116.854
144.508 2415.731
972.629 206.278
886.698 1978.405
1941.180 779.400
221.616 974.746
906.150 1428.848
1806.527 2054.081
668.161 661.525
747.203 1102.034
954.150 1836.912
2002.677 1541.881
1972.489 1335.327
472.774 497.571
331.982 2087.152
432.448 2199.776
860.159 497.079
667.579 45.264
2294.131 2189.861
741.147 858.763
1726.094 606.344
681.539 167.829
1409.425 994.607
1253.744 692.504
331.624 2391.017
598.462 877.476
1447.499 35.470
198.200 2315.351
720.305 179.740
339.284 1966.340
861.775 557.204
2088.844 539.883
2147.974 1536.361
621.750 2475.789
1514.638 1801.263
931.566 2069.374
1054.403 632.137
1362.301 1674.964
1391.411 2425.286
95.158 214.043
1141.783 798.039
1575.066 1420.952
1873.031 1676.504
169.314 1356.227
1190.686 2091.849
1080.957 361.129
1404.564 2366.167
131.129 1590.900
1049.983 802.111
441.373 1421.701
2396.634 1525.271
703.399 1395.968
2103.131 829.507
1296.454 299.547
2150.434 953.111
351.537 2447.761
1816.593 311.560
1922.842 294.004
1688.904 2151.871
240.521 402.050
1089.628 1574.140
274.033 269.197
964.087 2431.349
1650.553 498.703
940.953 2365.838
792.947 1540.875
1393.698 846.668
1739.865 2392.887
460.069 118.558
1724.441 1057.927
974.214 2175.711
1236.115 72.813
287.707 1906.156
937.955 89.220
912.018 2017.578
1988.761 781.451
2162.638 1093.217
1528.098 2272.898
2106.470 993.681
1122.723 309.454
680.374 1993.691
2347.316 377.422
1263.751 389.659
2415.158 2205.768
2018.425 48.178
2069.961 363.555
2419.587 439.771
765.184 1786.866
1142.484 1005.221
971.044 1942.015
808.014 2049.070
1730.337 984.211
732.043 2089.142
1430.826 2363.791
77.275 1255.314
1794.941 2302.135
2071.605 2336.684
1747.866 1052.328
1001.939 93.424
2226.874 1464.383
2385.267 2390.519
1474.485 2278.207
706.203 2167.861
2324.178 1224.900
1810.136 1673.930
1252.375 608.714
1159.689 1330.608
2339.653 1774.861
1760.894 1937.381
1419.567 455.023
1276.672 1846.281
2471.269 1262.434
1475.249 943.661
732.450 2312.338
2085.631 1298.426
1777.664 345.214
1274.261 1195.638
1338.130 2435.672
2354.129 1375.700
747.674 2054.217
540.596 2124.049
1876.714 2257.200
437.076 955.111
816.673 1283.788
1024.855 1979.021
2308.178 1289.437
2383.811 1679.314
1407.002 2063.426
136.985 1060.474
484.962 635.847
1402.233 195.261
2007.027 363.389
1087.379 2356.870
1980.412 1774.100
2454.424 110.268
118.958 2014.842
1545.298 2353.973
1440.607 231.185
908.179 1621.071
2089.103 1234.968
9.984 1656.854
2410.427 54.400
352.958 1971.219
1380.421 374.622
957.668 1435.195
2245.355 1083.615
2359.660 1245.178
326.640 638.185
1425.095 984.858
743.283 2081.925
1186.091 1785.751
2494.604 1023.869
936.072 1693.635
627.194 596.470
2035.463 59.311
259.665 1387.994
2275.062 1201.275
1615.148 986.705
1562.628 2211.738
1350.129 916.335
1899.278 773.236
192.901 1063.241
832.361 1511.394
660.055 2170.577
1474.157 2072.015
1924.837 1162.703
949.661 261.424
1948.742 98.991
887.539 1703.896
1654.389 980.046
324.468 1785.322
707.859 2127.731
573.930 501.836
799.562 1001.483
2017.080 1224.946
739.306 2462.864
1846.383 1657.293
2289.842 2423.945
13.733 2420.910
562.717 2116.168
1797.900 1577.638
998.698 1603.054
173.928 2135.268
2128.892 454.882
3.164 638.564
2299.152 1321.140
55.720 731.481
56.683 1435.914
33.268 1628.292
903.973 1504.369
1200.765 2360.955
1773.318 2471.209
395.432 1556.464
1530.416 1904.249
813.052 1412.618
2303.286 1206.162
453.770 936.853
2424.572 2284.496
1118.319 2259.197
767.320 1722.234
2498.942 1782.562
238.689 2186.134
897.399 1991.174
808.687 1178.423
1742.130 1943.101
2247.648 1061.306
1782.191 2142.389
39.082 869.960
1052.189 1157.016
1357.057 2032.655
2455.474 1823.453
2279.838 2418.770
228.333 1904.952
1721.392 2325.691
2092.220 2357.376
1787.515 1047.558
133.514 1300.976
44.049 930.217
1306.749 434.906
482.797 2462.022
737.986 1221.987
1891.146 2261.568
1437.362 759.664
1318.329 1514.106
2276.873 788.805
515.959 127.914
26.146 1185.803
158.110 20.815
1310.125 81.702
1287.351 24.329
685.249 401.992
779.429 339.805
2407.150 725.966
2108.045 1644.522
809.155 1207.849
383.599 338.523
1255.169 812.697
741.678 403.990
2021.220 681.736
1730.439 1574.591
1244.100 98.728
94.162 2239.953
2430.022 2295.182
1098.452 202.584
1500.299 1486.968
395.048 747.071
1752.490 1711.652
661.549 2112.811
801.099 670.248
1067.344 1096.602
953.392 452.067
907.566 1960.056
2374.459 1415.833
1989.447 1211.267
1612.377 360.126
1413.803 2413.785
638.144 2063.172
777.464 499.017
168.089 1494.703
2052.331 561.659
1128.675 1700.072
1079.652 1623.203
143.667 2475.371
2390.406 1544.783
2158.998 1753.078
798.798 290.478
1821.217 1481.559
355.574 590.878
93.290 835.947
1804.406 1084.672
1527.794 1363.401
1859.823 2113.701
946.064 1013.992
437.793 1053.773
1145.422 139.879
1969.440 423.160
1509.382 1731.363
2032.851 1485.322
2151.681 2484.767
2120.877 572.802
503.646 1289.826
1845.888 1703.859
1168.649 1057.426
1950.806 1140.428
18.321 2269.582
729.840 1614.305
49.589 444.086
1417.738 1999.527
755.504 593.727
800.556 833.842
880.896 306.519
2082.778 1842.027
1620.544 2109.652
1063.044 1227.047
1010.212 2394.621
1426.686 578.904
1252.210 1794.268
2396.715 534.292
1078.085 233.693
214.801 2354.658
239.102 1077.171
2313.618 2475.426
1561.995 1390.619
969.889 1352.040
1052.415 1288.809
2283.978 1635.790
1744.314 1779.862
238.291 1231.152
73.635 1285.794
545.256 2482.959
2142.939 400.781
1508.716 535.757
953.185 1073.173
43.616 606.200
1094.350 2004.771
935.566 1902.406
1150.518 51.694
196.664 1255.907
1240.214 836.854
2444.247 863.861
486.524 1255.872
39.902 2287.300
1242.555 1052.450
348.363 2133.859
2199.267 532.667
708.982 412.481
1995.527 2140.451
1382.396 1400.016
92.499 123.958
2175.523 986.565
1871.340 1338.544
2355.055 2393.766
2456.641 53.288
407.902 1203.886
1614.037 475.913
1210.473 2151.194
2110.620 340.338
1044.185 760.110
171.605 379.117
2022.992 1432.496
1381.407 1491.604
2454.664 653.765
2053.228 362.314
1167.478 121.814
1454.672 1649.994
2360.716 664.408
1357.008 1097.306
1239.111 46.646
1764.108 2367.523
1789.122 2.264
2280.262 1784.208
1578.214 105.542
456.553 705.793
1332.337 716.325
1764.263 2314.254
476.287 1542.472
358.058 824.103
1551.139 2075.060
1429.441 122.726
2141.188 1056.174
1574.199 914.389
787.256 1277.899
726.952 2316.068
2356.969 187.223
362.799 2454.134
1520.254 1532.820
813.146 940.897
1687.624 1956.201
1730.231 671.158
672.128 2175.841
2057.895 2123.917
395.425 1599.788
2205.717 1366.770
313.396 1398.397
2161.072 103.489
353.104 112.885
899.445 2327.330
135.091 74.027
912.317 1532.111
889.159 941.848
1730.486 1376.046
492.819 774.802
1945.107 509.820
2281.447 1984.157
1487.991 1771.132
1970.327 1294.659
2030.045 227.436
1842.781 1980.739
1057.142 1745.712
1850.249 1927.101
1362.861 2357.183
850.873 481.524
1797.332 1037.314
293.893 55.501
1791.492 1056.305
776.970 958.960
951.844 996.343
2067.866 1332.351
2271.178 208.105
1502.410 1372.120
1535.568 1144.031
1215.987 702.110
1164.049 31.811
2441.496 809.217
448.059 175.625
2260.054 1802.667
92.685 868.880
2026.074 788.976
763.569 1310.560
2356.917 120.130
2331.490 2217.781
2438.182 668.653
242.564 810.298
113.650 2292.180
2080.463 1238.592
2031.857 714.111
17.006 2258.818
1478.431 720.656
1548.514 2365.199
1097.810 2022.086
1045.891 1042.142
1709.472 2325.218
1809.374 372.200
934.202 1400.248
145.104 1537.909
1400.619 603.638
666.500 29.500
1562.337 2249.188
1232.118 2310.115
1609.303 2328.728
2008.104 665.523
1011.861 678.935
498.819 1997.186
535.276 1156.666
1418.330 726.839
1442.960 842.465
401.847 1367.672
180.508 87.133
1430.330 1884.508
1720.111 1011.822
2030.476 1009.997
532.368 2184.782
1523.905 403.450
1298.311 768.184
613.227 234.852
2042.164 434.728
1519.314 2456.070
777.718 2212.863
1260.142 2413.734
1155.215 2115.870
1733.015 297.466
1393.129 1014.383
1555.327 2054.289
2020.477 1051.338
753.553 1877.038
1136.698 2212.363
215.550 1964.140
556.720 1755.262
775.549 1021.291
2200.410 1611.156
522.336 1975.231
232.623 2227.378
858.158 2455.546
2124.675 377.431
1181.877 439.093
1754.559 1150.473
299.554 1117.390
486.319 2465.006
50.908 1112.320
1272.559 2456.839
285.469 1392.057
1850.107 296.196
1633.718 1959.619
2358.579 1138.863
99.897 508.403
2003.001 1516.865
1059.548 1838.502
25.552 972.142
122.233 2015.550
2175.589 251.518
117.984 2368.953
680.957 1152.098
1328.729 68.829
144.468 2070.805
1708.951 2157.637
295.131 189.392
1820.879 1674.142
231.529 1196.812
331.091 2070.746
1997.975 1221.888
1531.380 1465.520
542.787 1176.559
909.961 1104.929
1501.046 1910.914
1918.921 1865.754
1168.228 1006.429
1310.551 1668.917
2148.613 2383.647
2212.870 310.504
544.936 1399.629
541.184 671.043
1699.417 692.964
1637.940 1627.047
1425.430 2494.887
89.779 641.913
1177.332 510.558
371.151 15.587
442.273 1738.693
2497.411 832.349
1471.029 93.523
1816.145 2198.273
325.035 1955.323
2278.865 1649.694
799.740 618.309
1155.485 2097.793
112.310 856.859
624.636 1754.157
2242.412 202.397
1332.774 588.892
1555.357 1195.182
605.915 2326.992
1119.582 2056.529
1645.613 1034.747
57.071 1915.033
1961.030 610.266
324.123 699.631
2138.095 980.904
434.007 354.129
2257.161 121.192
1540.035 2008.081
1850.466 1474.681
1212.295 682.286
98.288 934.696
415.729 624.197
683.691 1651.941
2040.343 1449.087
2306.635 1842.098
43.184 1731.534
1924.060 356.352
1037.614 174.789
496.703 1671.673
818.980 1972.188
1120.765 2497.127
550.002 2164.772
553.575 282.516
2131.726 366.267
292.828 1488.932
1339.576 1170.496
2336.661 371.002
2237.441 2094.692
937.012 1181.872
2481.432 1443.888
2184.518 585.036
935.091 1295.836
1448.972 489.881
1074.916 1486.280
1544.921 1393.661
2422.431 1554.789
1160.523 1158.925
810.442 199.566
1710.645 2016.880
385.673 1558.292
266.530 805.958
182.010 552.198
1206.011 2025.570
776.717 1711.390
2072.249 1311.516
728.603 805.217
1186.902 593.624
1994.841 2418.228
2108.459 1329.862
1653.137 748.738
802.256 2041.231
1020.138 499.570
1373.706 71.815
172.394 857.071
672.124 85.322
823.371 1917.454
1028.774 1281.970
1696.633 1003.107
555.994 556.602
221.819 983.762
1482.409 1501.840
818.879 189.678
2418.305 1880.753
1964.315 1065.890
1550.685 912.723
1456.881 671.600
1277.941 639.223
2216.931 1692.276
1764.027 1555.287
1720.651 2088.047
1137.645 821.239
696.056 2294.288
652.123 2396.619
919.012 1706.338
582.170 200.216
2136.837 2117.360
1951.857 595.941
2465.372 1724.733
2372.684 345.425
2482.150 1596.025
1578.099 1129.199
561.651 1994.873
1500.619 389.519
1543.541 218.409
2238.069 1931.463
1769.702 707.957
1741.271 227.676
511.585 688.413
73.214 2349.989
1155.329 2452.278
2012.662 1443.006
1458.860 2406.167
190.482 872.102
1212.198 2335.793
12.840 518.181
760.909 1468.279
171.340 97.231
939.729 1360.668
2158.091 1969.480
2351.798 1712.956
238.036 1170.684
1449.316 2496.235
2246.449 960.496
1687.789 214.209
2085.354 1102.877
795.906 661.473
1962.859 1858.900
353.407 1212.957
2098.417 1630.868
1694.390 1689.516
2144.884 143.659
2313.315 557.317
52.842 232.433
1279.470 1317.279
1968.767 2455.290
267.064 1205.943
2169.027 619.513
2285.127 141.135
624.574 2359.077
2109.712 1203.229
2017.709 1939.187
32.627 185.096
18.764 1406.255
523.444 2196.794
292.468 1447.711
2190.713 1884.054
485.312 487.542
268.527 1156.810
2051.433 2175.823
1334.532 2081.780
1654.530 17.344
2289.198 781.659
39.300 1408.718
902.711 621.982
2387.319 1410.993
2386.058 163.446
2076.507 468.420
618.525 1132.479
2103.222 1869.550
757.135 2033.357
763.308 1229.810
601.639 398.264
2263.505 1292.983
547.815 2072.265
1184.860 61.764
1767.589 1003.798
2280.599 2121.010
1065.507 2437.321
1343.216 2015.122
257.176 2261.961
2361.997 1011.010
2403.988 226.482
2108.956 2455.815
1706.096 2389.002
2272.461 850.700
1696.193 1460.330
1611.054 557.352
1222.522 1934.375
26.789 2310.304
2016.218 1757.493
981.617 434.155
1494.558 2405.294
2491.716 1840.561
901.256 2331.186
1932.219 1949.612
1837.260 2211.715
2461.921 559.569
626.113 1381.095
2322.998 650.303
1448.074 1891.017
709.102 2143.856
2469.033 1666.065
348.010 1395.567
2026.356 821.358
2316.715 121.241
1530.283 673.861
659.038 1871.505
2156.585 1312.981
351.850 743.033
1742.946 39.514
1288.026 1130.904
16.294 894.376
592.553 380.952
2161.431 1228.635
2001.211 558.103
1706.154 1724.201
1488.379 1063.232
781.589 891.958
109.300 1210.014
1794.680 713.317
278.408 1638.305
1778.226 1235.307
19.684 985.808
634.011 2076.949
1311.795 670.652
917.781 1547.979
1371.842 237.880
847.027 2188.466
690.291 1868.745
433.770 2118.102
1489.368 1092.508
1974.829 411.605
23.211 58.932
587.058 2275.048
799.025 2262.360
376.298 1591.420
213.031 1481.235
1147.543 240.019
820.573 1691.670
1921.446 2212.049
2453.494 2278.220
1631.336 2362.184
815.548 182.549
1097.920 1676.024
429.275 1710.440
1046.689 2014.280
878.631 1384.094
1309.547 1249.152
1828.930 2327.544
937.499 2013.219
1235.806 1067.895
1410.628 445.510
2267.446 2407.082
1662.494 1903.439
1576.443 2280.129
387.975 2444.766
200.975 2228.116
969.256 223.309
2417.532 1080.009
745.784 1824.353
140.065 491.187
1829.155 411.057
665.588 708.006
1729.949 932.652
1076.761 444.759
483.517 59.796
1829.049 323.767
2292.096 75.148
1428.936 2107.477
13.955 1711.056
700.615 1775.222
1158.124 2361.813
1222.820 2427.710
386.865 234.881
2281.520 1641.351
1433.579 834.227
1081.115 2094.331
2130.271 1570.430
2002.590 1210.446
192.762 971.198
64.257 727.164
2149.651 369.073
422.813 1052.975
1151.616 1571.587
1648.456 1333.338
1830.718 1618.313
981.557 1637.312
2310.846 1059.729
1933.103 2023.909
976.983 623.360
1577.269 2378.207
1131.996 1208.505
1544.438 512.860
1187.800 2484.304
2256.653 1314.558
1956.213 1731.800
1824.008 496.680
1994.573 667.078
1839.220 1615.260
2243.479 138.047
1463.995 1107.913
1213.261 728.282
2388.175 1109.327
1900.445 1640.077
1488.439 1790.551
1343.834 257.637
1721.621 1443.169
36.843 2271.302
334.591 1650.396
2134.515 1543.288
1307.037 1853.815
1227.279 2430.501
1875.877 1007.176
1061.566 200.543
2205.451 353.891
2146.056 1155.116
1162.340 593.778
1642.901 547.884
975.349 2197.983
1055.199 1899.283
1337.762 475.729
1137.690 2247.943
1347.606 268.799
500.320 244.267
1614.884 1179.576
496.062 1505.877
311.223 1534.687
308.748 2145.499
367.156 1171.860
539.053 1812.264
2014.118 1231.348
1087.111 2256.088
1051.329 1919.847
691.716 1256.768
1641.208 2204.995
490.142 2321.694
1796.291 820.024
1763.041 1368.379
405.925 1237.973
678.116 385.390
1617.734 2057.227
1858.179 1805.849
2055.913 72.879
597.087 1743.587
786.685 1622.281
176.881 2142.934
2054.981 117.822
1252.529 627.502
1342.036 1486.193
1893.803 1774.587
1877.706 2119.234
1164.683 2388.625
1798.725 1471.521
80.605 90.343
443.284 727.422
219.740 1581.111
294.661 1712.320
1293.492 835.842
1325.756 482.423
859.818 601.174
144.365 933.394
1655.688 2093.196
445.733 297.216
1632.264 2358.177
2481.875 266.010
2378.045 672.997
805.505 2265.169
2416.272 489.473
1470.702 2051.753
1890.430 1026.926
2156.116 963.073
1933.330 2460.835
1186.207 1515.610
1488.588 1413.009
350.942 712.324
650.950 2237.164
776.645 778.785
1604.478 777.241
1803.985 1179.974
1185.237 1693.623
264.774 974.407
2314.817 1212.547
1067.415 2065.769
48.501 1685.598
854.210 1368.458
1432.036 2481.911
1040.051 687.206
994.369 1002.829
587.469 2452.487
1687.595 1159.969
1471.956 1804.637
321.236 971.732
1107.407 1150.633
875.697 78.043
578.867 381.189
943.845 1785.509
1544.596 707.819
1952.579 216.351
688.741 1124.321
2493.965 2298.273
2201.868 2180.012
1538.195 1207.280
1111.707 1842.833
1736.148 1354.274
2165.949 1475.405
572.560 1665.948
234.442 158.726
1893.853 637.854
1485.541 1441.368
232.030 2046.815
1504.625 917.961
1127.652 701.101
1502.734 816.268
404.122 1886.330
1121.328 1.733
2026.940 1217.182
1837.747 1212.333
1937.601 818.984
1170.254 1198.857
1216.066 660.644
1891.850 2356.577
1289.503 2487.780
2153.209 1399.028
1431.505 976.836
2236.356 1452.101
2402.606 629.392
975.722 2467.573
739.624 1699.076
1058.076 405.793
367.223 865.228
1975.527 509.750
1778.361 494.469
1866.909 1535.238
795.779 1335.998
378.129 2260.505
2220.113 1339.672
1292.837 822.747
1063.155 534.863
683.885 2492.171
1087.464 1625.152
891.651 37.374
1476.645 130.255
1421.800 1488.336
1627.936 993.852
1283.799 1123.429
266.378 2292.998
1939.501 2000.189
87.215 1876.546
116.492 347.012
1135.084 2036.228
1980.778 959.301
2334.235 31.826
1157.029 632.714
1497.296 1621.578
661.374 2493.402
2160.116 2284.027
1910.435 1319.425
369.424 1274.654
2036.464 883.431
684.749 707.221
2106.132 1182.354
769.699 984.755
359.557 1348.283
35.172 470.990
2349.084 2379.650
1801.261 1567.569
716.486 1624.073
1938.366 1288.046
2250.165 1180.598
729.440 1689.731
1550.324 2163.232
2078.040 506.929
31.811 321.794
129.973 2385.913
161.681 2263.071
866.682 2063.483
1647.760 1167.135
1677.888 1745.155
315.259 2069.843
53.961 1755.153
692.699 1541.546
900.810 535.340
1852.163 903.341
1071.245 924.886
1465.655 612.965
426.489 1909.675
169.411 1809.797
884.371 295.586
1920.970 548.472
1025.946 905.100
1530.368 896.145
716.319 2290.511
1656.449 1054.304
2426.678 2052.934
747.570 502.739
320.933 2396.990
597.482 830.943
1984.880 1753.126
56.966 1290.643
1931.715 2434.983
958.059 1422.987
2207.595 1162.176
208.716 250.446
1881.135 26.727
226.615 2119.682
129.118 1270.129
1473.062 2465.376
1673.346 2008.156
1184.399 250.915
2309.661 519.745
634.276 1589.316
2467.386 314.588
1535.453 939.428
947.793 2123.892
2378.238 1511.556
1353.196 2117.564
2464.467 1015.321
2118.416 538.053
444.250 1796.706
1367.464 2425.527
1925.658 672.775
2062.280 1348.164
307.575 2423.186
2135.897 938.616
1684.914 2197.607
791.297 205.728
1378.188 1638.743
367.296 111.388
666.553 1954.532
234.522 2185.012
1345.849 506.336
2137.344 1939.469
2172.573 1134.353
2448.691 769.928
2463.316 1271.922
2156.535 206.679
2355.326 1162.647
2371.675 1083.932
1006.560 886.030
721.840 523.773
2108.379 1572.214
5.569 198.509
1670.127 1525.392
1567.154 1132.644
1225.662 1250.321
1144.157 783.831
2499.311 2070.012
26.152 1672.717
1117.185 996.663
1548.961 1399.032
1384.917 1035.800
777.373 1273.334
2058.696 2059.300
719.064 2340.907
2217.813 2391.618
1973.563 1932.941
1082.488 125.141
2012.417 286.188
1643.233 162.879
1179.501 129.488
2227.376 231.574
1294.917 912.214
148.808 928.093
1604.768 826.804
468.459 1975.149
2169.369 987.336
1231.784 2478.215
1273.730 1997.630
2102.089 809.937
2335.520 1957.465
698.684 1842.064
315.228 2354.707
1361.846 1742.573
1745.226 712.481
420.923 2366.940
1778.765 1191.200
392.849 6.801
564.783 2472.365
1524.937 1982.552
2005.236 1416.576
811.182 1041.548
1991.258 962.995
2022.268 1367.743
1171.143 1683.632
2427.940 878.435
1065.584 2127.712
1492.510 301.438
2379.961 901.591
2148.448 128.463
1885.722 868.421
1551.044 1756.058
1310.260 79.229
2055.878 918.615
403.774 1367.935
2450.573 365.120
467.078 1652.136
1468.589 31.171
455.616 253.566
258.520 1580.747
211.632 942.589
1634.591 1180.814
2302.554 1005.397
2383.836 1346.486
1308.065 588.579
1309.945 586.635
933.805 1553.538
1586.589 1606.840
1288.524 128.184
1987.373 1733.097
1660.417 1800.409
33.707 596.486
963.051 1179.075
1614.675 1087.792
566.435 1038.725
342.522 525.152
2202.284 2304.592
418.518 581.955
772.684 2381.298
1451.267 634.620
277.656 2036.959
519.408 2092.974
308.526 835.073
1394.183 1548.103
2228.550 1603.527
1927.314 939.965
22.422 1071.375
2280.880 2286.048
1101.847 1796.028
1211.771 1839.206
1910.529 1412.637
686.468 124.915
2406.927 697.793
445.686 1616.179
833.400 2291.308
1112.779 1342.906
1606.996 1635.308
2251.942 1684.576
1088.368 547.057
519.474 1485.865
2001.547 2255.225
1701.945 2484.317
189.952 51.563
1381.390 171.140
266.390 439.280
1098.696 329.119
1235.212 400.321
1533.358 733.282
1975.782 1048.070
865.383 1347.857
823.628 146.349
2207.107 527.143
2107.094 1997.537
854.771 1697.078
1134.256 1064.052
2180.307 545.569
1368.335 188.966
1748.104 733.306
880.336 1690.075
1118.276 1652.932
4.211 1659.160
394.898 2107.095
858.287 273.634
1610.858 503.373
1971.348 2349.564
801.732 2238.988
649.566 226.101
1293.589 2022.699
680.716 527.616
2204.726 1622.892
2328.761 1958.501
1889.365 849.154
1158.687 220.788
374.004 300.871
738.135 1165.488
2480.501 949.808
1308.385 1747.750
1341.732 882.390
859.676 1407.747
2134.936 569.296
791.957 2389.523
2136.168 872.671
1955.995 470.671
110.112 1104.376
1694.424 1391.128
2223.846 1671.765
667.859 974.707
337.332 1933.255
353.821 923.438
457.014 2419.949
447.600 68.887
158.379 2491.285
457.848 451.114
64.075 756.770
1431.173 1405.800
2456.767 1356.832
936.485 911.624
73.399 2001.692
1470.444 645.644
459.890 248.065
21.564 963.593
967.828 2222.750
1361.980 187.126
42.289 2161.645
560.483 1559.931
2314.231 1232.269
2084.393 2464.385
1776.344 82.052
112.420 852.993
2436.768 1395.675
1768.421 1777.900
324.713 308.153
1148.707 1066.431
1374.838 868.507
455.057 65.707
1130.974 2173.394
2254.635 2065.402
1721.451 785.478
2005.037 140.520
2357.291 939.295
1798.363 1217.096
1474.730 67.117
1664.650 886.355
1489.150 499.506
624.358 2460.187
1741.847 1728.993
1747.972 562.863
2247.443 1412.800
1595.980 1773.297
313.297 2258.837
2145.781 131.726
1925.951 1165.788
2143.111 1568.929
643.719 1382.317
2193.115 1307.272
1482.921 2442.033
905.902 1618.969
1461.741 13.627
207.618 1581.698
2430.684 355.435
480.123 691.535
240.698 201.157
1581.560 1735.678
333.546 282.565
983.477 1329.845
1185.627 979.197
1439.903 117.910
2296.469 1760.316
1863.267 1348.416
1319.171 1566.875
2236.912 2078.701
444.626 2407.246
489.865 1792.899
2320.018 1017.694
1378.700 1428.843
512.064 389.257
354.003 2276.065
1382.776 1296.682
2354.737 2151.144
1395.278 500.452
117.705 1241.058
1967.986 1246.666
2293.554 737.928
1870.110 1450.866
2118.198 143.871
2253.940 239.537
2360.240 2017.351
1477.420 1583.328
1869.957 816.297
1002.292 2217.166
143.385 725.522
213.571 131.619
320.543 914.152
1868.005 118.534
409.526 2278.857
783.472 46.416
2233.793 1370.997
56.825 1602.215
160.362 1348.112
2374.076 1960.654
468.625 29.379
1285.723 1167.023
2111.439 1185.607
287.029 140.587
597.233 1437.304
2095.009 2136.367
1668.708 478.611
242.126 2448.508
191.978 1982.997
201.305 1439.264
2330.419 795.037
2206.427 1891.476
461.446 949.668
272.594 366.939
2422.004 156.975
1369.607 1915.158
1310.848 2211.709
190.570 627.090
1703.795 928.072
1682.114 1957.826
2007.972 2236.827
178.317 1664.308
1179.055 906.178
1189.604 529.088
2219.992 575.759
90.609 50.218
1892.727 2374.865
2302.065 963.911
516.328 2156.823
1032.197 1469.114
777.912 426.517
569.446 1772.615
1333.086 983.985
2415.441 1868.315
1978.205 1678.850
938.695 1207.854
1796.904 640.941
1338.585 71.473
481.327 1424.604
428.632 1378.438
1633.142 654.852
2076.582 343.510
692.318 2363.154
2248.356 1273.212
1626.162 2394.846
1145.869 1778.934
476.136 2173.111
1592.856 1099.350
556.190 485.531
1162.223 199.957
424.724 1356.623
1751.686 905.201
1955.931 1005.018
1320.275 1593.112
706.236 292.930
934.592 1999.496
1254.486 234.835
577.258 2455.739
1608.845 1858.732
2114.346 867.186
876.213 272.499
1814.465 1249.415
1898.713 2161.233
111.221 2239.557
1569.258 1528.491
1400.253 1468.745
470.638 2210.102
1339.770 1536.179
443.680 1962.900
1762.004 1934.900
1073.991 477.328
498.781 2028.165
1949.497 614.162
1736.366 2453.555
523.971 1157.158
650.733 1775.092
481.422 1985.572
1703.295 665.998
679.295 332.588
1958.344 1962.867
1801.299 1564.909
1244.617 1917.599
1805.601 1202.501
1111.411 1433.982
1946.858 2082.798
1330.654 367.955
676.694 1696.029
111.520 664.719
1971.630 915.046
296.449 1406.854
1677.980 1967.986
2386.864 1569.140
337.909 188.230
1239.540 1072.721
1103.789 1527.315
16.492 1034.178
429.561 1246.722
417.109 1970.470
189.922 329.064
856.270 208.593
877.750 1585.829
1410.681 437.995
231.082 2183.008
1847.089 2065.097
1739.697 746.917
1968.877 1103.251
1152.954 2221.782
137.921 1552.445
846.807 497.353
625.994 503.170
1767.150 1465.657
939.353 418.094
1060.294 1918.632
844.344 1301.519
593.685 696.120
1717.752 507.131
1257.545 108.757
906.318 424.415
2068.375 2054.661
1899.496 874.231
1406.726 112.041
267.489 64.261
573.830 1234.593
250.276 803.579
1349.259 611.667
314.681 159.378
543.777 1801.594
2290.881 1637.066
974.446 2408.270
163.189 1501.434
1358.383 2269.535
1352.751 2278.999
969.814 1615.477
609.720 1526.979
114.843 1044.894
1909.833 2352.818
1760.020 2486.867
1262.266 1079.183
2467.348 1399.132
2235.006 1883.088
2260.699 708.205
2426.277 497.276
814.931 278.902
1917.955 1588.043
44.870 1586.030
89.284 160.251
1560.597 1954.718
372.378 854.811
1927.910 1283.775
2444.039 329.910
1687.751 1756.697
1923.948 2095.591
1222.438 988.184
370.742 2444.931
1398.925 1093.301
1917.529 818.405
1142.215 1094.898
435.590 1548.802
968.871 2138.853
2144.736 1983.360
606.753 2200.482
2123.046 1930.895
854.960 1916.550
625.926 434.528
929.143 1579.975
2446.789 644.308
1947.614 1469.868
463.662 2196.410
1662.124 1353.666
1244.498 450.737
2336.832 44.884
1315.299 117.540
1642.280 414.954
2293.550 99.433
1471.747 644.369
2334.431 1737.376
881.940 1495.593
319.116 773.735
245.971 1149.457
1142.211 1009.716
1697.229 1912.467
1385.629 296.281
637.976 2497.733
693.907 539.764
865.575 784.917
1389.904 2042.629
2449.059 137.968
1760.788 1181.325
1565.877 482.425
2078.220 17.390
679.535 876.000
1670.087 1108.208
1715.383 241.925
124.705 958.155
1558.880 2077.121
933.226 13.773
729.036 150.698
1956.473 22.495
1003.092 1332.971
1946.380 1813.219
2490.200 2481.712
1071.760 2326.480
315.547 213.280
1355.675 1234.465
1895.180 723.402
699.095 1518.685
2176.799 2368.881
818.072 2082.267
1722.558 1157.691
1818.038 192.341
206.559 2217.865
1562.658 982.021
2194.042 1187.048
764.142 2302.189
283.290 1876.819
748.112 176.642
2332.023 285.405
1244.950 2427.613
128.515 1785.974
1076.151 2349.789
724.169 1174.746
2149.214 398.394
204.800 2390.783
565.434 1448.210
250.561 1689.439
2470.502 233.260
2445.434 2155.164
2376.793 1611.765
773.096 1124.845
1501.692 522.088
1713.262 1965.689
928.832 580.878
1382.775 323.711
593.030 2264.697
497.110 254.789
1371.070 1030.875
1364.541 234.836
1983.602 1874.109
1291.451 210.189
2113.756 1371.533
966.093 1548.253
651.187 1984.827
2275.658 1456.431
542.647 1694.790
1085.405 2189.249
2478.730 1071.638
1431.612 372.614
2200.904 1808.342
283.826 2266.446
257.627 1385.905
186.338 1157.380
671.635 1115.483
1933.682 1820.990
1101.593 1234.531
1172.429 847.414
1602.236 1927.008
1325.306 1710.470
1006.293 1453.649
1417.209 1051.944
779.629 470.533
1759.838 1780.322
1447.689 2103.058
486.668 580.960
1561.633 920.016
1529.107 830.573
45.525 1392.914
2407.514 418.646
345.151 1639.038
1240.320 1462.039
168.264 1468.353
947.522 1102.833
1979.323 1513.487
443.977 492.809
142.405 1924.636
831.009 1953.256
192.063 879.926
526.167 1875.313
1174.909 1916.395
1440.416 2324.424
2389.864 1695.906
478.492 1391.350
1782.840 973.613
1868.589 114.043
196.814 2066.561
1004.674 312.630
1150.521 1325.015
744.170 1528.816
1072.123 1010.522
1335.876 162.220
1747.285 21.437
35.072 2453.987
10.861 1888.908
1866.647 678.730
2122.330 21.693
893.071 1495.421
2392.461 996.791
689.542 338.743
205.952 2250.632
286.523 92.841
724.913 1877.734
264.582 1813.133
213.452 523.995
1950.807 1541.984
1423.592 2440.829
376.210 2233.558
816.014 1137.627
1384.353 1293.876
1757.404 988.742
1514.021 2184.390
299.547 1680.992
560.516 422.812
2459.412 435.384
813.537 2337.064
2121.854 91.179
1768.229 2452.751
1723.924 322.265
1638.995 270.929
546.454 196.397
2047.068 2318.167
428.428 723.442
1428.091 1445.541
2334.259 2372.712
1673.237 1670.324
871.200 177.115
101.013 2410.164
1737.775 1330.828
348.208 464.343
773.435 1570.457
2267.917 797.854
164.342 1571.786
1013.909 361.555
1896.684 540.579
1604.322 1179.942
2203.611 656.258
522.621 2289.514
451.097 327.463
393.584 601.996
1189.808 1128.819
1094.285 256.115
774.071 757.449
18.127 934.139
2241.764 2209.544
1452.888 1875.318
1824.754 2346.576
2114.567 1998.143
941.084 1029.207
2423.844 2079.648
733.478 1981.663
1794.059 1283.670
196.449 1080.506
1432.033 2036.334
1743.527 2388.795
2173.466 1146.810
1123.619 1298.048
633.107 194.337
780.224 1145.583
1708.325 635.209
2282.178 1943.734
1943.582 651.532
1188.410 561.497
1900.329 1011.480
1742.034 22.399
1764.631 1690.725
1565.087 1060.565
351.340 1595.110
1895.599 1215.460
1783.313 914.264
2213.220 1097.500
1450.666 1601.285
1378.325 941.529
586.134 1112.061
2250.067 836.789
97.846 1419.174
319.940 546.238
681.794 2093.347
2098.015 2274.669
1243.489 2410.609
484.535 589.642
2257.110 2031.985
1148.926 2193.601
980.451 1051.796
336.047 852.706
240.833 211.270
726.214 625.325
1766.890 1723.696
122.656 1934.238
1401.777 1910.975
921.176 320.169
245.055 243.344
982.019 264.892
1857.819 1709.721
1274.982 236.562
820.760 2477.443
1468.750 314.266
1648.751 686.509
1781.471 1565.480
137.504 2144.212
1188.306 1169.441
2227.569 1747.007
366.639 362.810
1066.734 1399.492
1435.060 2146.178
348.453 1894.254
1870.613 141.721
304.932 988.029
1780.706 755.678
306.611 1770.990
1831.657 1534.718
907.787 1714.038
1204.866 2360.839
1527.705 1878.010
2393.459 1719.470
1185.834 51.510
281.577 518.093
625.074 1053.186
1190.580 1578.955
1938.650 999.157
262.905 1803.291
1959.239 1212.267
2179.542 1184.589
391.598 922.339
2460.159 414.247
164.441 1379.482
74.954 2347.858
2374.566 1805.017
435.211 1416.686
313.860 2337.655
1888.646 1189.484
2052.641 627.377
1294.565 1704.138
2436.743 1234.342
2282.189 304.100
497.340 324.684
759.477 1969.136
2346.599 800.509
2025.857 1628.199
196.134 1572.671
2131.482 1038.020
1500.085 314.897
1909.247 1704.165
1014.418 623.561
1062.307 371.671
2159.889 727.944
2020.649 570.709
2207.354 2166.191
344.036 1253.735
1007.816 572.780
1710.294 1009.673
394.085 1190.503
2374.024 316.210
1834.304 1833.420
1300.535 2221.671
1987.683 1860.867
2459.953 1762.350
357.374 386.576
1573.775 784.037
980.785 2143.997
656.457 548.574
1990.914 1472.152
1558.976 839.678
653.119 1178.821
988.328 1910.592
385.824 1788.925
2213.429 1411.263
216.135 269.776
330.506 1627.472
176.593 1291.409
2428.104 785.830
547.062 374.632
754.985 2488.940
1331.101 1354.969
959.508 1150.065
542.312 497.541
547.124 27.194
872.271 790.310
1838.710 397.778
1349.571 2233.488
331.843 1944.005
872.767 153.388
1072.572 1256.691
64.149 2445.931
656.346 164.505
2188.363 537.492
637.370 2144.733
857.709 1552.508
830.649 2101.560
2381.080 1762.816
734.557 1142.994
1819.994 2206.885
629.477 671.459
1160.999 701.982
664.865 1872.822
1093.964 570.930
2459.823 271.494
160.067 1756.279
504.986 320.475
2071.379 2210.804
2156.772 2099.542
961.333 1397.699
1614.286 587.794
2338.575 362.905
1447.213 1186.098
2353.136 976.675
697.008 2240.526
59.665 2005.920
1314.116 1606.881
2193.108 189.790
794.852 1789.483
956.409 894.274
493.949 690.357
1715.694 113.105
2078.955 2430.887
1094.807 2124.772
332.768 2278.627
148.962 2180.240
2374.548 216.395
1067.318 1330.436
904.857 1971.146
1814.377 2180.816
1754.794 1042.755
1733.362 456.620
459.848 1227.236
2003.848 779.599
1842.894 268.615
1575.063 315.941
1225.657 2395.008
220.213 1684.392
839.001 217.890
2245.983 893.797
1899.449 1973.118
1163.066 1786.789
1320.917 2291.922
2067.320 711.790
813.205 2344.859
944.579 1663.594
1743.178 987.930
1727.128 1286.163
39.192 2222.812
1689.093 936.093
57.902 798.003
2388.272 616.634
1181.289 368.162
387.763 2314.227
6.631 1168.990
372.015 1872.552
109.061 413.959
2391.835 19.407
1750.675 687.431
1627.220 33.519
1410.596 875.364
1770.689 2475.967
2298.652 1938.377
67.369 1962.285
1736.139 642.564
1316.484 1174.495
856.540 1757.285
826.723 2466.363
75.762 2032.258
1351.342 550.154
533.005 1433.460
815.715 2184.462
1758.845 1029.649
1076.595 1371.724
1523.150 530.370
179.810 1468.459
321.141 508.777
311.984 1449.894
279.852 1012.565
2.390 519.262
961.135 1890.118
1309.950 962.848
2086.076 1572.465
1851.374 329.324
2272.623 1788.542
642.633 869.958
2282.995 1601.393
1253.405 1489.231
684.134 2279.667
995.227 175.753
892.949 100.798
478.957 763.088
2247.657 1669.532
1918.103 658.296
855.875 1588.395
2426.561 777.925
2456.595 1487.608
367.606 204.220
450.119 703.360
1558.611 1109.588
2349.269 1614.317
538.586 2485.189
858.621 1540.856
1145.863 844.581
832.268 1953.976
1106.128 2394.514
517.623 2006.486
1290.904 2130.727
332.090 977.539
2293.778 1165.163
341.913 247.613
1618.725 442.218
2315.258 785.646
63.390 31.999
480.649 959.421
103.177 2488.659
996.367 1464.070
540.632 931.199
2363.469 789.016
1323.317 429.862
954.942 86.030
1626.448 850.203
1554.165 1697.646
923.549 729.050
1143.864 2163.767
2171.555 558.168
1864.673 2363.039
314.353 804.847
1068.111 935.505
603.672 354.558
1270.419 66.637
1151.245 1849.278
1722.199 2350.632
101.469 877.820
1358.918 1860.619
877.331 1943.250
379.787 2306.149
1899.555 2061.919
2272.273 2487.895
1000.266 1858.798
2356.545 1466.851
2299.311 1233.166
1235.548 943.094
1751.248 1279.835
164.362 838.739
1928.618 2007.965
2178.401 1614.404
429.096 1453.008
1476.892 2128.298
1951.936 776.942
1780.789 1848.600
2227.880 215.027
1454.957 1311.354
1873.246 504.404
219.734 513.150
141.434 913.025
1631.493 575.115
509.105 2212.214
1208.547 1804.467
2222.789 534.019
494.154 732.234
2244.404 1358.748
1333.361 1746.467
1118.920 225.643
2288.853 2179.883
1913.602 208.864
1201.307 253.627
1572.809 2.123
846.611 1176.746
2454.229 1344.107
357.797 1673.624
420.982 2433.193
1796.107 1634.725
2205.280 521.514
243.731 2105.501
2282.724 1388.331
906.644 704.147
1523.355 1257.837
1822.229 1105.811
1938.336 370.455
1074.412 1041.544
2055.523 1580.235
387.239 399.442
1749.003 1645.614
1058.530 672.151
973.981 2408.739
954.197 458.417
180.015 1036.910
2352.170 1150.726
646.384 1365.746
435.809 1530.083
636.720 1536.058
1348.801 891.436
1585.652 1885.511
787.805 601.963
1569.322 1607.746
927.910 2331.945
921.436 1321.707
1527.831 846.078
1993.846 1804.739
2198.288 891.558
1064.330 505.195
1806.524 1067.432
180.368 57.754
2144.924 2488.493
1657.680 20.373
1940.590 717.198
1294.658 1986.451
834.181 687.034
862.646 713.450
1917.447 2368.860
1612.743 713.344
1324.782 92.217
2341.310 2160.224
2246.141 1648.282
2159.716 2378.414
918.300 1086.647
1921.800 1917.142
1795.053 316.893
1771.134 1371.869
1626.150 476.430
2339.684 1207.538
1544.887 1752.411
1589.800 1037.747
2222.173 863.128
2189.482 1411.370
1470.112 1007.064
1662.120 2226.091
1792.666 847.593
630.859 2400.040
1482.228 2227.618
2270.048 841.586
1388.270 1474.851
853.051 1380.658
1285.385 316.350
1698.889 200.625
1199.522 1304.788
1682.493 786.678
1715.646 708.716
285.753 645.380
1301.308 1972.968
1785.728 1189.781
1943.785 1896.582
2343.423 1645.105
1240.580 575.827
1478.067 1657.739
448.977 461.482
634.009 394.017
1338.803 1354.265
51.579 2261.734
1579.141 1424.807
1704.771 2075.339
1945.501 1770.549
681.181 1660.077
993.604 47.166
1508.448 394.867
1465.843 1545.737
1581.919 1122.330
1102.456 437.488
146.228 435.045
2273.511 793.674
281.078 1622.252
374.162 1829.730
706.349 2066.129
1369.302 1416.069
1304.882 2061.585
192.045 1653.287
1092.163 1280.414
1729.058 2009.013
1615.188 1342.086
46.601 1946.296
265.543 1819.056
2171.725 492.120
2259.964 26.812
503.090 2455.579
995.537 1930.667
1774.387 2255.438
2186.443 2059.083
1948.544 636.301
2015.873 1498.753
895.219 1869.039
1763.455 2218.170
2302.450 2026.103
946.089 100.949
1367.424 146.565
2487.541 144.403
599.854 727.101
225.388 1242.566
545.681 1608.226
1788.302 517.388
732.393 357.506
460.484 2269.887
1773.515 1724.156
968.433 2211.353
1020.444 416.853
2345.529 2267.279
1911.250 2396.500
1314.400 5.658
290.265 1411.061
164.943 986.779
693.589 89.014
183.906 2419.494
825.794 1848.898
673.291 935.869
2225.630 2147.181
2237.451 2286.022
1675.463 1370.099
2353.832 1205.025
623.374 71.465
410.717 519.537
259.228 2498.405
1590.337 1277.107
1194.748 1454.022
472.141 487.827
1248.973 2417.480
1148.252 319.971
1672.906 2462.542
2093.254 1680.258
681.800 251.800
307.421 1352.441
250.958 2181.813
2008.669 543.988
1348.776 258.510
2241.523 1591.887
1616.886 2358.895
1911.515 2421.305
1423.708 2131.088
1785.815 1462.100
1575.489 53.906
754.232 216.332
1105.973 1069.058
35.014 202.220
121.727 823.896
1611.510 1995.781
2052.327 1252.330
551.588 177.419
1520.925 1232.817
1449.235 7.330
784.722 1432.141
832.164 1281.611
517.816 1046.735
607.677 1412.277
1450.027 208.947
1551.403 968.252
1447.012 2058.619
101.451 89.560
