1000 3
250.000 250.000
131.604 63.587
149.836 3.829
13.105 32.985
282.007 212.829
84.505 97.715
495.053 339.407
193.563 58.574
460.408 69.248
196.220 22.784
4.234 197.452
473.726 114.065
464.257 470.927
52.786 333.462
202.442 94.658
278.434 459.763
217.820 236.288
224.757 170.355
488.197 92.235
234.777 494.372
185.792 490.961
46.094 204.979
213.611 72.097
336.672 441.304
238.284 432.676
210.436 247.331
144.511 71.556
282.951 271.038
421.480 461.899
427.484 279.214
9.797 258.200
328.471 111.125
289.630 105.376
492.620 395.280
449.293 287.889
62.046 294.004
148.890 285.615
443.106 229.374
491.148 394.847
470.248 3.857
369.010 48.683
187.821 431.866
236.139 494.250
434.059 21.377
252.217 236.956
102.206 421.027
227.251 19.080
394.175 106.660
35.065 6.295
55.335 334.830
363.053 388.545
291.412 414.413
144.791 399.924
371.953 387.004
151.836 44.457
457.636 63.191
68.343 399.714
109.538 389.521
336.581 396.678
97.254 372.536
108.365 399.768
75.328 205.690
389.862 13.700
144.810 281.723
247.466 118.198
347.627 86.625
10.434 123.994
467.982 480.375
274.589 488.941
476.032 182.947
310.272 187.305
414.992 303.532
180.660 226.808
464.139 234.302
244.732 208.824
151.459 402.301
495.441 231.873
23.028 248.001
330.013 218.958
125.910 34.569
228.240 52.031
332.581 36.847
362.850 484.618
275.678 447.518
98.036 68.143
241.282 211.767
268.004 176.575
450.077 22.703
220.939 179.358
292.000 248.198
137.734 426.853
41.499 355.639
352.663 59.596
463.642 426.366
223.858 290.154
115.877 392.737
330.257 56.352
164.190 292.893
478.318 306.730
310.838 456.075
1.078 394.535
366.624 18.473
359.451 461.947
68.983 54.978
307.008 22.406
315.625 61.262
457.414 27.924
464.593 56.466
440.962 247.928
103.903 222.476
269.359 98.632
354.830 363.876
19.018 421.111
331.958 198.773
152.423 45.322
60.657 483.594
240.360 452.880
243.207 74.081
8.712 259.219
474.171 213.161
110.762 62.066
439.850 365.726
237.243 52.062
460.638 323.151
145.446 152.645
30.113 256.997
215.104 326.487
400.214 343.560
183.821 319.152
65.365 153.910
12.873 366.676
188.623 465.802
110.342 422.749
277.938 406.321
168.024 487.768
491.934 481.231
187.202 440.228
144.090 451.466
205.158 494.617
471.650 453.716
407.256 65.123
246.780 189.244
12.485 249.951
144.676 363.712
139.828 169.372
115.106 413.969
319.012 302.501
15.184 153.039
492.609 406.009
252.468 133.369
89.210 310.806
354.523 122.870
292.488 242.408
157.086 410.412
107.854 332.243
154.892 466.378
434.352 398.679
182.134 425.867
388.753 478.910
86.084 45.546
223.730 473.847
358.853 467.909
186.628 256.841
273.990 428.457
479.391 455.961
8.275 144.938
196.429 403.872
473.827 442.807
252.487 23.129
320.135 326.259
399.491 415.829
133.845 111.745
481.163 232.574
217.330 310.478
29.626 492.433
387.715 253.023
457.752 401.749
77.010 327.151
492.437 213.174
406.786 434.168
175.103 149.305
362.228 101.355
342.627 129.875
305.399 11.566
366.646 200.403
92.781 313.418
41.390 137.016
164.057 355.985
255.067 46.965
204.723 368.031
309.066 269.272
322.357 396.045
240.396 21.062
444.502 161.478
361.865 451.966
320.221 102.817
367.370 295.206
448.681 118.301
324.896 182.882
356.769 436.274
76.757 440.338
381.434 319.188
288.399 382.034
201.097 118.568
30.708 314.005
61.695 42.615
7.223 236.309
159.055 193.600
470.641 450.139
183.207 479.930
479.959 17.364
223.712 31.109
208.774 289.212
339.284 173.304
344.075 127.276
315.971 302.932
454.961 424.870
85.918 120.573
35.952 276.593
182.520 323.483
243.842 451.894
330.386 162.159
289.965 222.339
382.982 14.230
467.677 325.574
388.325 208.639
344.926 274.039
103.845 239.207
315.806 153.732
317.990 235.689
50.998 176.978
347.711 223.408
424.716 88.597
478.580 227.723
302.158 163.547
149.995 436.782
375.700 478.299
240.945 312.208
258.324 402.818
396.307 76.841
387.815 261.547
205.096 463.119
405.667 154.010
137.092 5.281
52.210 335.645
173.960 263.469
236.759 323.546
490.706 342.462
210.709 184.853
185.964 203.020
72.691 109.567
293.913 482.638
365.008 214.317
133.468 207.024
213.539 224.553
238.631 135.747
74.092 336.630
60.119 78.165
169.327 313.680
222.304 186.468
135.193 323.407
247.432 290.299
10.682 124.266
403.446 196.592
411.688 272.126
113.552 211.735
280.059 46.171
138.448 1.316
130.401 322.234
135.832 30.346
88.184 117.507
159.317 232.357
432.262 263.980
199.247 115.495
121.809 204.873
271.159 20.503
71.191 464.784
290.609 455.103
390.275 43.859
368.573 447.272
236.505 86.491
316.664 196.015
425.463 374.186
266.641 498.815
459.030 111.819
376.632 86.816
221.128 415.985
481.761 65.620
282.752 161.184
445.502 487.482
177.334 330.931
198.045 316.996
95.863 461.642
491.044 171.134
338.409 422.311
488.531 204.917
224.882 62.104
144.998 257.430
6.532 118.490
73.610 347.451
183.210 463.742
314.179 409.306
417.162 129.304
394.696 150.978
11.684 236.880
453.928 16.706
107.066 11.552
130.428 339.172
414.097 117.704
15.446 415.070
162.480 268.048
171.486 451.148
349.911 384.547
222.127 298.665
6.547 465.711
194.956 383.851
46.913 255.935
199.852 478.669
254.446 67.203
364.274 438.303
122.029 354.294
350.626 214.654
64.690 481.008
186.150 307.134
80.037 162.680
302.484 200.553
487.674 481.823
244.991 282.168
495.129 21.066
195.588 227.093
439.900 452.786
375.271 409.608
146.754 398.038
371.696 18.985
96.021 222.920
357.803 398.568
112.138 497.419
129.413 486.182
395.835 379.043
240.638 264.494
351.022 413.866
242.861 468.530
221.252 265.687
126.207 189.988
442.280 234.724
192.572 98.916
352.602 193.155
215.311 110.559
137.819 386.144
127.595 29.155
299.117 231.278
2.008 111.879
184.352 161.473
236.500 450.884
13.513 178.158
77.814 19.980
12.581 191.665
26.686 31.171
343.867 3.641
102.155 174.059
326.800 208.865
316.188 450.365
175.700 164.542
417.120 233.439
230.185 492.154
280.782 409.409
47.132 297.000
70.864 230.627
172.354 254.856
286.748 251.459
238.151 100.412
104.479 444.250
373.911 412.986
428.019 83.576
180.476 446.043
22.085 197.707
44.912 292.417
457.435 294.029
433.639 355.937
74.775 196.613
42.530 383.332
385.174 417.378
244.262 233.553
26.040 435.446
178.179 17.379
297.089 0.385
98.094 427.477
44.305 243.573
474.283 6.777
241.338 168.195
220.889 123.843
356.907 485.022
359.582 444.556
134.419 325.048
435.459 53.694
275.918 253.585
203.460 345.633
223.072 349.949
351.361 290.017
204.372 281.821
383.289 79.103
369.297 432.653
265.260 358.638
434.582 347.688
327.579 485.401
119.563 465.324
256.156 178.791
127.994 353.066
473.473 139.604
389.128 191.242
183.945 238.136
236.434 83.555
239.513 489.302
169.391 452.147
172.392 448.173
441.997 249.591
430.433 99.510
111.544 102.160
463.585 147.097
202.591 469.063
478.151 107.251
366.153 83.864
370.189 94.335
351.396 288.661
209.284 485.769
414.224 39.660
49.479 397.581
186.577 405.918
206.719 351.847
337.458 61.532
31.585 170.355
450.049 467.817
349.060 36.619
126.599 195.604
15.861 264.805
77.556 249.109
247.677 337.073
381.045 103.224
168.304 6.008
288.674 166.155
324.871 144.613
247.054 499.531
492.941 400.273
479.883 340.401
300.728 381.244
83.990 161.301
440.631 2.591
318.611 351.390
66.679 13.904
415.329 190.573
377.553 156.739
10.173 187.622
489.111 369.807
158.229 236.337
95.395 1.672
452.600 6.483
49.759 38.138
211.122 11.918
406.920 237.241
182.229 79.791
28.912 295.704
98.619 190.842
39.172 291.686
94.986 268.608
341.589 72.857
428.313 404.771
332.382 52.201
172.094 427.927
250.067 488.986
47.878 456.291
308.635 422.077
300.573 235.246
447.663 340.915
110.428 429.686
37.707 3.955
447.830 31.378
78.161 178.771
232.984 427.561
54.079 390.862
132.691 363.324
418.998 18.888
64.027 270.114
134.815 178.385
306.836 143.321
18.353 262.182
177.415 228.668
200.728 228.982
465.021 290.217
47.648 167.023
450.643 375.339
71.687 277.856
125.130 268.298
152.804 378.653
402.679 224.437
496.316 295.051
71.713 44.426
452.705 228.715
142.175 351.772
485.036 271.658
39.546 149.686
492.107 238.137
497.576 87.480
430.533 157.112
112.373 498.804
130.632 316.589
446.804 77.875
435.700 225.143
282.116 65.024
144.241 20.228
285.902 299.157
32.115 382.773
424.720 189.083
232.048 457.112
480.508 316.366
412.589 76.293
166.456 44.997
236.613 104.266
401.183 224.197
226.012 453.439
369.379 65.765
273.424 413.169
260.262 454.523
9.807 286.978
158.707 426.866
439.810 358.957
228.298 460.264
57.026 453.672
372.425 377.131
88.351 104.552
388.368 144.661
117.126 178.647
110.921 416.718
490.058 152.015
145.739 3.184
281.450 199.047
467.518 49.403
452.335 155.919
430.169 258.927
245.239 67.684
324.729 299.981
47.169 283.762
12.150 35.735
300.492 204.281
25.100 253.814
62.069 340.170
201.831 392.385
214.278 112.780
215.008 100.510
392.778 12.894
70.633 235.636
79.405 217.526
102.273 32.003
168.339 119.580
243.295 385.381
419.156 380.816
45.755 99.137
389.544 9.093
294.203 315.037
209.639 267.440
490.513 94.051
350.991 238.535
292.616 209.288
65.843 252.108
387.790 39.865
305.691 86.824
159.606 270.566
28.203 354.549
101.722 395.138
382.537 50.336
292.893 420.063
64.007 345.130
448.533 158.655
439.858 334.793
369.324 423.946
318.647 311.847
330.132 345.843
24.705 158.384
349.170 42.664
67.144 35.745
124.092 44.157
205.931 436.029
58.850 210.110
131.404 301.184
492.889 480.044
387.043 390.504
178.271 164.754
147.158 221.153
127.940 70.244
40.093 145.623
107.770 146.623
298.269 378.791
231.223 207.122
360.402 395.359
200.123 253.048
406.380 121.840
54.948 32.358
217.033 169.397
390.617 316.441
64.972 229.595
7.957 485.296
281.261 496.563
230.503 223.639
265.378 309.576
465.303 49.685
61.001 452.715
83.035 426.364
233.611 445.234
89.172 70.830
87.519 452.654
231.637 102.835
109.835 336.117
438.346 7.814
351.179 269.238
304.445 453.226
51.717 363.125
168.188 301.215
278.376 121.396
298.699 250.442
186.960 385.321
497.515 217.755
488.983 196.403
230.947 330.186
176.988 276.686
120.114 197.730
119.147 205.799
250.400 285.680
326.935 320.735
131.670 318.390
65.935 2.608
280.203 466.198
251.792 299.914
93.149 129.173
272.482 409.184
56.706 60.534
60.819 304.188
434.637 403.006
398.641 147.245
136.045 96.193
242.144 59.996
177.358 75.460
498.119 308.107
473.219 15.078
210.991 276.481
367.401 293.016
496.575 158.511
142.889 247.967
221.422 428.859
145.499 221.024
6.415 405.864
205.478 204.844
431.608 108.331
21.628 294.750
457.807 433.857
63.984 17.370
247.734 366.210
241.269 290.913
264.564 134.957
301.854 286.292
479.500 226.753
460.755 392.230
338.759 333.628
52.863 176.917
6.459 423.731
307.678 192.028
229.016 441.493
446.196 161.002
6.244 130.455
241.274 416.207
168.416 450.502
132.608 188.318
79.804 106.072
495.318 189.265
321.733 305.296
471.161 48.980
42.268 209.871
69.275 490.193
353.698 35.812
321.964 107.697
341.126 266.570
225.864 140.101
351.697 166.892
230.949 296.630
57.837 486.066
375.971 198.250
346.935 456.067
381.893 138.360
96.844 59.461
338.252 304.627
155.780 168.155
480.520 192.579
155.866 452.150
363.446 177.150
359.297 335.792
386.762 320.525
492.964 152.055
433.063 45.241
55.848 336.895
439.747 366.735
73.003 27.529
67.805 23.715
235.444 498.372
286.494 119.274
430.925 158.154
232.336 498.761
305.015 426.107
250.035 270.891
377.202 193.386
107.884 188.898
289.344 184.425
102.902 56.362
24.574 139.963
234.881 354.963
175.923 244.321
275.731 146.532
456.690 214.798
55.889 55.895
493.300 111.363
487.777 369.966
128.135 156.477
409.933 325.049
53.914 433.125
9.220 387.199
255.479 266.891
215.934 21.720
418.221 108.391
283.695 219.437
122.698 270.415
17.595 302.092
381.238 399.074
450.609 237.740
171.925 439.326
381.225 204.270
496.574 187.061
306.509 410.117
68.917 229.995
389.309 403.743
294.524 108.884
241.438 95.955
433.025 122.891
390.818 424.129
448.671 229.426
452.935 38.465
204.680 471.469
266.706 309.679
120.760 194.421
73.327 246.159
181.395 360.922
319.441 65.427
27.202 84.249
222.316 379.574
274.812 140.067
391.339 102.922
224.200 230.071
201.582 356.250
242.434 62.655
376.847 31.578
453.536 285.547
119.153 216.157
245.033 344.981
431.534 288.832
221.176 148.495
56.580 344.171
373.684 492.378
281.343 141.499
462.773 392.292
76.252 494.442
499.973 276.527
378.819 173.941
233.815 247.422
33.827 471.457
385.644 150.625
87.653 499.938
391.587 316.529
481.675 119.281
235.132 83.379
43.581 105.484
92.356 472.975
280.231 11.246
224.062 467.546
262.539 287.616
118.345 497.218
237.240 489.567
499.799 5.963
258.018 18.161
393.169 409.360
210.006 221.052
331.627 489.777
461.532 268.989
221.138 200.848
448.384 318.387
261.681 330.612
82.566 335.003
468.742 205.983
339.188 463.194
257.116 346.866
483.829 490.283
488.280 419.173
354.157 119.891
452.708 343.405
320.676 497.889
481.655 481.358
157.280 455.414
73.260 463.373
62.055 94.631
217.388 408.496
276.883 16.982
172.194 144.870
437.538 157.559
98.903 185.400
490.027 53.946
84.283 384.161
329.871 356.771
156.007 35.823
291.547 185.674
192.529 62.260
430.856 155.977
150.837 72.063
194.920 263.799
239.693 474.439
432.501 43.846
139.963 375.888
216.125 74.466
236.265 173.872
338.414 248.761
253.081 0.881
414.123 170.680
162.119 255.603
78.585 206.844
294.919 475.253
235.945 349.965
488.611 43.699
244.931 138.443
393.867 233.981
234.185 144.107
358.121 79.089
173.035 261.288
153.248 471.687
397.032 139.422
250.779 451.531
342.660 314.919
467.612 51.819
375.582 470.376
351.504 112.977
70.819 475.583
424.438 70.137
371.766 398.621
59.181 224.780
19.226 247.032
218.937 455.775
176.725 337.784
227.080 365.899
408.293 371.351
167.527 370.304
106.941 367.011
475.345 217.052
413.720 216.416
401.650 389.238
404.360 280.422
49.655 54.956
300.855 15.796
353.567 62.972
226.904 320.460
335.861 174.051
408.342 2.140
339.267 325.120
428.228 229.360
463.236 62.986
330.491 366.081
482.267 244.095
211.034 353.067
298.535 134.782
139.615 140.418
202.000 439.078
208.562 407.893
233.914 11.551
235.506 253.464
442.564 286.033
331.531 174.092
441.851 125.148
195.431 465.413
308.251 372.779
374.146 367.078
423.059 257.410
61.759 13.933
30.559 388.385
181.166 189.528
399.025 168.960
142.617 472.425
106.260 135.156
218.323 463.305
21.114 468.871
258.237 195.208
353.666 260.475
47.626 321.602
141.823 407.159
34.239 361.386
381.613 110.985
227.609 154.379
433.657 496.148
328.891 440.320
240.004 263.857
35.186 135.564
497.052 448.498
381.017 499.092
227.926 119.510
319.791 389.309
197.547 50.559
100.029 412.488
499.097 135.557
31.876 238.240
23.129 441.197
255.548 349.871
297.345 368.923
440.861 299.844
58.786 312.329
34.639 383.559
462.149 210.596
244.026 455.076
165.570 232.953
206.755 252.923
218.426 289.003
245.185 318.972
431.457 299.513
471.854 252.224
193.496 492.602
496.488 278.002
488.239 347.751
133.791 98.650
112.977 95.179
195.287 103.029
174.048 66.432
226.122 169.457
450.960 450.875
33.534 14.782
10.792 30.396
370.201 206.297
56.878 106.152
391.050 137.599
297.067 462.719
477.896 78.475
201.932 107.512
208.937 23.992
495.226 82.383
10.419 124.185
210.784 398.785
457.038 439.701
405.271 292.879
41.509 149.131
134.816 11.530
286.982 332.260
483.887 336.639
28.683 168.334
82.042 150.630
141.053 76.075
480.855 488.179
240.146 40.110
43.120 20.751
59.912 216.873
39.965 164.787
140.175 13.285
343.292 364.560
7.160 169.641
97.208 498.970
487.643 233.852
150.038 180.984
363.848 313.513
239.586 271.921
28.709 349.323
333.626 425.128
216.355 141.303
239.111 172.857
471.120 438.987
202.142 93.815
138.432 393.043
488.880 279.946
79.029 379.135
5.896 301.756
281.454 311.024
431.390 421.772
84.344 463.070
246.772 337.361
42.678 232.211
83.930 239.324
132.765 496.825
124.191 105.143
278.053 242.202
429.981 112.450
479.197 356.948
21.543 89.773
350.468 155.936
450.944 277.879
212.912 265.970
323.105 431.659
145.431 468.748
495.038 181.935
234.018 66.921
160.463 386.654
469.875 124.507
69.700 31.443
45.765 489.759
