500 5
125.000 125.000
32.776 177.662
95.128 101.926
147.796 148.905
172.057 157.499
30.387 30.705
77.302 186.807
222.725 100.027
168.151 89.395
33.943 192.334
79.833 79.691
19.656 198.107
164.171 18.810
47.504 82.933
193.588 68.117
80.431 113.409
145.978 144.295
218.089 195.686
69.148 41.404
203.962 9.608
225.120 154.915
179.214 229.607
87.891 28.376
183.619 31.797
138.880 2.375
205.696 10.514
235.419 161.836
208.644 102.830
65.497 61.868
92.084 165.699
141.131 38.452
243.371 16.675
208.800 238.477
233.414 6.614
77.926 54.274
185.867 149.006
137.394 231.638
242.636 127.409
11.424 141.909
24.278 173.024
245.707 169.327
79.045 213.377
45.832 139.470
65.393 65.814
36.707 83.568
132.059 231.189
204.895 235.688
172.078 184.883
86.619 240.700
120.115 98.581
207.873 195.607
147.486 211.080
176.560 124.950
187.118 171.761
207.144 31.494
238.938 41.150
138.396 176.902
188.580 108.382
193.299 56.270
144.871 52.595
135.984 195.483
95.807 6.991
176.587 136.107
11.197 101.547
193.542 154.956
173.682 153.546
176.108 217.156
150.781 103.837
147.948 75.646
4.128 149.483
103.208 97.085
84.979 181.251
60.465 10.584
1.909 121.783
154.108 152.829
10.934 197.419
19.743 31.523
153.318 14.539
176.269 114.279
198.220 169.859
53.191 174.329
150.545 228.990
39.891 231.344
226.651 107.176
168.180 163.160
176.259 168.089
7.219 136.506
196.899 123.599
148.443 217.067
60.835 206.293
174.383 179.765
183.367 163.348
160.498 92.083
116.962 19.760
191.427 67.092
166.743 51.172
37.080 60.649
46.624 87.140
189.962 112.968
142.593 219.414
155.078 216.561
214.907 222.815
44.233 2.684
47.623 221.694
249.223 171.623
148.376 106.499
18.826 115.984
204.927 185.770
59.306 235.719
115.882 92.607
37.265 140.683
217.334 234.715
68.597 207.632
141.296 64.701
161.338 175.937
19.200 23.877
164.351 141.729
28.953 107.656
103.237 197.284
81.351 55.657
43.673 37.818
28.290 6.394
103.834 159.828
206.102 25.186
65.045 248.747
237.618 169.302
36.235 191.613
15.350 207.804
194.016 234.201
42.916 41.512
118.864 249.292
111.918 202.629
91.247 109.171
177.046 242.263
178.247 5.347
234.103 72.516
248.825 2.425
248.585 6.913
114.330 159.074
102.328 19.201
155.374 35.991
139.669 168.148
83.209 41.835
166.553 31.242
171.370 91.750
247.893 167.429
157.388 194.001
96.796 182.669
165.608 227.353
128.497 222.066
40.317 181.822
7.031 8.080
205.752 131.888
213.996 151.010
165.375 221.649
94.341 39.403
176.696 207.114
92.169 55.711
126.617 93.467
104.638 68.055
143.746 246.413
168.404 155.267
76.810 159.452
198.288 176.661
36.043 194.849
29.931 89.968
220.827 31.799
61.722 26.820
117.462 60.575
3.646 225.907
175.832 13.678
125.246 125.032
49.169 179.501
128.553 129.868
137.993 107.323
231.454 228.440
202.368 86.014
8.899 36.871
94.241 224.435
172.405 245.836
241.085 125.909
204.304 195.307
46.341 43.474
37.755 155.255
1.859 43.577
101.441 44.931
172.699 236.040
185.060 148.978
107.671 131.591
246.001 183.542
203.501 153.694
150.791 232.362
97.530 249.498
113.901 110.091
12.165 237.286
44.679 88.946
221.872 51.265
225.892 151.150
3.272 130.659
1.434 145.879
68.344 42.050
153.954 218.155
54.616 241.211
180.862 76.853
206.515 16.291
16.366 54.436
37.450 169.242
135.582 235.336
168.670 34.251
15.197 240.757
195.396 93.988
151.378 1.196
69.355 66.179
147.862 2.554
9.029 76.182
144.413 160.706
161.489 151.881
177.657 71.155
28.497 172.413
101.766 53.513
112.094 136.213
130.683 105.471
155.979 148.898
172.639 166.277
176.625 53.929
138.537 223.237
227.355 12.497
50.924 43.348
103.851 94.377
161.903 118.691
80.133 89.357
187.115 237.111
89.267 134.596
108.558 147.076
238.692 147.665
42.738 11.013
196.653 47.836
39.550 167.423
13.942 23.581
85.240 41.872
47.612 231.779
51.345 206.940
19.300 144.595
152.410 217.067
49.700 76.121
139.693 94.210
110.534 31.531
248.056 29.821
209.235 125.596
47.929 247.795
83.425 226.615
182.252 39.031
55.525 124.091
62.589 234.888
56.234 162.816
237.436 221.606
218.260 210.781
225.654 125.033
164.992 59.248
116.462 244.189
224.409 41.189
118.754 6.156
135.693 71.936
76.850 230.280
154.680 191.226
160.194 107.246
116.063 148.433
132.327 228.252
14.232 44.991
123.770 103.995
107.075 4.992
110.045 114.011
0.129 54.130
247.094 155.342
43.520 82.735
170.117 191.648
177.373 189.914
28.881 161.643
246.127 97.604
244.551 94.185
191.139 35.661
245.381 34.473
111.235 237.928
119.033 213.142
89.532 1.325
93.464 162.905
17.468 213.049
211.125 82.776
82.704 143.041
169.789 59.728
120.793 137.370
194.180 225.030
69.204 94.297
68.735 71.719
190.691 120.870
108.136 222.048
63.788 4.375
221.343 161.157
83.779 123.791
6.632 186.637
146.026 48.690
186.764 123.520
180.431 6.807
230.122 145.505
125.624 72.066
182.890 12.144
86.000 74.081
247.177 237.350
132.654 9.427
3.119 36.837
158.899 173.043
108.618 108.631
205.492 166.392
195.842 97.067
68.244 32.697
130.086 3.241
206.954 9.774
248.482 167.148
136.353 166.459
46.377 204.802
163.036 52.087
29.786 185.657
87.698 31.664
143.718 77.823
43.931 198.298
97.512 192.319
178.029 118.725
174.847 27.126
35.405 114.316
210.675 123.149
73.665 103.486
59.712 104.971
15.896 107.013
150.675 208.593
136.531 116.733
177.302 191.319
238.320 204.914
143.960 25.342
176.434 0.337
94.059 155.451
138.325 147.680
143.367 133.429
134.635 57.441
146.507 168.028
48.679 79.299
194.685 180.056
104.802 128.914
93.435 193.046
112.464 205.286
201.488 102.170
10.056 64.550
109.689 36.546
200.337 198.438
36.024 174.443
199.120 0.801
153.997 147.117
191.986 23.251
213.452 75.175
207.020 37.389
172.436 175.862
201.872 19.293
5.588 24.194
25.396 28.486
145.019 232.710
18.115 50.423
234.743 22.255
199.790 135.350
228.518 209.341
82.503 187.003
27.610 114.059
243.972 73.738
201.377 152.716
141.147 52.323
19.283 175.570
62.813 71.144
188.224 243.489
154.139 158.014
87.753 139.509
129.556 140.390
103.876 106.392
225.695 105.918
4.700 100.442
214.032 9.090
81.869 90.340
100.448 136.791
233.777 92.192
91.118 77.639
149.754 47.161
161.400 91.240
118.634 218.128
108.874 44.247
158.782 206.453
176.634 76.352
131.932 119.442
203.071 198.261
236.170 76.181
206.405 190.784
98.478 114.678
45.198 74.140
117.007 3.666
147.919 5.490
202.880 116.821
0.525 184.443
41.778 40.364
19.839 110.142
89.633 158.077
234.362 175.445
135.754 157.057
150.614 129.104
9.272 156.167
199.665 245.005
221.415 68.497
173.505 79.007
136.134 98.479
14.990 150.805
113.600 63.496
200.130 216.823
156.768 111.184
80.916 228.293
155.567 93.436
70.591 72.877
183.138 67.874
57.707 77.772
185.927 46.751
103.218 214.838
13.716 114.979
198.088 135.398
187.474 249.352
216.159 196.418
19.712 224.344
186.642 16.189
77.060 211.496
158.143 192.464
119.270 247.357
12.144 191.794
239.872 199.595
172.130 102.635
129.384 11.731
101.260 232.325
99.913 77.169
140.382 9.551
34.558 200.618
163.066 102.891
61.200 88.295
164.640 166.411
85.979 135.014
24.277 76.395
241.315 172.895
66.146 91.563
165.553 200.291
159.168 92.329
42.743 131.527
129.980 85.342
104.889 92.493
193.051 179.964
205.979 1.932
147.573 148.791
156.976 91.379
136.544 184.335
113.701 125.420
155.919 59.874
109.808 46.454
104.617 133.766
123.633 158.762
82.987 138.662
109.164 20.355
208.791 169.164
199.996 79.469
70.874 101.476
246.785 117.988
92.969 121.194
168.747 162.588
185.777 112.832
75.779 193.207
1.447 237.269
195.754 239.009
236.444 158.405
88.859 37.852
87.585 148.020
4.770 231.336
63.533 80.350
219.242 246.106
230.464 107.754
201.285 99.574
49.415 223.970
21.584 186.424
232.237 219.084
173.813 100.290
217.123 172.912
31.123 175.494
172.705 62.945
45.947 239.494
130.122 140.794
151.797 119.906
142.938 171.593
196.389 217.641
3.759 239.473
117.740 118.207
8.095 239.964
80.786 180.609
