100 5
25.000 25.000
38.673 21.709
28.403 39.378
3.717 34.736
3.923 16.506
26.404 17.583
9.197 8.245
6.962 21.974
12.633 45.824
8.041 9.316
14.103 40.899
36.163 35.190
26.880 44.003
30.236 42.814
16.139 5.347
30.507 3.602
42.603 3.887
17.167 28.840
8.577 34.170
27.862 24.022
21.568 20.741
30.209 5.940
44.531 20.070
20.288 29.724
10.060 0.439
49.682 0.595
31.228 3.211
34.088 14.728
6.071 16.234
31.288 12.853
49.499 44.924
47.426 30.461
11.277 22.278
0.535 33.028
3.661 47.176
46.120 45.451
4.438 49.476
42.624 7.545
42.447 46.033
21.877 30.027
49.337 32.331
13.193 35.157
22.191 18.064
21.873 44.939
44.631 19.907
20.264 13.876
6.847 46.622
43.025 10.051
1.158 49.617
34.123 25.071
27.804 42.217
29.969 5.456
0.088 44.137
21.690 8.624
26.362 47.950
40.249 33.884
14.113 23.562
29.091 17.174
35.153 7.895
23.237 39.260
41.180 36.711
38.715 2.438
8.913 23.304
25.127 3.533
47.283 21.305
6.075 2.167
41.533 30.924
31.302 28.296
0.209 5.075
42.443 8.626
16.890 21.062
6.096 19.239
12.122 24.211
49.607 46.149
22.834 22.349
45.081 18.980
18.090 40.407
10.094 32.990
12.707 49.385
36.181 1.350
26.755 28.321
34.425 46.565
14.390 26.680
45.487 24.581
37.637 45.663
13.105 35.852
21.198 4.142
41.745 25.572
38.286 48.106
14.327 20.745
49.885 8.513
6.399 38.432
28.495 21.280
35.475 30.792
17.366 17.560
27.844 30.435
44.914 10.772
20.315 40.240
40.190 0.098
49.640 20.206
