50 3
12.500 12.500
15.955 7.478
6.987 4.260
17.006 10.109
0.128 3.308
20.984 15.967
19.708 2.452
18.547 22.088
20.345 22.297
11.199 19.197
3.226 9.983
19.709 17.150
0.273 4.114
14.522 13.556
16.570 21.626
1.161 14.102
5.547 24.374
7.726 23.289
9.376 23.895
0.991 21.391
5.937 2.225
11.224 6.557
16.390 12.996
24.584 14.193
20.851 7.241
14.461 22.560
3.937 7.724
16.025 10.546
11.414 10.141
15.642 9.686
15.304 13.687
2.214 3.702
19.713 9.324
0.241 22.585
20.158 10.548
14.449 3.043
3.622 20.533
16.402 19.555
6.960 9.896
1.799 11.230
19.067 19.032
2.343 7.260
21.214 7.231
7.066 16.610
13.537 17.774
11.546 6.245
1.827 20.480
14.249 2.081
8.393 17.948
15.794 17.616
