5000 7
1250.000 1250.000
907.145 498.667
309.180 795.870
903.190 1552.166
2169.888 1189.099
2306.835 1560.853
1687.660 1593.085
1529.883 2451.816
90.376 586.531
243.495 2269.884
1095.599 284.240
1435.773 747.776
1001.409 515.291
423.142 664.547
1969.955 1398.570
1182.318 2397.242
1002.484 866.014
1280.920 882.818
2328.903 1459.897
484.878 1573.939
2280.893 2471.961
2443.300 2149.767
1943.207 2229.514
2228.418 924.367
1205.699 370.425
1834.844 1167.369
1007.659 2198.630
738.057 743.471
2167.967 1586.573
1236.154 2427.150
428.461 1797.529
1094.681 397.027
1893.038 31.936
1703.635 307.966
984.962 1854.671
2213.880 1970.397
1603.314 2436.625
445.517 2028.004
1492.311 1376.185
2049.587 833.252
2348.152 117.429
1576.280 1856.394
2060.297 1166.844
1364.534 1441.375
2135.540 1336.290
329.958 2125.884
2250.842 1809.351
2247.359 84.347
1032.891 1190.065
1951.078 310.053
1675.766 2113.418
1282.163 2291.252
2099.944 1181.213
374.812 42.420
1979.405 471.491
2099.691 164.178
1388.643 601.221
258.507 1965.467
1883.811 2427.867
843.148 229.272
1625.572 60.833
166.463 80.655
1894.040 239.662
2373.876 755.737
2321.350 2212.591
767.861 753.094
2175.012 209.461
2290.920 2049.639
2176.490 728.774
2497.333 1424.002
1375.567 113.803
2354.100 567.444
2372.139 1360.832
770.818 1606.482
1854.011 687.415
2441.487 1996.678
1443.869 1520.513
492.100 425.956
574.905 2346.480
1122.794 2332.663
859.587 2155.989
27.674 849.002
386.898 2199.908
1311.283 915.778
576.090 353.020
1482.896 2493.807
902.073 2489.497
2486.637 2155.790
636.954 985.584
1782.482 1547.712
681.348 1143.692
2103.534 1275.860
2421.172 1274.162
2354.282 612.754
1562.719 2102.020
1330.949 2014.495
969.611 1885.189
470.256 2106.508
852.935 1685.465
1315.277 398.262
2367.738 1404.216
760.426 2353.221
312.144 1178.462
1776.034 1893.496
131.691 1942.415
2200.479 189.265
1668.984 399.337
743.935 1639.032
621.351 72.138
91.608 1949.766
2076.047 463.820
878.448 2185.707
2130.453 2291.139
1736.635 1328.592
424.277 1411.078
314.495 2366.469
2331.929 784.195
239.105 2054.839
1626.040 2416.283
2139.825 877.408
2399.578 2106.005
1689.725 2460.255
849.640 1051.236
863.169 781.857
1868.405 2344.665
1693.213 2260.792
103.046 1551.563
307.124 1249.761
1802.358 1076.440
818.832 461.427
1244.040 2406.310
356.808 485.727
2071.007 1783.230
210.244 1610.555
855.031 2031.579
2492.552 1302.590
511.844 209.995
1114.692 134.719
1718.787 1068.499
1942.578 2175.185
5.433 1815.736
881.630 1412.615
2426.036 1095.241
2315.170 38.850
526.755 1565.629
1862.178 1946.297
2239.021 0.136
1893.704 2493.063
946.224 2194.891
1467.796 1169.642
1121.793 1208.740
345.168 500.298
1749.852 2079.344
2252.756 473.573
2342.007 1681.249
2070.646 2343.316
596.643 1332.513
2299.906 800.039
232.103 67.455
2017.624 615.965
1906.075 803.864
1063.770 408.791
1476.889 23.301
1107.866 2458.592
371.226 534.879
2095.526 1618.140
2197.533 545.558
2423.834 238.506
974.476 2446.994
1712.574 135.382
647.036 1395.328
762.650 1924.818
416.855 2053.143
473.004 1863.190
1279.663 2464.545
1366.174 246.567
2104.621 69.893
176.485 1300.862
394.306 645.060
2121.231 1085.180
1986.311 1676.403
1136.522 2425.129
254.785 321.149
1150.406 1527.015
1967.016 1673.397
1383.642 1422.225
891.570 532.034
1249.139 1684.782
2454.279 767.831
2194.419 1285.633
1616.800 1821.841
2475.236 1970.627
1987.210 631.749
1518.615 2408.877
711.179 1586.533
2025.340 51.200
1826.461 1910.331
2264.650 1567.584
1063.515 1919.954
1656.480 1130.728
417.412 547.058
1903.390 2430.008
1435.401 1867.157
1747.290 1457.586
1403.933 1302.669
1630.252 58.293
1067.934 1336.975
192.920 1087.810
895.032 2210.737
540.015 23.395
447.545 680.430
1138.655 434.441
2133.218 73.609
635.740 972.353
1608.492 2436.679
1469.752 2179.248
1858.522 674.438
1052.977 2480.349
1520.018 1801.769
1554.816 1871.746
2104.519 1917.910
2263.475 623.591
2213.087 2074.828
1272.493 2267.445
476.865 1159.151
1615.610 921.470
184.105 1904.565
1443.153 844.626
1826.179 804.705
1292.343 1823.393
1835.033 1148.531
761.462 41.746
24.295 60.387
2491.821 1520.101
1561.547 146.289
1214.971 2142.132
1773.671 1721.897
1097.770 1325.671
2493.693 803.953
542.106 730.378
2183.633 220.323
799.851 1975.603
1946.296 2462.899
2421.096 1186.355
1181.324 441.012
1417.257 150.214
44.498 1919.146
1375.302 1377.008
361.800 1976.138
2465.554 1490.769
6.700 320.038
1495.339 1386.804
2357.677 979.298
2383.933 882.212
1970.242 1707.164
1819.602 631.226
1317.659 1710.511
671.874 722.120
2412.812 1766.048
2435.702 1833.622
314.520 1304.834
339.311 1051.398
1578.893 833.443
1190.506 2239.594
155.783 1006.377
1298.893 77.408
2339.442 1531.689
275.623 1895.637
573.359 84.282
861.619 1142.483
244.760 2294.920
1397.254 1291.208
1747.840 257.497
210.856 875.975
1551.107 2139.617
689.175 1234.665
1679.168 1720.656
28.992 370.762
887.587 2299.222
2204.407 900.504
724.724 861.252
718.938 90.679
2309.798 1455.578
94.391 331.806
2272.082 1492.200
584.283 2078.019
1419.552 811.837
2314.515 413.770
1589.344 1043.246
1334.429 1482.568
821.825 2375.181
836.429 1910.457
980.243 2062.762
2356.593 1846.046
599.856 526.860
2223.746 1162.341
1960.583 1216.338
604.405 2128.077
2436.510 2100.951
1940.213 2352.453
1675.394 1097.885
642.681 258.255
2148.698 1977.163
2277.790 862.852
2212.854 2344.160
1574.064 2056.408
1998.322 212.178
1908.304 832.294
530.878 977.278
2128.913 1856.028
2059.260 1075.060
1237.282 1528.550
1558.951 2001.249
667.947 1844.517
672.458 1943.469
2095.218 209.972
876.987 1815.514
1695.941 61.687
2381.382 1391.261
1686.688 905.109
576.975 1876.480
2023.596 2303.848
191.421 1641.626
124.603 668.572
365.547 1122.159
2137.051 1281.712
1548.716 723.428
1428.617 1873.857
681.730 2159.268
379.581 2406.743
2247.766 2493.166
2423.101 1256.262
1243.561 1358.329
586.068 1715.705
2087.478 436.974
2016.253 1367.908
927.673 1880.326
1569.743 1463.868
1223.477 1001.470
2198.892 2474.230
654.394 1240.337
1685.738 1087.665
1327.247 321.567
976.018 1209.191
1829.842 1973.677
434.784 572.395
32.711 410.276
551.977 1898.854
1235.763 302.447
2320.095 786.796
503.417 1294.473
639.970 2450.982
2231.927 94.855
21.610 1936.370
2294.148 891.264
1782.157 1230.833
938.930 315.839
504.546 2237.556
2402.407 1627.656
2047.918 198.078
543.882 1564.092
1248.440 1919.077
1169.847 1545.902
328.520 313.539
1677.199 396.201
380.029 2251.946
1965.733 323.269
189.135 2023.423
8.736 1893.897
896.800 453.111
2433.047 399.696
1999.817 341.438
199.424 711.091
2222.064 747.795
177.614 2457.342
1282.320 2335.712
1468.245 477.703
567.207 2453.867
480.332 706.237
2024.829 648.821
50.177 1746.815
2406.326 2245.290
869.499 1136.034
1277.804 1198.527
2371.987 2251.621
2373.363 1987.461
1986.425 1997.493
904.376 1236.050
1479.757 1144.794
1777.295 864.384
1431.011 1703.974
1838.210 691.466
1278.830 540.961
153.478 2200.683
579.414 1265.531
463.774 2219.615
2289.553 1298.618
1632.047 202.667
793.828 1011.235
1681.245 2243.250
616.038 688.107
1263.620 1514.546
1532.649 1393.882
718.290 1448.141
767.418 578.407
1214.545 1376.819
1160.021 2190.672
1396.676 798.180
1626.902 142.772
1669.167 1323.508
492.351 1115.521
202.750 1862.191
1972.792 2478.628
352.371 284.001
1235.764 977.880
830.221 293.074
2126.112 1226.788
1957.960 2235.396
2464.169 509.744
2282.493 500.774
1223.080 548.358
2349.523 1439.022
370.949 163.544
1728.263 2442.168
2405.935 2323.421
2499.946 1578.479
250.922 2323.308
1572.874 874.710
81.744 2312.308
800.351 1404.094
245.605 1081.924
2481.069 1339.847
320.729 1553.511
24.045 420.169
1558.182 1730.030
193.540 823.170
1638.930 1741.891
2060.094 1980.691
136.218 357.746
1782.386 2123.978
710.118 122.914
1125.540 1760.913
1419.440 2284.400
941.543 773.085
2123.160 1345.556
486.133 21.393
2402.810 463.915
1774.216 369.875
922.658 1759.573
2101.806 215.612
2055.489 417.471
2484.232 290.130
776.387 2215.310
349.500 1464.901
1830.985 132.575
1931.080 1132.756
754.230 250.286
549.077 1734.594
2192.337 1958.850
950.504 2084.940
1803.474 2255.929
1193.536 1601.444
1884.248 1263.791
967.213 1311.404
613.521 1123.406
93.326 2470.338
177.233 1782.520
1245.893 904.934
1044.812 710.850
693.574 1478.575
2032.314 413.932
2105.135 2177.151
2051.771 82.663
1907.661 140.772
1362.278 147.917
2266.898 1328.799
1733.609 1389.336
385.679 1073.273
2193.649 1552.518
1062.483 520.964
2495.783 423.512
783.543 1315.708
1611.732 1604.637
1859.807 712.400
1873.246 2189.210
1809.310 1985.689
848.128 1869.550
2147.418 1870.954
2237.677 2336.874
689.255 1862.106
949.889 421.740
1071.349 2254.374
1594.794 2424.354
2079.640 624.643
1996.747 1807.387
137.667 95.893
1260.731 1256.255
2320.455 438.647
588.761 198.110
819.405 2053.611
1204.043 1707.387
1584.674 756.356
1825.393 463.465
674.785 1835.952
1445.501 1726.167
1762.478 2241.306
1598.594 2119.735
1917.956 2483.247
228.909 777.255
1732.140 1857.607
832.281 2033.707
1655.698 1168.962
2234.803 2101.842
249.362 531.219
1052.213 1486.141
2022.531 1977.840
300.611 1023.052
1612.128 2483.733
62.203 1486.938
1059.091 1534.324
1946.734 448.166
7.185 1708.891
978.397 1299.641
367.586 2464.003
1432.217 586.799
532.500 1631.590
561.029 2343.824
169.772 2151.297
2360.777 1711.393
562.015 1766.471
402.093 961.817
1544.677 0.951
2264.370 1677.504
1356.719 442.579
688.494 1057.559
993.055 1085.893
905.499 456.722
199.371 1584.725
596.724 1363.334
831.792 2133.224
1000.004 987.716
2192.074 4.588
1619.049 2329.109
1871.882 2005.960
1430.926 2436.827
1613.472 1562.383
1469.326 2038.246
66.887 797.492
840.287 724.825
188.712 1582.741
1564.780 1026.425
1926.903 269.312
882.417 1726.033
1524.088 1206.001
69.789 1296.690
1454.486 1934.388
1178.353 2103.854
1700.620 355.727
755.837 1254.754
2408.018 294.450
939.225 621.358
1102.813 1778.703
189.683 1995.194
1586.436 1379.053
2353.448 479.386
952.521 2104.654
1736.863 405.060
698.510 216.917
2459.576 2185.143
1541.144 792.646
573.828 1218.266
833.369 871.145
566.756 967.035
1601.851 1785.458
1021.006 1883.439
374.124 2034.110
2375.821 2462.053
1570.568 1532.798
179.940 2228.058
1971.475 827.129
2470.912 290.882
241.943 1333.514
803.508 1251.122
526.415 2458.291
1240.002 1386.640
359.937 856.919
1320.377 1218.153
2134.764 1540.141
1092.424 746.258
8.388 1510.929
1101.672 514.109
474.072 2022.820
795.021 2242.837
1314.731 882.769
2324.183 2153.260
1218.669 256.007
517.390 1426.233
1248.315 359.489
1754.316 579.759
549.943 1103.391
1110.231 475.143
1552.893 1566.781
1960.873 1388.474
415.671 500.903
1392.776 2209.008
1653.664 1931.177
1600.679 1467.096
658.582 2125.862
187.984 2352.593
395.931 2375.983
2404.529 1412.651
577.286 1162.698
2054.331 746.872
1397.739 2373.564
900.126 2127.962
1684.636 1819.497
1293.467 1443.411
1102.604 953.021
1202.710 1388.427
2227.241 2219.636
1878.647 1151.486
2268.405 2430.781
423.112 2094.684
352.510 984.386
1115.714 1644.342
2028.966 1028.458
1554.300 1122.513
1622.518 517.535
2067.030 1362.415
866.169 830.554
1777.790 2228.642
1400.199 511.544
1566.027 2498.555
1590.742 1797.173
1033.360 1318.015
1328.896 1813.747
2066.887 803.726
1165.576 2002.152
504.347 1642.752
1078.084 1500.084
2128.556 2255.447
868.615 558.114
2155.230 353.018
1196.920 1312.912
2397.438 2022.822
460.730 1186.611
367.671 1836.958
1655.319 1040.601
42.133 2350.234
1520.436 1501.159
1718.638 383.478
486.716 444.003
15.292 2078.082
623.321 1283.699
1069.312 1754.665
472.326 858.985
1859.557 708.289
2023.057 2496.029
1703.302 1386.179
354.040 1197.500
864.806 565.222
426.172 1045.851
1659.442 2269.631
437.008 1311.505
463.910 1439.849
886.342 855.402
309.685 1882.686
1044.011 2106.056
1288.483 2076.359
244.808 543.713
2083.782 422.307
1246.480 1458.166
1535.091 1481.910
715.513 1192.608
1352.583 1115.800
784.141 1217.181
173.850 1419.996
1221.417 1647.030
134.732 1958.363
205.441 29.007
1742.564 2494.392
1999.081 1611.652
1790.342 1353.095
1592.026 1215.604
1090.701 1705.161
664.007 948.077
1751.718 2479.901
1225.743 213.127
1885.345 2386.014
888.388 474.229
1104.034 1760.129
1842.766 2215.621
597.476 2166.227
2399.442 787.656
441.108 1100.736
1416.627 70.573
1717.033 1409.615
2108.880 1383.438
671.728 2088.369
436.242 1595.356
1392.401 1861.704
1072.646 2190.180
1053.871 2233.958
959.057 2446.525
919.968 2400.681
700.973 1384.084
1813.493 2366.322
662.787 574.400
897.527 1587.350
2276.939 958.379
453.095 2270.388
2190.260 2445.852
282.767 2499.932
1542.633 1075.314
2381.418 413.934
1144.822 1475.881
1044.024 1219.371
2150.085 2237.026
727.294 1456.190
1421.561 432.855
2303.081 583.787
957.613 887.495
425.304 514.642
1502.667 2448.602
989.970 1115.683
1110.138 840.037
1264.980 1034.078
2164.974 276.126
433.779 2182.128
853.931 1677.758
2371.179 2257.181
1080.396 320.449
52.045 2193.254
2271.767 2425.000
936.989 2127.618
1600.920 1831.393
1627.015 1243.753
525.550 1034.611
2251.999 708.779
1888.845 541.526
937.198 2440.895
1787.908 777.249
532.033 1698.909
1176.029 765.867
2416.945 1016.519
329.167 1824.633
48.255 554.582
229.793 555.188
842.192 1000.495
2027.901 1824.787
1113.816 894.129
2389.786 1480.139
831.315 1511.026
1381.049 1991.624
903.008 2412.309
535.427 1825.370
1486.361 2112.428
874.389 2211.538
56.568 1393.745
699.675 1159.548
82.394 376.366
187.273 1182.145
522.428 1661.241
756.205 2135.781
1500.856 458.670
279.606 39.379
2244.663 506.802
1234.085 223.576
885.912 228.559
2256.476 2351.411
101.376 1832.460
82.781 1007.063
1493.056 1164.374
220.861 2079.748
1959.089 664.440
1634.531 220.100
628.786 2032.389
875.284 394.669
1878.622 1304.667
832.734 190.085
191.544 630.746
757.260 740.019
2148.015 998.098
274.808 1813.179
1967.794 1083.414
429.169 891.924
2135.750 2216.480
38.595 1087.214
1342.685 240.836
1246.530 1071.317
1488.308 473.401
2499.357 907.233
554.120 1646.893
2223.570 154.062
2073.493 953.279
173.070 2228.501
2328.805 1348.274
1833.793 1751.890
1424.720 2284.889
1913.514 2072.215
839.371 2141.718
218.232 667.005
1542.244 128.358
227.887 1086.201
833.049 935.218
418.858 508.624
2169.340 159.554
1762.865 425.220
1435.839 1479.311
1390.230 1669.552
1564.011 1549.281
392.938 196.818
1694.850 2042.673
179.040 1055.645
95.609 2376.745
3.303 883.117
266.281 1944.139
1869.424 150.606
879.478 1927.713
1908.741 1811.720
2357.449 1874.728
2479.138 2061.233
20.562 2319.772
1483.098 2493.976
250.057 1098.749
413.831 1883.491
843.955 319.619
1470.552 1473.388
715.002 1855.055
816.673 305.954
2248.194 2231.668
187.496 749.035
1346.181 762.515
1986.234 526.720
1785.937 350.876
422.305 1371.449
1938.029 1019.713
2116.648 1809.856
1851.071 761.125
2489.561 180.668
1043.659 2255.592
2118.792 2274.157
1866.755 452.851
2284.141 1670.207
393.800 1729.267
2434.028 766.807
1019.863 592.528
114.673 294.254
458.252 593.204
81.349 1064.094
907.438 535.183
1331.177 2444.883
1780.151 872.471
849.947 1634.022
1747.251 877.835
794.155 113.275
1606.481 1109.996
1390.763 2064.144
1937.563 2039.098
1481.456 1413.707
2304.112 524.600
2254.978 2047.548
503.484 944.278
2156.830 198.977
2498.160 1491.886
1405.667 1942.380
2187.011 1628.152
1051.795 2239.746
1169.118 715.728
1486.918 2125.147
28.466 812.434
347.329 2280.458
702.786 890.047
290.538 2104.052
1644.594 2202.353
1459.564 1476.617
1486.839 897.305
945.157 995.313
447.903 94.049
1396.722 2070.305
797.634 572.754
1130.742 459.091
1043.366 29.040
592.859 1011.620
1798.404 14.370
736.467 1106.949
1391.451 2136.723
987.527 2046.434
628.688 398.836
2161.815 711.649
1372.670 503.876
1200.995 1363.847
1741.648 17.625
1160.549 450.008
1995.109 449.548
1852.190 92.902
2088.209 1450.818
226.830 394.222
131.650 164.905
2092.257 2365.531
1695.195 1380.529
1642.654 504.007
1049.706 601.986
104.245 1227.379
994.794 846.460
696.154 1233.515
2475.291 251.017
2.007 632.149
359.473 1760.369
1016.631 2368.250
1356.961 88.369
554.646 1040.624
2315.723 2218.407
65.648 16.613
2224.086 767.111
525.230 1131.334
1865.315 1315.208
1009.262 1113.813
2338.755 1525.029
186.875 1604.050
917.076 631.817
1729.866 235.863
1732.718 2250.954
461.076 2382.167
771.559 316.828
1738.380 2459.708
617.099 250.113
1314.560 1252.401
1702.622 1941.478
1767.952 2141.772
59.266 1277.346
2375.865 962.318
1091.550 618.649
316.875 539.817
907.518 488.388
1263.744 742.343
2427.327 2171.824
603.578 1172.670
1074.534 780.904
660.438 883.298
2295.818 1452.659
1025.354 338.808
988.347 1978.550
1930.112 1674.050
1111.564 29.171
1799.765 527.067
417.053 2149.720
829.027 279.104
440.511 1980.708
1486.015 417.805
1513.852 774.710
1639.046 948.391
2374.777 2230.096
1025.702 624.391
1878.457 289.479
1229.796 2286.996
1859.182 361.498
1441.477 2226.287
1473.869 2247.436
178.381 2054.329
1991.987 85.724
968.726 758.035
1411.726 1541.034
275.849 267.309
179.716 63.380
436.388 1280.652
1028.512 1206.219
2134.454 1446.373
928.119 304.838
2302.306 257.743
1117.466 1966.195
2077.676 2421.676
2494.263 1588.772
885.765 1683.629
1502.487 246.868
2227.578 399.733
1345.519 2014.366
798.221 489.387
1913.430 1773.885
1793.543 1905.632
533.175 830.610
1783.138 243.596
2424.870 1505.491
684.582 1621.544
1092.209 766.107
84.852 2037.435
958.845 990.858
1159.468 1160.654
817.504 615.014
2338.778 92.912
62.347 447.655
84.401 907.758
1546.282 2067.347
398.797 28.234
636.135 349.556
2240.503 2300.287
1598.435 1413.319
1297.870 18.268
1548.925 2295.909
2218.077 2136.698
1638.912 1866.012
1493.819 332.002
1272.383 2005.991
2134.715 2440.266
890.263 735.271
862.258 1897.292
1442.763 1166.674
581.594 2101.987
907.490 2117.765
2081.008 273.667
2421.762 2300.579
1518.832 1623.417
683.909 1643.223
1340.200 660.680
635.643 1904.581
268.582 167.602
2078.114 1512.515
1094.012 1939.949
2050.013 488.725
407.887 854.664
1183.546 2458.039
1294.021 316.141
452.584 461.849
1042.288 416.484
330.358 1897.745
1693.658 1938.444
1620.229 901.273
701.949 1826.588
91.598 472.968
2104.422 1492.937
820.086 1020.847
317.585 148.955
1205.435 1088.286
1609.194 801.679
1882.474 242.929
2326.469 1537.575
610.209 1889.002
1113.330 655.668
2497.578 2185.312
1926.142 393.345
1522.577 900.968
2284.745 770.593
1651.637 470.021
1321.542 1045.067
619.795 749.855
434.155 9.657
87.028 767.477
1738.070 1870.110
1438.072 1488.815
530.159 656.779
1909.485 696.048
465.688 560.638
728.200 1757.820
1132.797 39.842
89.177 2034.520
2291.776 367.108
754.297 82.878
969.237 1159.993
1166.325 1524.389
1439.601 821.263
77.621 807.550
31.223 425.933
1955.949 172.391
673.400 1760.907
464.945 1043.175
2261.581 1670.321
1465.584 1868.376
2360.171 562.484
1707.179 2236.754
1344.228 1977.547
917.810 2011.874
714.737 511.809
973.173 1692.031
1393.929 2003.743
1814.058 1255.073
1710.507 445.285
1437.759 677.348
157.255 1841.803
445.771 1978.242
247.907 637.612
1479.326 1201.643
241.053 1041.131
2154.182 615.345
1636.386 10.013
1941.286 2265.486
335.455 192.272
1195.120 1432.174
1374.224 1482.251
1301.183 566.098
325.699 714.018
428.085 1781.501
1578.108 1647.811
518.736 2175.304
1631.262 541.179
1410.571 440.707
2416.360 1598.817
2368.004 2053.242
2409.128 1681.847
1338.872 1331.628
1250.668 206.535
1094.024 2043.129
1278.236 1625.595
2099.258 504.390
1848.955 1223.025
2153.734 2441.536
846.274 1150.391
2033.861 1129.027
724.869 1413.988
2497.629 1352.668
579.770 483.773
459.993 2038.067
285.839 1430.746
242.200 1672.924
1163.495 971.582
461.700 1778.090
1356.548 1317.826
2313.590 134.652
2331.219 1663.187
2197.689 189.546
505.817 1939.613
1431.417 1050.095
934.302 534.135
978.333 931.662
1331.523 1506.349
2217.943 1190.795
622.913 1961.408
2096.301 86.330
1259.053 297.108
2378.493 21.780
116.389 154.309
452.093 2372.604
1097.846 2384.552
296.329 1609.041
2093.428 2431.922
1877.310 537.168
1023.874 2051.173
1315.195 1241.568
1374.190 386.992
1148.461 1989.877
1309.281 1838.216
2369.800 398.753
1855.759 1639.081
616.804 1073.920
834.937 1891.173
1033.135 1872.108
2310.679 2313.821
1789.996 2122.683
1313.756 1596.171
1324.816 993.772
293.719 1596.222
1117.485 2469.520
1753.786 1568.417
1345.885 1751.425
985.502 1956.551
1413.690 1444.926
2308.283 4.219
1263.049 1095.503
75.009 1005.910
2311.854 1359.449
2459.745 1905.344
1736.448 1282.038
801.811 645.532
447.381 2492.026
162.879 2103.801
286.091 1594.322
687.387 1746.188
1300.012 339.404
1997.751 1486.323
2101.388 728.168
1791.956 490.447
463.696 40.297
1813.929 318.988
1011.100 2236.232
1282.794 2342.083
2282.254 1666.805
1963.592 430.744
1081.652 1306.010
582.215 2262.007
686.387 1730.362
271.740 2167.024
1270.035 2327.230
413.583 2488.422
1233.256 647.571
239.663 76.921
1151.681 1067.301
824.987 1470.265
352.358 1727.787
1909.696 1720.723
335.912 672.924
2002.022 1323.698
724.620 2188.414
1230.187 1017.599
1940.224 293.574
1294.125 1805.881
1462.657 223.555
2135.340 377.110
1270.339 1065.327
2382.978 532.696
1777.060 556.839
2073.751 2388.139
1531.031 1768.057
2386.729 1152.562
1954.333 2115.657
2211.650 424.168
662.126 2200.046
1138.998 1242.267
1259.869 2209.168
2333.685 2291.677
1138.101 1.327
1619.474 193.457
899.533 839.332
122.642 248.866
1947.486 473.521
2098.175 1440.817
1015.362 512.086
1496.250 2068.842
2082.307 806.090
705.777 1129.797
343.812 1422.045
2011.289 2130.619
2024.810 2118.635
1302.757 1738.628
1194.964 455.318
852.779 2399.577
2275.666 487.599
821.022 2213.902
109.482 686.445
1714.386 1371.629
1313.055 2494.749
1445.932 1355.318
2329.879 2490.112
830.823 1799.624
1289.694 1003.467
27.299 1121.132
1815.569 1137.505
118.217 595.360
1287.758 601.417
1489.225 1199.343
938.822 1660.786
251.721 1090.143
749.021 1816.733
1601.359 2105.974
1934.127 1640.408
191.557 1558.194
164.305 344.016
2111.793 1240.295
2178.980 567.006
1568.642 746.523
1510.551 2245.230
1070.154 27.602
1113.199 810.858
2492.919 919.506
1515.032 977.710
1827.623 402.348
1480.423 615.969
1298.367 1691.433
2467.961 166.104
445.704 1021.579
1875.407 2048.529
1272.300 364.615
886.305 1280.326
105.072 557.902
2363.898 458.567
258.598 1462.219
593.976 1091.051
880.645 1265.420
370.852 916.222
299.070 1949.158
1196.767 1373.214
2112.143 35.521
541.026 2047.819
307.323 2372.226
1667.312 856.827
1717.036 1613.445
873.379 1189.183
2242.470 1184.936
1660.251 519.025
1113.777 964.581
1127.073 2216.021
1571.294 480.676
2359.880 1414.487
490.442 2186.060
1205.121 1724.041
1953.050 1713.344
482.767 461.458
1392.023 1835.030
30.205 952.793
2008.141 2204.327
15.372 2277.328
107.320 32.929
357.537 1504.051
1904.524 451.793
2228.847 1481.580
1185.142 433.840
499.491 1630.586
1834.052 1565.430
1882.797 1617.398
1141.977 1069.714
2352.356 936.192
151.875 2040.397
2411.395 1765.076
722.012 408.508
694.333 2085.858
892.824 1898.917
703.594 661.971
950.998 1771.766
435.030 567.267
2033.413 1685.383
773.434 792.891
2410.710 2379.761
1683.798 2106.010
1400.566 884.466
843.478 728.617
749.112 1380.610
824.828 746.124
630.974 2075.138
1668.495 72.732
646.848 1807.855
1544.576 1121.819
2335.844 26.861
1235.961 1247.300
365.411 95.030
380.595 753.206
25.564 791.926
397.086 1028.119
1283.117 2015.830
434.077 1809.175
1442.859 2005.968
147.292 2385.539
1593.490 1019.727
1261.422 1443.449
2441.090 1590.965
763.124 1565.071
2262.067 528.852
513.669 2378.698
1826.869 1645.933
369.927 582.398
2331.449 207.082
1342.125 1012.456
1923.916 1165.608
1356.096 1878.242
2291.164 188.434
2078.796 363.738
1178.525 1709.142
34.322 1815.931
471.912 1213.168
2476.073 1559.957
978.566 1427.712
1503.307 207.941
1632.016 295.585
2213.383 424.796
740.145 1313.769
1434.941 49.823
1023.650 1093.816
2228.602 300.503
1372.592 1934.108
2274.148 970.404
1496.575 1049.745
2259.566 1956.398
462.976 1303.565
1203.651 246.026
1691.721 1584.919
1464.372 668.684
1320.327 2179.794
124.542 287.449
1112.589 2278.852
1007.563 38.955
1037.968 1700.059
1588.922 1405.708
882.188 1015.027
2435.616 32.876
2468.547 2461.690
1129.725 1634.282
1685.209 867.006
578.912 1215.251
2048.871 416.066
908.413 98.857
339.813 631.708
1207.304 1507.709
771.339 641.118
1277.130 2425.527
887.231 1903.837
395.925 942.028
664.443 1485.602
243.404 100.722
1366.677 1948.115
360.967 2298.043
1892.128 954.384
2216.225 1945.231
1841.063 1329.105
1806.053 2323.400
2454.741 2229.865
1656.626 2240.856
897.867 698.918
1844.365 83.486
1310.931 912.414
824.603 1224.401
1591.017 2171.592
2435.337 265.778
2126.191 956.342
1171.307 133.790
1131.800 903.120
347.954 1760.431
1698.587 1881.050
25.998 1646.095
700.582 2277.372
1496.409 1074.510
584.915 1526.019
1678.649 401.088
2474.266 2144.230
842.816 688.436
1776.122 1465.211
1336.816 1073.927
1837.188 795.512
1158.455 1177.987
532.093 1397.914
560.873 1057.397
1947.734 2489.436
2362.981 1932.187
1615.295 1827.039
893.585 1463.607
860.042 805.373
1662.268 2313.348
229.838 1816.414
765.208 240.028
256.547 922.495
1766.265 2098.512
962.546 919.243
601.292 1726.889
1314.285 725.837
2351.079 1945.413
749.856 626.662
1607.383 2295.169
1434.646 2319.042
1045.296 2431.924
818.278 387.585
92.047 1751.376
81.526 2060.300
935.297 482.181
2257.755 1269.770
2101.379 1352.117
1635.944 1057.782
2197.322 2406.502
51.672 871.912
1779.555 2307.732
2052.765 1658.939
2247.746 1575.775
1881.703 1245.328
2225.650 744.319
1300.547 1425.833
2481.800 113.900
1551.782 2310.855
1104.754 1853.549
1533.382 2397.642
1799.930 556.330
1563.494 154.019
1317.601 336.576
1840.732 1708.778
511.472 1874.820
1466.405 790.197
541.249 962.615
1558.913 786.539
632.859 445.051
2489.791 2176.882
458.437 2039.864
827.054 2122.358
335.513 2177.077
1694.311 97.670
1097.106 2425.282
1162.294 1584.998
2161.399 2111.978
1940.422 1123.723
660.549 839.215
1927.782 1193.761
1412.322 2296.356
2002.591 2004.267
2042.435 111.346
373.257 1043.272
1325.160 233.129
13.087 403.825
1238.176 2297.040
1400.161 133.323
954.075 650.737
916.125 1880.909
798.211 414.175
1367.363 1123.964
1229.835 484.574
2162.064 2458.351
1416.363 137.552
1594.209 1291.346
850.946 1286.079
491.436 1428.573
831.580 2233.398
2020.635 1217.565
1046.804 2311.903
1067.118 120.458
899.540 71.224
631.947 646.391
787.835 2390.649
1552.264 1656.698
518.294 571.090
1181.734 2306.486
902.408 1973.520
1988.769 2010.221
953.761 1407.930
139.119 721.926
1165.490 1809.005
2323.653 2470.782
2385.565 2118.781
2035.588 1516.208
344.263 1759.287
2219.567 1960.726
441.566 914.118
1710.612 2141.868
1372.078 80.388
2185.813 1294.301
1411.964 1590.553
314.521 29.676
55.348 646.782
972.762 1602.898
859.410 696.763
2434.902 1829.303
1321.316 2135.435
1066.797 1921.979
1376.662 2091.585
722.131 372.208
2016.412 975.333
2071.944 2130.491
2322.589 1445.344
1695.527 1834.253
1395.368 1823.648
1256.674 2219.760
91.600 633.097
237.768 481.261
544.471 1360.616
350.826 1675.808
785.341 728.655
319.617 1866.615
1972.623 1839.053
829.985 1927.916
2273.284 354.352
954.676 227.276
275.748 2474.624
58.121 932.139
297.429 726.720
286.501 786.710
895.527 2014.447
1985.820 2368.328
565.758 308.351
973.606 612.866
1413.131 723.429
614.745 625.197
2281.154 781.394
2325.435 785.448
1004.645 458.059
860.574 1909.022
108.718 652.022
317.982 383.639
930.577 697.996
872.239 952.285
1071.186 2160.743
1376.168 1584.103
206.468 903.030
82.800 538.254
184.009 2155.827
511.566 501.234
1412.138 2120.298
872.217 2482.959
1621.038 1904.059
1456.311 268.094
742.798 1706.889
2382.961 651.540
910.237 1574.905
1662.260 216.771
1318.764 2455.740
1115.623 715.079
1741.383 1266.060
826.958 2412.025
799.873 2319.264
859.434 14.464
1768.313 196.339
1396.288 1375.436
1321.200 166.956
2069.300 1517.781
1153.817 954.510
373.419 1276.288
1187.834 1390.083
1911.273 1783.147
2209.723 1416.979
1027.094 2244.143
783.820 372.936
1244.386 1693.538
1290.150 443.111
966.860 466.050
911.629 68.469
2432.743 495.284
2355.785 166.600
2327.398 1478.808
615.630 161.558
968.381 388.617
1452.103 684.351
1453.766 1127.425
888.728 1366.842
403.752 1410.569
2370.470 841.387
791.242 2187.092
515.974 2004.980
300.900 518.322
2073.558 752.793
1597.613 1773.363
122.735 264.152
1524.371 140.582
349.779 2356.307
2145.682 622.050
62.934 1915.316
644.836 1387.611
2165.664 1114.377
2228.718 1196.064
1579.190 915.465
1511.990 1882.850
2432.968 2319.208
968.740 2423.540
1819.968 585.506
2404.374 2439.654
183.563 499.563
116.584 1902.112
968.012 2262.535
2245.284 1734.744
1812.701 2121.081
218.533 1881.615
1129.100 794.997
2462.058 1131.793
1270.968 2353.878
2268.394 2157.699
2263.564 633.532
2183.777 87.767
2261.655 1098.296
614.205 805.001
647.222 728.624
2173.156 1735.171
2176.732 982.168
1407.040 1563.494
1059.099 1132.384
484.751 1344.225
8.789 1489.707
1254.283 1399.855
2466.314 271.162
875.682 306.874
2476.330 2272.800
1016.784 1275.428
477.445 2243.025
2338.783 1117.687
1776.846 766.488
2208.035 1459.206
825.051 1794.811
1195.391 2265.748
512.710 1028.882
875.442 352.503
816.771 1522.726
1199.234 1275.263
372.840 496.142
990.173 1985.928
1273.848 573.104
1315.062 1103.651
1357.136 164.149
492.968 2149.520
1941.362 2330.544
60.732 1927.470
1984.880 1737.069
1007.071 255.123
1249.488 368.179
1754.921 2247.653
1795.755 49.658
2078.554 1989.385
1183.254 633.334
1585.348 515.564
1854.088 2266.003
1186.955 94.530
51.688 408.247
2479.683 316.013
1921.739 2344.335
196.628 1081.167
214.898 566.483
1887.830 389.480
1936.402 2489.261
1061.980 1965.222
2441.349 111.513
2114.294 1829.069
2064.168 846.003
1149.347 541.510
2250.120 1859.475
1968.410 771.979
1490.961 1875.086
1940.015 2227.963
469.684 154.289
779.489 1031.396
2054.405 133.534
1125.399 1655.031
1617.695 761.985
495.467 1216.721
1874.759 520.077
370.568 1031.148
1244.241 211.134
757.834 945.608
1279.612 2192.101
2187.749 2229.722
773.946 1211.961
1080.827 2268.303
1934.024 1220.929
1739.717 1980.542
1610.544 158.980
1130.266 2483.572
314.058 542.138
2185.662 1760.679
170.034 1409.726
2334.660 1728.940
47.578 820.239
852.214 1990.237
2413.002 875.170
1534.629 931.643
102.599 303.131
1887.958 564.428
902.207 1108.558
5.113 1398.076
406.580 719.986
827.677 998.754
1514.830 1784.418
1560.525 1171.213
256.011 482.964
1753.277 761.688
737.003 2404.418
765.448 96.954
1080.398 108.925
700.391 983.726
1670.529 123.886
977.711 1873.908
1599.936 1093.927
414.277 1944.745
392.300 1399.991
2279.098 96.423
2042.775 556.530
161.702 76.984
188.001 2116.144
2084.390 1233.827
50.420 1240.765
1185.052 404.983
889.440 1775.175
1877.163 2216.415
1389.690 834.297
1773.598 622.375
1220.467 1846.541
259.549 778.448
1702.647 2358.378
380.132 339.186
1767.662 2419.897
1358.951 974.253
1350.365 400.498
562.567 1453.627
1222.384 972.184
1261.254 2140.476
2036.700 2290.681
2219.775 905.347
1724.008 919.369
2428.623 1692.979
1430.428 1503.716
1649.457 1429.676
1841.099 1761.816
2117.919 1594.861
885.612 2336.643
1619.819 1092.244
834.220 2144.855
512.443 1765.241
987.091 2118.325
1080.788 1347.291
368.892 2149.798
455.343 1949.633
410.208 978.544
1880.503 95.784
1789.563 764.488
1584.775 101.387
1765.418 357.822
493.004 569.733
1792.614 2038.684
2409.039 1830.236
497.286 1643.021
895.222 2026.416
876.023 591.848
1786.434 403.115
2020.071 2489.554
2293.245 67.960
1064.843 1744.349
586.070 1221.176
1148.431 2343.556
1504.477 1627.223
838.045 881.271
804.124 1838.127
1829.392 1189.596
1729.532 1783.490
797.574 310.731
638.119 893.473
1937.881 2125.395
1634.420 1246.316
1481.925 374.719
2356.233 701.087
2176.878 694.845
1755.429 1709.748
1623.920 615.470
283.360 1105.618
1804.061 1827.389
518.060 2030.777
99.007 1957.658
1617.279 1270.289
2003.542 1200.322
2179.624 1465.423
75.573 1097.098
1335.110 56.633
236.674 1925.626
1294.349 1379.854
852.540 1423.641
507.835 1772.891
2133.774 362.667
2208.242 528.331
857.677 1768.227
440.944 2144.952
339.317 2009.583
734.362 1475.369
1681.399 828.835
415.674 1223.637
939.529 1557.931
1335.334 1603.639
1490.809 1350.441
898.679 796.235
1858.560 1513.986
665.178 2189.336
2485.114 2325.267
447.995 531.206
1812.478 2184.342
482.628 2230.594
515.911 218.241
1271.274 1687.511
462.905 95.666
1284.439 972.422
2214.811 99.094
1299.174 1986.055
1105.784 2118.718
2027.768 597.290
2076.180 168.513
416.980 2003.724
1677.885 463.780
2297.181 2434.015
240.359 94.131
2385.216 283.315
724.281 1694.494
1407.408 202.586
34.861 2076.540
1532.619 159.672
687.759 140.676
1572.805 1069.492
2179.388 429.576
24.912 971.575
1902.716 2320.517
367.792 1325.272
1554.531 1396.379
922.928 842.209
1367.074 2020.123
2141.446 1302.542
1668.969 2223.630
589.503 973.792
2068.880 1766.640
1078.649 936.090
558.498 1302.709
551.547 663.077
2065.134 1916.959
902.770 51.460
1326.671 2144.630
441.293 2349.204
2444.806 1585.779
502.979 1216.897
1228.727 672.401
729.562 76.035
2167.619 1580.801
1687.816 173.046
374.827 855.868
2119.591 202.973
949.088 1926.694
2471.648 131.901
1090.074 2165.333
46.231 1101.795
734.728 10.249
3.099 540.659
1262.444 821.574
1782.617 2491.419
823.806 129.864
1369.784 426.731
1631.961 1352.358
2378.751 1510.351
310.571 1035.138
1787.904 1553.985
0.859 62.610
1438.348 2408.744
2167.748 1295.517
1558.821 2484.657
2012.748 2014.911
1008.395 1201.122
936.651 1582.740
1567.981 1912.080
1122.343 2057.173
1513.868 1059.594
2496.007 722.890
847.292 515.892
1848.655 2254.653
1800.631 356.108
2049.103 169.496
2173.796 1000.908
2493.481 235.744
1981.886 1029.535
938.616 1709.556
742.653 253.279
925.785 1057.500
1680.422 1655.976
457.592 888.999
41.212 1473.543
1660.750 941.556
1231.897 1608.929
862.086 2008.455
2243.347 1387.198
703.200 1433.968
1432.796 396.973
597.644 2145.036
1157.368 2368.420
385.880 41.068
325.843 1972.708
791.300 2317.377
398.795 1602.606
1967.152 958.642
1961.355 2167.551
2233.323 1132.873
2428.692 131.507
1562.467 1736.135
1296.593 2445.044
522.324 1270.687
2486.533 1496.814
1348.239 1874.531
1171.911 266.763
2233.702 757.628
2080.142 964.827
1110.837 220.893
77.160 963.219
21.449 2056.615
2394.133 668.921
2383.410 1478.189
1107.894 365.233
356.451 1383.677
186.369 1668.380
996.677 2175.239
1928.679 1382.480
1123.429 669.432
2283.313 2011.426
1624.761 493.422
493.832 1097.586
1646.141 382.293
1822.183 1205.142
421.673 60.400
753.864 1654.850
414.428 141.019
675.851 1613.864
2383.355 292.923
2372.433 1343.553
1814.555 243.109
1419.911 1601.241
1528.303 1275.253
1560.011 1235.501
1782.701 1341.634
1373.924 1268.577
1603.854 1858.554
2404.096 301.099
185.816 1813.884
2032.591 849.527
462.267 973.340
1706.427 1885.275
1887.691 1286.399
1508.017 1357.862
896.070 1637.915
2030.187 1132.305
1377.995 2197.660
875.968 1006.563
1780.724 207.348
1906.166 1368.989
2475.175 1147.145
1546.887 824.807
908.970 155.691
1395.163 2251.796
97.187 1959.461
200.403 2345.961
313.465 2106.422
1052.073 208.414
1968.306 116.279
1238.593 795.867
1228.836 1035.421
1025.061 65.391
907.124 1177.822
1581.703 962.292
1348.414 1071.537
1792.856 1730.062
989.242 185.415
834.943 2328.236
771.974 231.909
2425.326 541.428
1304.555 1474.999
2069.049 1543.679
934.026 2437.318
585.187 2452.473
2182.811 1563.139
2070.582 2439.050
2032.800 1700.399
1964.384 2495.449
1029.890 2085.495
2350.152 1846.648
381.529 2259.884
31.146 2196.963
2043.491 374.722
789.699 1638.156
1681.247 411.257
2293.160 1757.970
1594.675 426.269
1801.012 1537.046
1307.896 1061.270
1215.458 963.046
2459.015 429.607
205.814 442.075
948.638 2015.576
1992.751 2023.112
858.450 2318.581
988.297 914.563
1433.830 1264.065
92.286 2443.226
1577.371 2245.654
1852.062 1980.968
735.359 1318.578
1398.602 1251.160
681.161 1600.633
1790.158 1218.305
1585.301 1149.693
709.687 2346.578
1672.726 119.510
428.378 1185.445
2228.608 837.289
2077.767 203.376
161.270 2499.093
1360.360 398.578
1528.159 301.071
152.309 1164.811
1387.989 1596.364
440.197 100.906
1180.698 777.375
1468.256 985.765
215.845 1887.772
754.960 270.085
1202.310 1223.614
1813.758 2222.088
2298.889 133.176
1851.467 365.393
837.654 1204.178
759.583 623.610
1228.954 1662.750
69.256 401.138
432.898 1684.203
1554.135 733.726
1811.695 1298.654
681.745 2238.340
294.250 11.992
1506.948 504.346
347.989 2160.378
1421.077 46.620
1361.412 419.818
852.391 2067.685
81.047 1814.565
159.133 190.785
1774.705 2264.323
1659.470 2272.638
134.597 1088.327
196.351 383.986
1144.381 2324.787
1462.280 1549.372
1528.047 719.977
1673.122 721.114
335.756 1786.667
727.824 607.502
2253.649 835.411
296.112 1396.597
2227.559 762.693
2197.822 340.334
1420.247 2464.509
1405.528 1296.658
385.499 1560.442
1626.659 1893.716
1171.666 1368.932
903.819 2307.600
2262.692 687.362
2182.549 448.161
1433.535 1221.491
2331.689 2010.431
932.683 451.040
775.705 1792.763
1042.477 872.872
1796.830 1884.686
2134.376 899.085
1176.383 1383.553
1265.956 402.225
29.502 1052.414
1689.381 2054.195
541.878 1544.496
258.166 1359.239
841.685 2447.597
1637.841 1942.912
2104.037 29.146
1904.867 1262.272
1564.136 1860.488
1711.449 1641.151
801.946 339.856
1673.800 2065.356
975.506 2045.432
973.890 2452.339
385.428 1461.241
208.867 320.165
364.612 2482.610
2455.039 2322.847
683.912 1148.302
1374.942 944.124
643.004 2383.519
2374.521 445.501
27.570 2371.367
1465.202 2376.716
1418.339 1240.919
41.593 465.493
1710.043 248.042
1519.565 961.219
651.137 1125.842
554.217 1959.906
302.233 1453.181
1826.577 685.041
240.830 1140.342
108.678 376.028
1173.621 2023.268
443.768 151.604
127.049 1385.710
1768.833 1300.273
1991.249 1402.807
2090.979 1144.849
1454.542 1698.616
1377.186 2297.189
1228.942 1523.643
1724.412 141.765
107.765 367.789
1175.547 408.891
2074.916 68.166
1806.252 1213.602
1718.909 1522.958
134.797 735.390
57.246 2343.009
92.811 1914.693
646.306 1618.899
1468.226 1765.746
353.423 626.530
1975.301 1027.862
1396.466 657.301
1905.829 2194.107
879.784 1446.407
1583.702 1726.194
2445.322 1425.504
749.327 2437.094
390.779 2060.815
613.755 863.221
2457.457 613.951
248.604 747.941
1581.326 1863.726
129.908 42.016
1460.945 1555.102
2133.248 713.076
763.460 1208.002
1032.975 400.451
867.899 927.825
1459.400 953.360
1265.885 1528.652
1547.357 479.086
552.807 2121.588
1.942 802.624
251.122 2028.013
147.186 2046.464
185.352 2491.976
1321.387 672.092
562.033 2151.894
1130.906 1878.043
1013.105 2082.223
1585.218 59.204
1030.401 1277.714
1457.201 507.901
2435.855 411.885
380.219 1519.993
925.596 1265.808
608.504 1737.616
345.292 1704.515
1681.765 2386.167
1012.152 2085.814
1987.035 2155.572
1083.182 376.320
2434.962 935.522
932.167 162.401
1655.340 386.016
563.805 1684.805
1065.308 2321.092
2107.934 1713.370
1667.809 1784.377
1547.188 1975.206
403.935 1612.717
18.119 2408.549
958.849 1032.625
968.651 1506.747
2279.574 1546.084
2255.303 1503.389
2160.553 308.759
1525.803 1908.341
1761.261 1507.034
2478.161 766.448
2154.942 1473.535
462.315 914.926
2210.400 339.897
248.860 1427.636
2061.815 226.638
383.679 1753.284
117.604 1729.683
1510.937 1249.814
946.549 2140.623
2058.800 1373.770
2414.069 879.767
1892.000 967.441
1532.573 623.438
90.693 110.754
2125.709 2068.315
772.550 720.511
1479.247 163.536
1494.298 2490.459
1640.893 1296.520
2253.436 2458.324
1401.968 905.293
470.603 936.662
2399.494 495.622
912.027 1987.154
1103.279 2166.017
950.720 2363.906
33.426 1962.776
342.543 934.111
1824.675 1253.319
1442.750 1716.702
1535.776 301.994
2257.054 201.745
491.722 1338.865
109.634 357.591
1395.710 1310.821
474.618 2326.176
1696.394 1846.714
701.799 1889.632
1579.481 542.233
1135.426 1272.154
236.757 1599.215
1183.594 1211.003
559.670 2014.774
1957.712 681.575
2380.123 947.403
343.265 426.571
294.120 462.262
40.709 830.542
2015.074 1414.419
1909.337 2358.354
470.626 221.770
879.737 428.939
1666.146 280.659
2404.211 109.864
1753.587 590.757
140.624 644.816
1002.484 1737.533
2432.670 1176.347
1466.307 798.879
1172.677 166.819
1562.911 531.447
2156.109 1711.157
1143.834 1945.003
1173.160 194.580
429.694 2407.844
1913.637 423.367
926.196 1530.337
1004.085 1611.534
677.951 1840.518
168.256 479.879
2433.117 1432.255
1965.689 1141.361
1807.796 495.484
2467.703 2475.037
1842.098 1439.129
1407.454 1474.115
1357.705 750.439
795.229 959.922
1041.625 1700.709
585.687 1586.438
1579.154 1459.563
341.678 103.789
16.422 295.798
891.596 926.298
1347.994 1809.183
1093.024 50.021
1483.971 834.410
500.654 1849.781
194.975 118.502
1861.471 1375.592
2348.982 366.348
2001.394 328.983
167.565 806.396
1014.716 2452.023
2191.322 262.997
992.004 1992.284
414.775 1603.279
2462.941 2351.591
296.924 211.137
1579.131 1091.353
2411.993 2415.609
1536.058 1651.533
76.758 971.442
1674.820 954.179
947.107 985.269
1070.634 584.399
621.861 853.459
815.700 851.706
2437.153 1920.211
857.974 721.300
1053.858 1000.569
1104.412 33.578
1614.955 1863.893
1606.029 107.687
594.550 7.142
2473.907 1456.454
1142.110 1350.259
57.432 659.139
252.569 362.526
847.578 772.403
2072.334 765.101
313.034 2303.161
1575.242 134.697
847.504 1604.769
2090.337 233.259
1835.910 470.953
839.550 557.891
1702.184 2133.029
285.670 1508.560
1649.456 1531.864
503.737 941.575
2468.723 2079.473
893.957 1589.118
680.681 887.813
176.539 578.797
1778.809 1973.063
1933.140 873.169
1280.563 618.348
1152.325 320.918
471.724 990.328
1876.100 95.984
914.545 1606.293
1689.152 2310.695
969.206 2046.142
2196.803 374.894
1432.570 2476.269
497.125 2174.920
2302.175 1180.370
1321.438 2113.880
1967.515 2228.142
670.198 1154.103
1195.476 2234.183
1379.339 173.025
2332.050 845.902
1809.863 463.371
542.397 1762.408
2167.579 366.716
2265.626 560.059
1090.877 680.680
2163.616 2143.689
2200.894 2183.786
2099.006 2294.113
934.997 1373.986
1660.528 1021.572
588.763 710.144
1994.022 2423.885
1986.627 418.452
1228.241 1141.357
1315.137 789.766
715.337 2230.396
463.275 1526.195
2333.820 1025.046
809.480 1531.191
1021.152 2356.140
1469.486 1264.757
436.556 1194.563
2359.531 1216.696
284.639 997.415
2075.720 2320.507
1190.390 2238.338
733.070 539.930
1882.429 1213.986
1011.232 2086.277
822.377 523.077
2222.928 10.229
450.051 1211.304
1249.931 103.142
1916.684 527.265
1439.758 871.420
1295.287 1124.616
827.506 304.949
185.589 324.847
2061.558 2286.120
572.961 2466.997
1165.201 1063.668
449.550 170.080
2405.306 967.140
116.459 578.940
1428.061 588.142
1904.564 1558.319
1982.254 1135.641
1457.545 1599.749
1121.164 1280.289
773.106 1516.750
1777.433 274.906
690.108 102.028
554.029 2336.314
256.432 916.695
1699.387 2208.410
1211.937 2201.815
2057.074 29.160
2297.391 2278.669
1548.106 659.112
537.554 2427.082
1738.429 1645.823
2110.179 2361.590
192.182 1381.306
1225.003 1056.824
1045.920 2330.881
1987.958 690.423
628.861 273.598
2088.137 47.693
87.045 1122.672
36.941 2420.289
1324.081 1849.092
1036.040 333.565
1876.349 655.868
463.336 2245.766
862.726 2204.909
140.512 160.051
819.281 1401.467
2232.213 1212.563
2116.040 77.180
236.073 268.853
84.231 1235.825
689.407 1223.514
262.025 1541.032
376.010 2112.856
67.547 2388.303
2200.474 2242.823
1276.136 2172.466
2378.906 1174.462
2474.121 142.385
1479.236 2287.876
1090.616 481.695
1458.890 1028.328
2065.024 1723.321
1858.467 477.166
874.756 308.253
268.569 277.222
1487.477 2298.365
337.609 1142.483
2134.363 909.575
208.048 316.640
1938.288 2277.250
1502.766 732.861
1228.410 1081.995
1370.770 2113.330
2417.888 2119.429
1076.720 4.037
1024.265 2490.162
1874.623 1475.454
709.770 2045.960
2467.660 2191.707
1101.631 919.260
994.647 2126.975
2065.985 1371.356
2149.104 1994.078
1686.169 1872.990
1762.777 2270.174
800.148 2034.880
1388.738 339.565
1464.017 1631.147
317.327 1314.172
1083.893 1036.549
2055.059 2266.888
1286.383 1138.520
1065.746 376.421
1124.040 1121.441
142.660 1428.693
600.125 262.344
1740.637 1905.478
572.684 2311.798
826.651 385.278
660.592 665.933
1518.312 831.844
754.179 1109.609
1849.282 1589.202
607.142 1615.399
2197.608 520.112
889.532 210.424
604.129 372.505
1146.010 147.791
341.295 187.163
2223.210 872.976
1025.779 1251.104
949.705 2389.686
30.376 733.709
499.825 2493.410
226.373 1196.352
1526.891 664.854
1955.698 444.170
1339.350 64.850
704.431 740.451
2399.688 1803.096
1262.955 917.060
857.922 206.899
1816.589 1696.919
1281.822 1010.864
1753.375 8.413
1956.119 1310.674
346.199 1073.473
908.724 549.625
1032.003 824.770
922.443 1084.098
1115.109 674.362
1681.050 2132.183
764.713 439.722
1281.619 1944.092
2041.939 1072.871
1552.329 1721.958
983.715 290.343
1716.933 1204.265
92.060 944.838
953.908 1509.988
1825.143 2273.221
1716.906 1708.644
2334.279 46.742
2443.361 788.738
516.800 1760.378
1469.801 1149.001
1497.635 1818.923
1961.414 694.213
1074.496 2093.467
78.817 2325.125
1610.173 1150.984
2230.463 1039.002
2081.038 1927.864
1966.367 1121.815
491.795 1956.229
0.485 2327.208
2209.814 814.896
1167.208 1360.730
1342.456 1604.005
2470.554 597.468
351.421 294.081
440.009 1816.760
2395.745 308.873
2282.296 2250.012
1019.326 1703.942
981.540 1960.975
592.683 2231.456
2418.300 36.578
2142.834 503.459
649.161 1599.504
2073.805 1026.916
2341.467 713.355
22.053 809.459
1323.803 2127.999
971.169 2496.287
858.161 2159.989
1126.719 1887.034
1475.070 1786.036
2467.482 2069.819
359.097 2007.387
738.407 530.037
2211.440 1478.766
2447.259 600.168
1709.111 1980.140
1730.878 2429.006
1017.323 363.026
481.162 2292.282
371.347 437.349
2151.936 134.030
1875.558 2019.918
1558.406 2130.998
1084.600 1048.564
1761.683 1107.750
2307.313 1458.037
1521.747 1295.963
689.687 423.286
748.334 990.658
437.538 1291.921
2434.193 1061.789
2407.470 976.611
1649.628 1484.393
1961.611 1857.784
1295.363 868.025
1626.812 1867.115
2290.736 933.418
653.253 1065.995
1670.184 1734.904
7.185 1242.115
1804.456 2278.520
2258.845 1728.145
1608.468 2042.873
383.359 466.528
913.741 2396.599
1785.030 1086.028
301.471 1134.804
1254.036 2209.312
1079.695 1047.097
1654.492 1959.800
1753.409 2098.024
75.329 458.512
1033.564 950.026
188.929 1809.221
604.688 919.466
2325.869 1.983
2045.842 94.220
1986.700 75.709
850.316 1553.861
1574.574 50.870
812.745 2411.317
1091.170 1207.014
699.061 2446.014
2220.126 63.890
1217.488 1495.246
981.523 798.716
1607.629 2101.076
2093.683 1514.346
2280.881 350.712
215.255 829.963
272.417 534.349
886.071 1950.730
1083.900 833.404
711.424 2347.602
610.637 560.254
1337.360 2081.838
1392.328 1160.503
1851.699 733.211
2143.324 1926.187
384.074 1013.960
1351.807 991.545
95.784 245.218
1184.908 1621.208
2030.990 811.704
1758.108 2420.049
7.512 2220.855
1470.685 451.131
2158.223 2204.679
1309.129 556.274
2286.113 659.436
118.467 166.810
1354.416 1758.499
140.092 2405.988
2104.661 664.559
205.415 223.768
2244.142 735.174
2209.940 263.250
505.451 2160.585
694.831 2277.192
1108.596 1562.702
1311.170 558.083
173.018 1835.496
980.845 555.151
178.826 1554.166
1644.436 1103.608
1036.320 2165.192
978.391 2344.506
290.530 1371.634
2174.809 2313.563
2036.633 1834.929
1046.706 184.779
1331.830 388.696
1540.070 277.267
1743.804 239.954
2481.206 2010.778
536.889 2274.074
2004.642 1506.702
85.904 366.336
489.221 1879.371
2174.390 1798.632
1749.186 2309.950
1691.467 1179.020
466.260 2118.407
1145.717 2103.971
817.624 736.567
558.722 736.429
1719.144 14.449
82.354 2386.403
2357.378 721.658
1820.654 375.686
2038.918 2481.472
525.433 1130.161
1375.435 1120.483
2460.420 615.109
219.323 704.811
572.725 446.632
2349.688 433.426
1605.596 1454.517
1096.647 1317.211
2226.671 2204.600
1388.381 2190.497
1032.847 2093.633
2085.220 577.594
1139.972 2191.532
2447.837 19.631
2337.129 2318.861
145.193 1677.564
2080.474 1606.904
70.101 2068.621
651.651 1451.248
339.365 998.974
2017.919 438.416
1088.901 926.748
2264.612 223.763
1825.841 1462.661
96.724 134.921
2053.835 1833.925
361.981 762.711
207.037 2392.342
1920.724 2294.458
1908.608 5.988
1790.544 19.178
1286.605 89.805
647.666 189.522
469.668 1158.549
2463.500 1098.300
1581.218 1252.217
1019.913 950.178
2309.997 903.502
696.125 431.716
2109.786 876.026
2430.407 197.012
2004.963 1486.977
1919.075 392.031
1613.629 1436.456
766.282 825.606
804.430 197.340
1498.522 351.806
2430.664 980.037
1687.613 2077.364
2176.565 2404.768
120.074 2111.821
2413.686 1692.192
317.094 1793.092
846.871 517.092
1954.432 1128.148
1267.391 1584.924
499.047 1423.207
1461.330 2133.067
352.498 693.581
2097.671 1165.933
853.139 2338.289
178.335 1709.519
1351.716 1937.921
1742.010 2259.023
2376.193 1289.668
125.350 2005.489
720.187 1269.097
2114.431 1876.314
609.125 701.143
1947.089 1879.631
426.927 2384.894
1540.195 82.120
1461.510 764.202
1972.142 1137.661
244.858 1645.248
1263.456 160.812
1419.924 798.614
1649.570 2091.024
321.163 1841.171
2064.034 1271.163
1177.192 1132.257
1275.123 1975.949
2187.347 1149.748
1329.974 2101.729
2325.689 1742.379
1661.974 1195.460
2463.243 2116.029
1979.298 1941.004
2231.457 42.424
294.567 112.327
400.564 1082.080
619.875 778.460
455.302 244.999
422.369 766.029
533.631 1853.324
1352.714 1730.917
2350.655 1529.866
2246.404 408.490
532.183 436.186
242.374 1373.237
1785.259 718.479
2069.576 684.733
2122.700 1326.257
1519.484 1536.762
405.405 55.248
2119.577 1206.716
1651.440 1733.135
1461.880 490.535
918.040 879.337
1239.715 1731.176
85.426 1019.910
960.752 985.651
1265.623 2106.984
387.588 1132.473
2312.755 1280.561
508.547 115.908
118.522 685.736
1415.280 1603.693
1802.781 2315.480
2088.871 2316.720
555.306 1290.161
2166.439 928.615
1831.527 997.711
2141.117 457.943
743.582 144.282
1921.681 1083.525
503.258 2411.339
660.272 1782.589
300.925 1099.121
2190.554 1519.938
1968.376 55.778
1708.014 658.730
2368.601 1000.030
216.738 846.625
405.251 1155.838
2292.517 864.915
49.629 384.685
937.846 394.622
1489.079 749.968
515.033 1048.370
2247.535 469.514
25.689 935.511
929.606 1947.233
2018.275 1819.323
2267.407 2494.695
1617.028 2167.376
187.690 215.341
1355.647 79.024
188.662 2005.521
874.575 91.578
1500.848 1782.717
2204.211 1204.572
1202.260 439.289
1755.938 2264.513
992.711 223.004
1488.514 1558.387
1954.207 1403.551
1975.097 521.977
1180.394 2099.872
1805.662 1288.680
621.082 1622.340
326.634 289.108
350.162 1652.538
2166.721 785.946
266.494 1943.380
69.117 1657.175
20.402 943.502
2193.685 851.996
173.977 768.610
1678.775 1793.094
851.982 820.020
1365.470 2238.379
2131.522 223.566
382.194 1728.024
1125.261 807.934
267.797 477.124
2271.625 325.107
1272.697 269.572
181.090 632.526
1128.661 302.435
1223.372 1373.458
2489.107 1933.313
1571.695 285.072
2345.461 2173.360
2360.997 1739.554
1503.934 2015.960
340.534 1490.782
2119.345 2351.362
2078.337 1382.521
750.675 1076.486
2476.604 161.503
684.493 1927.101
104.694 2348.039
1183.730 1037.227
686.238 1351.766
789.345 107.375
1374.138 1572.430
1431.553 1959.822
597.854 571.196
2424.658 1272.157
1594.941 2112.702
108.532 578.475
1757.552 79.403
477.176 1477.031
2379.987 2497.547
457.532 1812.118
662.907 2370.481
604.414 1366.438
2056.354 40.493
1502.884 1109.896
1966.141 688.889
1972.004 1228.757
479.787 264.286
1087.526 1229.922
2144.704 2365.294
156.556 839.066
2237.476 1908.311
1336.658 1271.466
2281.261 120.091
1010.880 1645.605
1157.766 1162.352
878.182 1792.227
2111.756 1426.573
1662.854 1592.964
592.093 833.983
1133.128 265.333
1433.697 2061.582
872.730 2110.443
811.583 326.498
2300.356 251.365
2485.687 2069.316
723.710 2381.879
418.777 1228.828
2387.620 233.901
1062.122 1087.965
203.473 1746.658
1217.298 795.875
1957.010 66.442
216.489 1083.283
1420.758 2465.988
2424.870 1306.701
12.421 2019.943
2109.399 2265.903
320.699 2053.598
568.133 2339.966
1303.787 519.235
1974.907 524.491
1178.189 2343.239
459.250 1119.939
1265.577 1172.904
760.958 1869.024
614.214 975.266
775.926 680.675
77.843 424.826
1171.681 1244.063
1159.908 822.147
397.673 1248.273
2405.757 416.400
1863.418 2118.541
1707.393 1050.189
689.060 1583.883
383.305 540.580
2466.325 1474.850
1819.263 724.136
2225.959 2365.965
1225.378 1505.078
263.024 1267.455
1072.543 971.985
2466.767 1622.538
2012.709 38.657
44.847 1105.314
128.702 1606.779
1041.264 180.150
2093.158 1279.659
1261.831 1083.800
1585.172 2239.940
1474.532 236.245
844.481 433.473
1122.167 352.817
1920.782 2436.279
1941.660 477.366
2262.975 528.764
1369.512 1258.016
452.839 1885.733
1235.380 55.738
1831.551 1216.243
1032.015 64.833
191.347 2031.726
1132.088 133.865
894.947 501.480
2414.071 2286.973
2102.271 698.371
1009.787 801.030
2.296 59.993
970.173 1887.513
2403.784 5.554
873.666 1050.202
1473.434 937.269
553.246 1042.789
867.706 2317.294
2101.041 2062.119
1224.574 1065.184
1656.328 133.787
1727.001 1739.816
2126.624 1248.628
1906.137 405.762
1032.026 721.221
1318.695 2135.651
439.273 275.297
607.101 1300.729
480.078 1832.935
1215.961 2455.328
2444.538 542.455
1821.459 990.199
2170.685 1340.530
355.828 1046.081
2399.888 52.169
1001.704 516.385
1547.523 177.588
677.282 1513.433
889.416 1517.328
1179.918 793.786
1434.007 2421.145
2288.125 1434.757
647.065 2449.297
40.705 744.046
404.943 894.851
446.472 1055.372
1503.418 1806.624
2006.194 937.092
1054.200 2018.371
1921.384 938.063
2448.403 1364.944
2036.557 1326.445
33.266 979.612
1265.195 1460.641
2342.025 877.981
2076.088 857.119
2002.314 294.496
2280.116 812.547
2133.504 1846.685
1428.297 2303.725
871.175 714.939
1188.628 1582.203
2483.375 1237.737
1424.292 4.238
2404.015 603.933
1796.306 1591.070
381.199 2330.211
1384.350 731.510
87.054 17.736
761.846 1029.977
1019.971 1059.261
2225.986 1770.793
2214.620 2010.929
1129.618 1953.548
1715.897 1129.313
1210.061 120.812
840.874 223.105
1973.074 1753.472
480.880 1648.880
1201.323 96.073
993.910 1646.736
2312.978 1148.298
1698.053 252.807
33.319 1929.060
141.604 1554.848
2271.324 2425.468
1828.817 1822.327
2451.799 1373.937
2085.191 1659.318
332.369 2476.981
2057.315 1239.430
511.890 1559.069
9.960 166.186
2088.208 563.187
259.592 1869.849
2273.007 1369.445
14.118 2372.427
1864.753 617.169
1782.161 1245.742
1452.237 1479.198
277.368 1072.354
2182.081 1665.891
1481.596 145.397
34.666 1819.706
2048.958 1148.829
1155.148 1630.851
1252.929 1961.969
256.507 875.822
554.485 1417.714
2299.441 425.502
2420.595 1203.826
739.673 291.655
420.535 1678.453
1020.903 1048.940
2197.511 713.469
465.969 2146.902
1433.228 637.463
308.921 946.175
362.131 826.757
2261.453 2378.372
798.025 1843.525
2465.940 958.450
995.136 1099.289
1149.531 810.485
2297.132 1654.360
1643.157 1699.618
1899.928 192.760
1793.417 316.826
1313.283 428.440
461.041 2186.473
1308.304 1584.158
2421.528 655.766
1187.583 1510.159
2144.890 1967.514
530.798 2201.068
1482.828 1914.129
2240.230 935.712
162.498 1140.062
956.416 119.162
1871.305 796.537
1809.478 301.105
1197.542 2136.413
386.570 1545.865
1228.864 2241.168
544.904 944.386
249.166 2154.807
1968.992 257.434
1190.663 59.106
1464.112 534.760
1709.506 1558.613
1166.737 2365.931
857.903 231.900
2361.842 1106.131
612.400 1275.640
2306.675 547.145
298.323 1344.170
1018.689 791.801
1904.478 693.855
1017.539 1599.078
1051.768 298.776
2216.883 1548.899
1155.064 955.530
226.557 828.490
1883.904 836.984
2317.348 1474.950
590.755 66.321
1883.977 98.191
2210.131 1800.982
1237.082 1215.172
1948.053 1426.526
681.288 1498.989
847.111 1333.701
2375.265 861.970
1167.624 2471.913
300.395 994.452
2354.307 2474.201
1718.094 761.421
1189.378 163.580
1210.182 404.608
1018.147 2031.122
2444.436 2116.405
1543.745 1254.006
1263.812 1964.836
906.631 1402.258
567.897 2128.263
646.254 1680.732
1129.284 936.392
1416.152 1272.930
1936.352 2470.979
1479.182 1298.380
591.269 1239.380
479.732 925.528
1785.171 918.814
1685.619 884.422
1202.694 851.597
2244.694 1818.724
1260.953 304.230
2038.922 106.224
1566.270 324.516
855.402 681.682
1125.209 1647.814
1319.391 982.359
511.884 1830.612
1523.821 609.118
1256.048 1565.544
1618.930 1606.956
1347.710 450.645
1669.256 1230.046
1226.667 2103.999
1095.259 1429.445
582.568 215.848
1969.242 539.977
2335.331 1740.009
1870.493 79.530
1883.405 380.127
397.219 688.631
2493.419 784.106
685.643 1533.714
1884.506 1034.390
272.437 1641.288
990.298 2342.037
2248.164 1482.441
2473.397 1688.209
2177.044 2305.828
2289.490 646.778
1616.332 245.962
1989.185 1407.335
2266.128 1517.398
1869.790 1696.693
672.947 833.602
1723.340 1016.257
2098.906 526.367
50.930 2103.623
2083.622 672.170
1714.348 2088.147
784.203 587.360
2090.357 190.806
1374.235 2322.085
1897.696 817.407
1437.755 1209.596
1253.070 944.808
324.828 1001.077
360.065 2422.094
1065.878 159.668
1242.400 1870.224
92.291 2128.263
209.507 902.745
1330.546 1302.301
2378.582 527.828
1770.592 2356.693
252.713 1922.702
1053.409 2425.406
735.288 107.767
903.307 636.543
1499.858 154.565
1818.636 1775.935
2407.118 2178.645
505.047 400.585
1109.911 2271.155
2299.300 616.203
1362.671 269.506
1754.843 491.234
1671.543 492.990
114.773 2327.493
1532.939 759.978
965.855 351.122
1412.003 1307.248
2373.542 297.218
1298.601 1958.106
1402.152 2458.941
2086.519 1352.160
456.794 700.430
2462.999 669.656
1871.341 1190.933
1274.586 2197.775
2025.682 2029.314
1782.314 1704.561
2370.916 2298.566
2024.567 2076.347
2017.542 839.000
149.480 1435.865
1833.723 1778.865
1735.390 220.414
1331.763 1587.910
1393.743 2270.478
471.937 1496.256
30.818 1314.582
1346.589 510.586
1480.504 85.871
828.024 152.549
2470.339 512.102
2013.807 312.900
1650.625 209.555
506.353 1627.507
1204.235 851.248
1580.105 1517.128
364.833 2142.016
1894.310 623.324
655.197 1761.381
1317.430 2002.843
488.674 452.172
954.525 1364.711
2495.090 897.607
1743.440 2216.398
438.480 1974.283
2270.538 936.347
2035.597 862.341
2127.574 904.731
1128.526 103.004
769.307 144.187
1016.669 99.298
2316.500 357.961
676.140 1540.320
1232.387 239.175
384.595 1453.461
1303.889 1969.918
321.646 354.642
1875.240 1570.774
812.348 150.023
112.735 82.291
333.642 1729.229
1809.527 907.777
894.488 449.681
1242.585 66.118
416.887 1070.287
2403.214 437.452
916.862 2215.903
173.992 2317.353
782.846 1562.770
957.551 200.323
1855.442 598.052
2487.550 186.014
685.248 954.150
1616.629 2441.960
2441.812 1119.964
701.450 1346.089
2379.973 1756.166
783.418 450.601
2288.602 2344.982
1461.124 1660.320
2286.679 510.764
2117.805 2335.304
1458.833 2471.426
2138.603 1254.342
976.319 1967.885
1245.208 1432.715
708.723 1141.539
1828.888 854.356
282.868 857.714
1638.769 1473.341
1586.055 676.641
875.438 522.928
1880.174 348.544
1092.648 1723.447
567.151 61.220
1312.394 1124.684
1270.237 395.603
279.765 1271.019
1273.484 142.637
1771.443 2211.357
1679.883 2321.716
71.064 903.024
2095.212 167.968
1408.884 625.425
746.120 115.205
1752.978 1935.224
1733.132 1207.695
176.601 88.679
1107.987 2219.881
2405.991 990.958
1517.745 1711.351
942.548 136.139
2388.782 1447.536
1774.093 1533.354
535.731 1308.816
222.969 1650.853
1170.638 464.647
2355.577 1364.674
188.251 2043.614
194.578 1265.074
460.285 1156.028
1338.201 541.535
1517.116 1495.852
0.341 1411.820
1228.609 974.157
615.502 1143.144
1597.583 1820.408
1195.430 1852.733
1838.523 1548.432
1702.236 2267.503
942.791 910.497
2475.739 1518.183
200.963 2348.481
1154.438 1338.751
214.275 481.616
625.816 41.682
2225.314 1027.267
260.412 1743.930
216.117 971.784
1622.707 1083.290
45.892 2129.363
1883.336 830.130
665.446 2466.578
897.908 245.644
345.291 1038.262
1771.542 2061.156
1637.544 2128.943
1753.529 1012.440
1963.801 156.693
1008.040 1156.737
1698.876 322.873
837.833 126.902
1046.850 351.143
2161.998 617.697
1980.981 908.997
1754.459 2413.774
2310.484 810.560
2030.252 640.588
574.106 2320.077
1575.573 1126.442
1160.960 1150.333
2382.995 1529.544
1633.660 273.832
1601.172 1720.913
630.173 570.924
1374.708 1752.854
1390.758 1622.453
1443.286 1017.447
1217.730 1156.188
556.761 2361.234
1595.191 189.971
1587.721 968.115
1287.468 2376.436
1144.167 914.521
495.990 1619.102
420.933 2233.833
1194.661 459.784
1455.785 1697.102
1936.761 250.961
2026.311 301.022
584.944 1920.322
326.980 2169.331
2104.081 2328.369
1029.083 404.324
1220.887 1903.472
284.133 1682.679
273.083 1697.225
1484.135 2121.715
2002.861 810.708
280.281 706.962
2288.393 1311.161
1828.697 374.148
444.913 2272.622
1960.680 604.062
1937.102 692.514
469.567 932.258
1789.751 373.231
1392.532 2316.680
620.213 491.733
1508.657 1136.100
1282.727 1516.221
478.288 2101.435
1049.461 328.360
2281.567 236.456
1763.805 1481.914
196.374 2277.163
33.793 96.093
686.302 409.089
2292.424 1179.986
1310.306 167.096
505.306 185.829
512.575 2447.805
1231.989 2497.351
1186.557 82.465
2305.401 746.139
1895.364 866.336
993.908 493.568
440.639 1405.115
876.619 972.943
298.925 1575.905
573.620 2403.336
1480.234 64.222
1792.977 989.372
1546.155 842.421
1795.186 1032.521
1251.339 1642.279
1804.984 1769.031
949.070 1210.590
248.263 545.332
135.349 2187.153
1177.619 413.817
1126.221 2280.145
668.157 2143.008
2112.498 177.750
1534.617 11.690
2019.548 2112.379
1009.750 2403.222
1438.699 242.920
683.322 2131.247
1238.203 1242.088
1139.493 2177.022
2149.565 556.766
316.040 1998.904
2050.187 1737.037
1973.503 322.443
697.303 208.075
1351.439 2133.622
1687.577 128.343
2492.736 1692.465
117.124 540.839
129.319 1875.420
2047.940 1420.409
483.227 584.297
1929.668 2287.634
1772.526 217.789
1784.413 822.879
130.505 1767.227
309.760 1796.493
1063.472 718.027
1133.840 1265.984
1770.152 597.843
1837.032 1733.960
2383.308 676.966
980.557 1858.284
1928.333 831.085
1407.776 2144.732
1019.084 1719.971
539.697 2301.432
2484.016 2.251
1719.349 400.088
1717.726 1103.445
1301.562 2315.216
897.247 2128.164
1698.466 2169.330
2107.265 1578.169
2066.189 764.359
148.857 1119.943
1500.229 1190.038
1958.378 2123.834
595.785 327.924
740.896 351.509
2130.916 598.511
797.495 1482.865
1217.976 2263.889
385.814 1956.752
1113.438 2333.513
407.530 2397.908
2394.583 1735.608
409.659 1245.351
2230.449 1020.633
1217.122 2152.326
1606.968 1245.957
797.385 2230.322
389.655 289.182
1039.104 212.788
1179.948 1685.358
387.279 4.746
1348.001 1878.539
1918.321 2164.727
276.875 1038.589
345.783 2365.278
24.108 1784.910
785.021 1994.502
1081.598 2387.090
900.152 397.300
1395.708 995.894
968.963 907.152
247.597 2189.112
860.345 1148.136
911.842 829.762
2025.007 1528.730
321.542 1610.403
1062.302 1021.522
2065.973 2100.735
253.680 853.803
781.807 1191.290
1326.886 495.256
462.646 2345.761
740.752 962.078
1379.304 996.238
489.603 1407.940
2035.758 614.063
1018.352 1762.210
841.006 1159.290
2244.798 1688.127
1715.770 67.094
175.571 2187.252
36.189 218.906
142.970 1346.842
1117.301 39.104
1793.994 2271.857
440.200 2493.541
2041.157 1733.736
772.732 1508.132
457.347 32.132
2418.306 455.468
2158.962 1645.810
568.383 2017.365
294.590 33.609
1802.333 2065.977
1183.000 2087.045
290.844 1313.914
342.650 62.309
1125.930 1238.221
2239.752 2107.736
2444.626 594.167
1030.652 1947.174
2448.442 1228.478
1244.781 1009.323
1773.673 2401.494
1793.327 2002.698
447.004 2088.536
32.501 575.222
409.869 1028.660
646.428 1686.885
849.430 434.327
933.316 1638.215
2298.920 1558.864
670.294 2050.233
1418.403 2204.668
774.342 626.470
1846.232 928.874
642.997 1769.952
94.436 660.379
2001.693 677.722
1811.698 2312.597
1654.928 1223.917
2102.649 1943.461
1605.372 1797.511
485.613 320.896
950.679 73.739
2274.124 836.961
26.586 1003.043
1024.450 2153.419
1409.632 1754.879
1400.278 1412.787
1193.227 1418.956
352.674 65.393
7.180 2406.056
2095.281 1432.339
910.084 1191.315
1700.501 1075.676
1614.539 2257.127
2464.576 1568.766
1100.286 2323.348
2217.207 611.100
435.027 1879.848
726.734 2365.829
2392.069 896.553
2404.031 1760.550
187.104 1697.289
198.933 1294.694
2234.374 329.040
1619.163 2038.974
1051.533 659.731
520.068 2195.479
786.815 1957.368
1113.504 567.097
1784.183 2231.300
1926.593 2366.551
995.546 1982.573
1439.793 824.865
2098.729 1879.864
39.152 1842.277
672.246 49.266
1796.831 289.567
517.698 1161.539
1807.218 428.023
2103.021 759.086
1663.024 1984.179
2445.234 721.172
113.484 210.735
937.427 2163.208
1263.062 870.687
1650.661 1195.904
1699.296 1594.911
2198.312 1225.791
1817.290 984.235
1022.520 2016.829
2368.647 2120.414
1598.236 658.840
37.042 1886.358
2397.420 1777.375
2280.540 494.659
1883.644 2194.439
1106.015 1394.184
917.607 1975.857
1603.480 203.272
1631.561 1961.225
118.837 786.613
1742.430 1857.360
1440.139 2172.596
1186.175 491.126
1410.299 1323.426
1576.057 1246.284
2140.762 1665.264
1327.425 1212.948
164.319 866.767
107.843 1920.105
1408.198 212.118
152.833 225.619
695.397 1635.431
760.042 595.705
1493.568 214.302
1811.162 2016.440
2439.891 116.874
2383.490 1255.116
1433.720 499.952
2283.877 2218.443
1141.532 152.572
2128.202 1051.322
2064.969 768.100
1989.942 2304.722
2145.678 716.906
2322.269 2472.542
2261.141 872.957
1907.103 382.733
620.907 2425.955
151.504 2086.214
1038.147 1270.764
1999.752 1759.316
207.108 765.959
862.086 446.377
1899.115 1884.488
78.960 502.249
110.838 206.895
1497.570 146.745
1784.810 1757.623
54.410 214.880
2159.678 2436.360
2324.167 280.578
455.345 1136.404
1369.732 2115.971
2040.543 2136.182
1499.341 1214.378
62.967 605.172
1026.403 1908.085
1372.367 420.316
1310.469 2320.193
1805.131 445.368
779.576 1088.237
797.745 1843.437
1101.830 421.811
848.077 233.830
2121.814 1419.039
181.875 704.235
885.130 2223.504
2426.676 1663.895
715.330 2224.399
1146.083 588.058
1624.443 104.421
301.334 1735.861
1612.005 1760.690
1754.569 1273.765
187.436 1372.463
1163.862 363.022
2337.064 2101.453
1380.298 2172.126
1810.763 579.197
819.867 414.502
1319.255 2031.804
2110.384 901.164
1169.101 2430.385
67.931 2096.554
1553.788 640.960
932.688 96.458
1924.535 706.277
1855.894 1734.089
2086.326 1642.852
1877.228 2245.130
148.392 962.349
461.328 1444.026
1171.508 2101.646
1571.119 1277.521
467.064 1677.255
471.631 1626.631
186.164 1631.515
821.182 757.069
2440.237 692.923
1155.834 1547.797
689.857 2404.887
388.543 102.267
1656.154 41.301
83.372 634.816
963.419 2178.339
2107.203 1645.825
1860.709 1024.696
950.296 1756.750
144.642 1485.049
247.875 226.916
1043.072 988.017
2344.078 731.529
1506.374 2087.156
2294.537 135.815
1309.152 1182.229
1883.077 839.995
428.873 835.080
71.192 2170.612
436.671 934.153
603.063 1531.204
1745.678 1651.653
1408.260 1481.465
205.276 1451.474
2457.127 963.947
1474.643 2.824
1364.089 2084.984
1456.712 1620.239
916.297 943.412
622.985 1053.689
1226.988 1952.214
118.231 874.536
889.229 2473.250
865.297 1652.735
2444.431 2479.275
1088.584 1061.840
2259.357 1929.418
701.156 150.899
789.181 2260.495
531.515 1184.190
2283.218 1906.107
599.311 1998.877
1280.287 2416.858
1541.904 2242.785
2044.779 1600.384
2000.418 737.091
2355.775 1126.771
192.169 35.452
705.665 2147.799
1666.696 441.284
2442.939 104.201
2330.927 1749.959
1147.409 116.683
1728.019 1180.275
2396.865 914.724
5.456 1047.675
1330.504 361.790
1093.925 1031.061
2120.827 2374.406
111.001 994.537
2416.128 694.836
493.426 952.906
1176.685 1733.516
661.205 870.172
821.466 2042.913
1520.746 462.053
5.525 338.252
2267.125 728.861
1403.309 1032.302
468.696 1237.487
2477.365 2395.303
2010.942 478.674
2127.005 438.581
1836.334 1312.191
1371.264 2321.420
323.157 511.346
1770.705 764.819
1550.529 1297.972
1636.334 409.721
1869.163 2176.536
996.052 1252.786
2390.306 1082.841
1880.941 227.326
504.347 1271.404
1302.588 1904.304
194.330 1417.898
1341.554 1442.366
2229.016 1434.493
1794.632 40.149
652.531 1216.693
989.592 2282.682
25.241 869.283
1267.058 576.677
1644.649 2145.882
162.480 2262.389
238.904 948.163
814.866 1329.818
761.181 1699.864
882.654 2101.136
33.865 326.199
1353.775 1257.318
2436.308 1765.683
1666.465 159.327
933.178 372.974
576.940 1795.610
614.354 1738.073
677.780 2178.003
1742.601 77.677
415.769 2220.212
1500.404 1178.500
1299.457 552.653
1778.794 475.303
2071.768 76.000
1029.296 534.566
584.992 1432.043
2438.402 956.642
1759.462 164.757
1380.655 2467.019
431.860 1902.446
1813.752 129.221
246.988 1674.700
1600.098 1831.605
441.384 685.738
1940.555 1639.317
1999.083 1023.214
1302.997 621.959
155.067 1530.276
1981.271 489.431
436.262 2233.887
2010.695 1244.583
1760.863 1642.957
894.165 1174.459
562.488 1604.237
2492.268 1705.108
1079.314 439.803
693.035 35.157
1424.491 1700.391
542.433 1416.509
1812.070 1694.343
940.140 1499.089
2252.156 1424.178
2067.304 218.467
165.421 652.801
1529.663 1379.803
548.126 916.227
458.152 2329.421
1052.994 2442.751
486.019 841.814
1224.752 379.534
1471.303 1563.573
1137.262 1119.009
1069.525 177.763
1676.861 1651.379
2100.403 1783.218
2034.275 2254.980
991.229 216.931
1984.140 1214.336
645.737 1713.772
1001.433 414.318
1041.244 836.462
1999.295 1938.931
751.357 1730.772
2101.005 1383.003
1373.096 1652.524
1937.561 131.772
55.288 1097.534
2408.143 1838.566
1114.327 1759.277
12.066 939.086
2189.349 1713.392
66.338 1849.643
2157.462 1430.922
1649.032 2414.240
383.283 1192.043
1914.101 1237.456
1316.353 1793.852
465.361 2206.731
1173.114 1230.047
157.585 536.135
2191.075 1725.224
1576.009 1920.355
1861.360 500.365
1163.329 1138.510
1794.110 567.125
888.699 502.895
638.705 2298.290
557.132 1484.250
557.375 97.818
2356.832 2413.379
2259.092 16.581
1858.851 348.347
2164.928 1886.482
954.817 983.266
154.852 24.790
1349.209 2024.416
568.911 2262.655
792.426 61.048
195.231 2072.385
755.249 2314.007
2016.301 2005.237
1028.841 1338.776
2032.878 2409.510
463.220 2350.623
701.017 2024.518
1977.182 1054.549
1492.387 1670.753
488.751 1152.031
2135.723 831.198
1551.846 1381.015
1420.050 1829.368
958.996 1974.833
1656.847 1545.104
1797.712 2366.391
1548.424 200.519
2233.772 1008.133
279.050 1697.039
291.606 2042.136
1478.382 2341.624
145.221 970.321
1010.678 1734.548
2458.701 2234.945
684.246 629.677
1616.239 1956.458
261.061 69.510
162.741 1942.074
208.418 237.787
1665.931 1828.123
745.490 1450.612
880.528 357.090
33.600 837.788
682.392 1302.884
2316.862 416.287
875.847 1889.465
75.303 951.620
384.688 972.507
532.969 346.275
2338.867 2287.086
1059.722 2420.895
1784.036 1643.665
1070.015 1195.103
1347.258 37.322
2314.081 1271.381
1280.249 2113.485
411.174 93.175
1465.926 2086.793
688.349 1632.200
997.980 1947.407
1318.003 1619.267
952.767 817.211
1675.512 445.961
2081.059 1288.674
1038.732 1306.607
924.594 1755.702
1214.504 401.285
224.019 332.273
369.629 672.832
1671.162 1344.378
1712.057 846.184
356.210 1324.490
558.886 2157.581
776.994 975.673
2170.299 640.394
2043.909 76.471
696.150 2079.662
264.963 304.647
883.020 1185.060
287.897 1454.750
2288.755 2470.406
2181.963 1614.334
2422.521 2220.927
2256.221 1720.633
133.266 898.040
601.553 2122.828
723.383 1341.931
452.666 88.406
1151.746 176.974
1200.450 896.521
17.608 555.756
1517.281 2254.284
479.838 295.227
2279.106 363.346
889.462 1148.418
53.554 1170.699
49.190 891.497
1422.012 159.886
2166.492 613.567
217.082 371.817
193.727 168.902
1161.775 2258.223
822.131 459.482
1184.059 1436.921
2459.474 1275.555
1443.563 959.842
1146.057 1887.607
1084.938 991.963
1763.683 1675.212
781.404 1557.616
1579.855 1554.169
1929.648 1503.382
1415.857 1012.254
1183.636 564.582
407.266 185.667
972.308 2393.645
2289.424 120.312
1013.405 1860.828
676.161 1506.037
873.534 326.627
1621.777 505.098
160.425 1966.323
97.234 309.192
1203.433 1762.785
366.655 173.627
319.834 1940.327
1297.031 75.346
1731.826 2113.515
2262.379 2346.448
374.889 263.205
2305.515 1974.352
1743.456 959.449
1680.881 900.160
2108.531 1272.983
1938.375 1828.060
130.053 1308.212
870.139 1458.325
1768.651 2150.689
413.028 1496.240
1481.242 1927.971
2041.758 1302.261
440.483 1976.181
889.914 80.785
2210.017 2355.581
2330.143 1551.624
13.766 2428.202
188.835 2301.946
1060.963 2146.618
2084.575 1793.558
1231.557 1118.812
2347.876 2469.996
1216.394 1540.503
1185.059 62.943
1225.334 1289.061
939.810 925.062
941.702 490.286
2374.387 1655.952
1304.794 1166.359
55.463 1328.575
1945.739 9.434
1546.420 1514.156
768.717 1841.291
2244.572 970.583
695.540 270.427
101.727 392.149
678.439 695.575
1546.054 398.101
1309.524 1060.051
1222.124 1216.922
148.555 255.701
140.033 622.570
269.537 920.443
962.944 557.149
1141.390 254.714
1390.639 2064.844
2225.160 275.561
2306.555 1361.092
1048.845 1055.383
2137.734 1492.266
1374.710 918.027
2339.250 2319.812
1687.989 259.777
180.936 2374.936
901.275 913.930
317.410 2235.252
1728.237 452.871
1754.249 2308.565
1984.414 762.818
2166.481 1700.037
2332.679 798.392
1942.239 2096.183
1170.826 553.564
264.309 1756.572
2259.978 2027.019
1850.664 176.584
331.739 1398.009
31.124 1533.562
1731.331 769.099
1702.616 2486.222
1724.420 574.793
1257.553 233.803
2024.103 1990.012
349.366 1002.200
1477.695 434.465
1490.649 1366.789
1551.287 1251.926
2194.862 2388.712
1857.065 1734.502
2342.408 1150.236
1795.957 908.434
932.488 1911.529
1952.845 852.290
324.700 2118.339
1849.519 1580.540
1014.917 2433.078
62.208 1929.262
707.599 824.609
203.753 667.294
162.437 939.714
952.150 1935.357
2481.437 1622.974
353.894 1645.526
2249.149 2160.804
1502.562 695.711
777.309 716.127
784.709 2.903
1362.534 101.507
1947.771 984.402
2467.322 924.245
703.808 1598.995
475.682 24.686
2253.847 1290.788
1270.825 350.090
1680.770 26.444
1238.033 1994.128
1290.833 1031.612
1603.104 220.040
1333.560 860.656
1764.741 1064.946
1947.467 699.109
274.189 1913.483
137.455 1915.198
250.067 1279.108
1252.903 859.511
152.752 2140.159
127.158 1010.072
2027.222 537.394
1928.378 1770.381
363.079 1460.454
655.266 2183.925
1952.734 50.642
1835.622 1778.394
2237.316 969.055
855.262 2266.168
377.157 1183.856
2097.009 1659.214
200.607 591.904
443.793 1580.449
2371.992 2140.063
287.141 345.396
1032.968 1265.415
388.751 384.844
33.160 795.070
2282.214 2422.294
367.476 828.538
2110.645 1440.646
137.560 2119.576
1479.545 1715.655
923.402 1418.681
792.482 924.191
1761.579 2257.632
381.619 1175.647
219.232 2064.342
2186.829 1025.393
1186.628 1850.316
1376.822 1681.641
2316.878 1523.160
2102.320 1312.625
2041.509 1406.776
697.953 2436.241
2333.229 863.866
608.211 2294.885
681.952 573.846
421.006 2290.848
1755.923 1629.710
1038.992 61.981
411.889 2123.737
2491.580 2023.286
2471.082 1999.481
1545.235 199.878
1476.063 1182.503
1878.467 2155.651
1567.596 2364.549
1507.625 1573.540
186.812 458.799
1410.984 1565.521
131.493 1896.367
1869.083 156.616
374.465 1990.353
1584.534 953.172
1744.202 604.000
1621.476 2265.135
653.383 2354.051
2186.788 1632.540
1971.087 2250.882
2098.588 480.700
1168.806 523.761
351.164 2155.712
2027.027 928.518
601.220 699.897
2152.602 797.548
1931.736 1581.312
317.088 50.493
2399.236 667.676
2007.158 925.627
2124.957 1720.488
767.359 1651.585
536.841 132.125
651.782 601.020
2040.648 311.104
260.486 734.532
2443.951 53.243
1977.268 1154.115
1028.914 296.413
444.008 2421.770
211.110 1558.308
2174.491 1390.798
1433.518 504.681
1901.099 1545.691
2022.027 2043.149
2049.527 1657.226
546.312 1426.517
251.799 1696.972
1101.577 2132.224
1675.259 316.923
351.204 648.004
678.712 1339.353
1699.932 729.360
707.314 1040.333
2201.687 1511.861
467.632 936.575
814.766 1826.744
180.994 1352.225
1340.040 2479.693
468.178 890.418
1867.955 1970.058
1639.048 1302.883
1689.205 1319.867
120.606 1736.554
1165.954 1030.668
711.178 2081.694
251.642 1528.185
1594.220 1076.161
2067.005 248.931
617.869 913.822
1589.126 2327.413
195.494 899.463
981.267 995.214
1960.442 328.443
279.311 506.197
1924.370 1038.557
952.593 1572.609
2135.478 265.802
1424.377 2356.577
338.909 2340.894
2050.416 334.620
2471.053 2227.844
1346.802 565.246
1036.774 975.431
158.774 1147.493
686.375 1676.877
181.876 1407.981
1798.458 1297.369
147.454 2246.040
1382.618 396.642
1235.029 701.071
1397.187 791.327
2464.634 652.692
1647.423 108.220
1461.944 344.693
1867.444 913.697
517.291 1710.655
1498.345 1485.035
1223.216 656.210
1645.042 1511.311
1670.819 1716.500
429.711 1189.573
465.082 100.107
1996.482 2015.303
1251.165 1111.071
1235.170 1663.073
625.030 1533.081
2439.957 2291.846
1951.052 742.575
1495.028 1235.396
1958.129 443.378
2336.105 695.920
1286.811 2338.352
82.062 140.473
1428.299 1511.856
927.389 1925.140
1716.830 1741.754
639.025 2075.280
964.141 2205.809
805.520 2028.013
985.665 766.026
130.062 2414.110
1270.627 888.161
1470.390 1235.166
1229.647 2074.383
907.711 307.523
541.631 1922.498
2472.578 985.090
71.704 1540.311
2485.312 1891.614
2230.210 1770.611
2179.195 2409.503
1441.726 1751.158
1520.064 1435.260
2494.969 1765.138
2257.161 1472.884
19.450 2169.020
1927.892 2434.345
1309.721 1868.928
920.160 961.525
1852.954 1185.411
915.346 1756.880
1740.760 984.461
248.588 1814.451
483.281 2329.439
1354.837 758.190
1818.779 449.984
1705.550 2204.500
1893.435 1135.041
768.638 2062.480
2394.106 453.500
1201.029 722.270
476.824 1940.397
2055.667 35.494
2427.936 559.969
818.770 226.902
2137.266 1686.404
852.555 457.427
366.592 2031.534
2253.391 2228.610
1685.869 70.513
1554.230 1122.322
2107.610 926.471
73.882 1528.066
1112.981 829.023
762.300 1099.809
917.412 624.021
1210.544 1794.470
700.223 2315.608
46.730 168.123
1088.459 81.314
343.464 2141.667
436.960 2313.352
132.849 1416.119
777.751 1850.910
2113.455 1340.312
1205.572 2177.584
25.098 289.456
1289.644 2074.722
816.223 657.896
2008.890 1117.789
727.419 1652.208
2314.447 1735.414
1281.715 496.875
719.211 2170.594
315.679 2053.360
2126.315 800.889
297.569 1718.862
1537.723 1690.537
174.604 361.971
1987.136 530.423
2075.514 2093.369
1545.176 447.618
1034.847 253.079
132.159 1305.653
2376.968 2164.727
645.794 914.008
1417.709 1784.079
1240.108 760.644
308.247 240.065
562.970 1404.518
956.385 374.254
1465.827 2115.003
2137.281 937.739
1099.267 506.023
43.934 2237.514
1855.713 1966.331
417.098 668.896
55.473 1054.344
1390.811 1505.803
1918.811 569.273
1896.283 231.860
1315.404 1086.000
1046.719 1597.185
1015.658 2009.299
1033.046 110.476
511.732 1261.000
349.403 762.088
1317.269 1108.159
1734.376 933.832
41.802 48.825
1234.727 1149.618
148.648 59.523
950.517 873.473
329.617 412.770
545.725 1837.474
1421.185 1761.050
495.593 432.006
269.168 1039.865
1845.417 1760.165
1426.879 610.382
856.321 1934.955
1113.618 119.054
761.760 1097.421
2186.067 1264.724
819.405 2062.838
1920.549 2152.872
577.641 994.082
1359.852 2038.641
2384.493 2331.785
85.270 1586.715
2421.485 995.969
622.060 2349.726
1203.970 1602.640
246.870 1253.753
32.940 1369.822
288.204 559.996
1477.158 1476.017
796.991 1097.356
838.644 2364.328
2000.722 841.152
878.765 2041.575
2224.707 1798.274
380.157 1955.479
1773.800 1361.890
5.468 454.559
1427.638 1128.008
1075.777 1725.322
219.781 2099.034
351.728 2412.423
463.997 1746.842
199.284 1913.340
1720.894 879.316
1497.398 2263.660
1187.382 216.115
694.738 1687.421
1384.355 2326.555
912.228 1992.027
89.469 203.220
1145.971 1589.856
100.115 281.425
1574.255 1253.543
1031.967 2333.165
1598.328 1518.078
216.447 688.292
1251.964 991.359
75.833 1077.890
44.799 791.227
765.368 394.875
1919.489 2379.996
1050.733 1229.089
799.797 2490.074
1149.233 621.413
1911.205 1469.248
948.763 108.364
2282.248 1906.510
1665.789 2403.699
55.055 561.045
827.452 387.519
1183.450 1748.619
491.232 2493.060
2372.301 2305.700
1839.864 1108.398
1860.079 2304.037
339.254 974.155
2239.380 2260.474
813.830 1183.226
942.197 834.715
406.447 2407.501
410.134 1739.356
1315.991 1185.127
2281.923 164.459
239.022 2149.122
1311.376 2180.673
1434.817 2168.436
1763.378 1988.127
774.573 1611.030
1754.307 1042.574
2125.024 834.696
58.842 285.632
2332.822 2403.705
620.524 710.674
2178.971 798.901
2050.379 500.969
850.000 1307.107
962.300 479.049
1529.214 1918.841
1295.886 2391.650
1712.182 403.146
2013.754 2154.860
1271.922 2055.072
119.300 1633.257
99.471 1533.537
1496.111 109.345
403.886 1925.933
37.218 1169.884
2273.520 2216.810
1910.280 696.106
1415.119 1060.940
804.751 410.101
1845.551 871.243
1050.895 1090.457
194.866 281.545
914.735 2124.293
1717.466 2385.148
1151.989 2487.825
1425.351 2020.919
1698.714 2306.976
2048.794 966.565
1407.100 1345.388
646.546 499.689
2155.357 1579.229
1223.212 361.345
1932.971 2303.199
859.978 1990.082
396.807 972.045
121.772 1355.135
1785.121 301.046
1187.325 285.408
421.479 1909.359
644.666 1651.410
2008.915 1153.005
1226.775 398.034
1099.403 495.273
23.540 1620.435
2358.114 1235.234
1964.283 2221.384
605.706 2254.877
1180.753 735.197
2013.611 131.992
2083.680 2009.475
1430.839 1708.412
1541.779 302.515
1028.302 840.950
955.675 1976.687
1074.767 1983.121
1088.162 1191.609
1921.745 129.827
238.973 2177.326
759.442 969.772
187.114 1726.545
1064.878 120.119
467.448 2092.175
584.992 1603.771
1259.497 135.974
405.867 1083.384
2044.803 1233.859
1674.827 1748.251
1566.783 74.666
6.433 1916.735
1266.292 2195.569
428.093 81.976
633.309 2396.837
2181.458 1414.848
1950.908 2210.041
1800.552 2314.021
1583.796 1106.118
1692.917 901.997
836.670 1904.529
2092.360 447.250
220.693 296.652
2159.220 1136.935
1380.246 2401.087
1550.199 2480.063
1727.108 1841.103
2179.669 2060.237
2292.788 2498.399
2103.840 1987.738
909.632 1636.016
516.115 2068.036
1300.633 1466.921
930.601 225.601
634.883 2079.460
2096.962 372.005
577.186 1358.749
1307.581 58.224
252.191 1007.513
1446.426 1490.919
2245.342 2082.319
1536.269 1026.911
930.872 302.133
2089.655 723.087
1697.769 2466.819
392.749 578.617
30.928 1186.542
1435.600 103.181
553.607 2029.594
170.392 2375.340
188.031 2137.377
518.841 785.284
1928.723 2102.309
665.678 1297.004
688.437 1136.686
2168.997 912.341
208.887 1010.079
516.963 1899.070
1798.521 848.949
1810.133 1612.804
1538.129 689.492
1509.678 474.321
1925.934 2037.688
2112.795 855.210
1687.944 897.873
907.294 902.734
480.033 534.143
247.333 1858.447
6.269 362.039
2039.588 1913.663
1254.861 845.266
671.352 176.616
1045.506 646.645
249.688 1467.604
2292.369 286.657
1635.485 1504.492
1445.437 1212.509
1551.685 976.393
829.000 716.677
2268.026 618.231
1045.257 239.008
1352.753 504.643
148.241 1355.180
1486.759 875.420
640.391 1305.237
1870.366 2042.640
405.253 1163.230
2165.486 510.566
293.394 1327.696
1265.223 2294.928
2199.807 2269.944
1840.100 1897.698
2271.065 1768.693
1732.711 2067.962
400.047 872.229
1121.308 7.086
1495.815 1256.833
2272.748 2082.301
2373.392 696.657
2028.206 1379.061
1996.358 643.667
1432.972 2369.386
1373.517 1916.660
2459.688 2230.943
1375.337 22.035
1589.713 1333.782
1489.223 35.974
2143.634 2003.562
836.274 158.704
210.533 2244.880
1139.563 1675.018
2121.580 825.408
1744.452 1945.145
2113.414 638.924
276.339 2162.640
1018.333 439.057
1909.420 1249.702
1897.712 92.683
808.099 510.639
2321.395 2206.367
99.983 922.831
1261.201 916.465
97.891 2423.094
771.541 734.330
591.825 270.217
819.259 2485.228
2415.459 764.300
2387.929 1724.100
855.982 460.663
1545.252 2385.227
1026.224 681.270
1548.626 497.143
2382.893 791.779
1664.067 1257.257
626.865 1670.342
981.995 528.048
468.426 2090.031
1680.494 1193.723
221.477 828.293
124.178 809.744
1534.447 1032.155
1578.660 2220.145
115.041 947.020
1790.251 681.873
1703.852 632.690
1354.484 1671.868
1992.339 138.944
1150.201 1733.016
1188.822 110.500
313.582 2383.262
2063.644 1647.577
749.362 1362.852
732.447 662.528
1.353 1971.154
2354.458 1971.322
558.150 398.063
2186.353 1542.223
813.848 1638.550
371.218 1368.334
964.360 355.011
1542.490 1826.548
2112.711 281.218
2376.354 984.312
839.809 1632.275
621.663 623.474
1402.942 1001.073
1154.395 2109.650
875.985 728.723
581.912 1251.595
2123.814 1096.631
108.110 1738.336
1760.158 2471.430
755.620 1420.031
1564.408 1628.757
115.931 2470.301
2463.686 667.666
871.632 2279.949
379.628 1283.712
2161.958 2116.353
324.324 1246.299
63.752 363.726
645.840 728.251
2217.144 1003.151
1782.596 102.299
764.758 2471.767
1561.134 1089.356
2136.957 1843.410
957.127 1850.326
1831.235 1785.457
1080.305 1327.501
1633.846 551.652
2189.711 2022.845
215.517 2260.101
162.918 164.637
1329.208 697.338
831.939 1659.193
527.602 889.752
2005.154 1439.355
848.662 1233.438
2071.778 2125.943
1078.116 682.087
1813.610 1445.311
738.187 1697.384
1860.839 42.704
2250.376 112.500
403.707 826.221
1237.963 740.538
250.574 887.090
1866.744 1578.857
2448.366 1092.803
2124.801 2327.459
1365.002 2416.866
2457.703 903.384
2464.872 1785.243
457.361 1140.962
1358.293 2285.523
2342.610 2037.559
1486.752 847.888
555.178 2325.309
479.885 2212.734
276.541 334.980
2415.375 1681.054
1518.380 562.331
1889.626 640.610
1089.167 1762.428
2071.839 394.451
1346.545 2487.533
998.064 1072.971
1508.478 1192.242
1460.687 2249.375
358.482 1745.782
996.723 1888.738
1857.973 1017.249
236.977 1446.142
880.891 1130.685
193.955 1154.466
694.262 1907.081
183.598 744.552
331.703 2021.616
753.799 581.891
863.190 1375.250
1222.193 1201.384
1292.227 1932.983
1210.791 1409.143
437.501 391.718
202.146 496.952
178.139 255.030
375.354 1878.282
1240.590 861.960
553.547 304.715
2028.320 1093.964
1983.130 1358.583
2492.855 761.368
896.951 1125.507
150.117 1926.472
43.959 387.230
2367.621 1566.161
1174.848 1799.565
274.158 1783.426
2482.935 466.913
124.474 1537.411
186.702 591.678
595.485 997.253
343.743 1876.617
473.976 1948.632
65.189 1030.167
803.204 1291.905
1382.993 1199.190
1576.681 978.928
237.584 1209.457
89.798 678.462
2191.497 1943.793
1247.863 249.541
172.519 1938.783
1838.161 82.318
1467.659 164.849
638.496 1969.410
483.004 378.508
1889.792 972.899
647.603 1800.119
2420.758 2230.423
1571.399 1972.420
2276.720 765.203
343.876 1185.245
1204.576 222.379
150.084 749.586
2413.482 196.302
2216.250 24.458
799.100 769.358
2370.784 2461.126
518.465 1493.041
1400.895 174.274
528.519 2402.350
2249.049 737.957
863.824 756.674
211.788 793.808
2162.086 507.522
213.301 1478.864
2142.665 2269.116
996.565 681.134
1647.613 1263.871
61.622 508.234
1124.447 249.135
2432.659 2082.223
507.151 39.723
107.842 693.767
303.331 1457.662
1255.700 1882.238
1082.215 801.071
644.946 1674.563
2495.414 682.779
2334.254 1544.372
1119.382 2195.257
589.246 441.431
490.561 27.760
2055.980 360.940
1779.380 2344.988
11.044 574.612
1589.614 1790.313
995.750 2340.216
629.554 644.721
738.211 1723.797
317.730 2259.345
453.002 723.783
1241.815 1825.648
1480.722 1983.874
1607.599 726.412
1428.710 1440.779
307.453 1511.486
1734.502 1098.155
1958.262 992.382
2124.601 251.118
2192.974 113.722
1627.728 380.535
1158.918 1932.151
1075.495 2136.151
2289.814 1983.656
36.525 1808.135
1522.087 229.059
1159.775 1409.824
558.596 1009.138
1196.356 1312.787
2153.343 1410.178
2208.814 1469.352
1047.730 1536.533
170.494 1760.323
254.750 2000.562
1137.452 1926.119
494.631 1943.399
813.926 1490.400
1821.108 841.486
834.433 2204.218
545.706 482.443
705.042 1969.154
209.819 2476.879
1070.177 1488.325
732.588 1914.441
2483.391 998.834
1547.998 2491.751
2068.395 1585.737
2110.870 2498.517
1529.934 2120.020
1612.549 312.690
2423.074 43.234
2136.420 65.344
1488.366 1114.084
773.876 40.186
1849.330 493.997
1130.256 586.107
2357.954 1744.944
1962.918 1189.438
744.810 553.379
1219.989 1747.561
893.442 1098.128
1315.522 75.280
1583.443 1800.804
568.926 1649.280
19.501 1706.123
860.008 447.883
203.687 1194.207
210.456 346.381
1417.140 952.115
1455.646 1571.146
383.208 1109.998
878.025 601.093
2461.545 572.578
2311.684 1808.182
1126.398 2204.079
214.723 417.532
2235.771 104.232
653.826 1101.730
