200 5
50.000 50.000
18.352 10.865
7.934 35.149
69.057 43.846
34.551 13.636
17.011 86.067
24.568 50.206
78.762 97.354
54.097 33.880
9.606 17.080
95.899 38.949
94.840 27.141
58.982 87.369
13.498 98.405
98.331 9.682
18.943 99.736
16.720 63.579
90.500 54.419
9.882 14.642
77.876 96.559
68.581 20.789
83.500 62.869
81.593 32.429
15.258 40.052
46.371 65.603
87.251 7.821
43.365 88.420
11.663 20.444
29.241 39.000
62.358 86.952
73.773 44.020
23.271 85.940
82.614 33.304
7.796 8.221
0.779 3.483
17.851 9.933
44.748 25.221
0.035 24.384
59.558 79.008
38.978 89.626
3.500 72.974
65.048 79.517
86.171 54.896
44.245 64.978
10.183 47.180
3.328 98.616
65.724 56.939
43.190 86.363
83.565 59.929
23.136 9.942
80.999 26.650
84.049 35.976
47.468 40.114
79.205 18.803
46.329 14.750
46.056 70.410
79.138 51.702
60.027 78.962
55.738 54.797
43.427 75.082
26.141 0.012
28.890 47.411
36.732 37.920
76.490 26.011
41.506 2.981
86.937 61.448
47.580 75.957
47.278 18.568
26.453 61.948
39.031 76.314
94.046 25.068
51.021 76.960
44.693 96.364
82.795 11.863
84.207 4.938
76.316 19.813
17.366 84.636
10.264 89.906
43.140 49.218
59.765 41.261
90.523 90.171
63.034 93.889
74.762 78.656
66.790 50.659
30.377 78.808
7.009 3.045
83.625 73.413
37.236 63.857
51.813 23.056
4.689 84.661
95.806 14.124
55.831 84.639
28.522 25.195
6.252 14.684
47.871 13.063
43.197 64.132
61.292 41.160
30.260 32.106
16.779 9.197
12.233 9.144
52.649 81.481
53.968 18.106
46.305 46.394
29.763 87.630
13.438 64.677
28.323 52.808
90.267 90.884
25.848 51.154
46.298 96.885
8.308 45.481
90.773 53.266
55.087 21.068
57.107 64.976
71.126 6.503
98.612 34.160
89.287 86.620
6.436 73.409
89.010 14.939
42.307 18.032
51.952 20.743
5.478 97.342
0.995 33.373
78.451 5.132
61.489 66.103
80.644 53.368
81.478 15.874
31.261 14.931
22.973 23.723
88.792 68.110
29.182 15.827
16.132 93.480
30.222 82.500
0.568 15.907
89.763 39.978
62.275 15.099
51.140 69.093
10.648 58.003
51.131 69.824
15.397 73.742
39.176 41.576
0.740 70.896
4.781 46.421
55.835 29.463
43.092 37.459
29.260 73.211
7.399 9.135
84.512 81.518
27.716 92.558
78.854 60.047
83.406 11.488
40.985 91.984
71.605 14.241
46.638 39.949
81.404 28.196
75.471 2.270
50.753 94.353
70.080 7.345
4.334 49.489
80.277 92.696
55.529 30.315
84.327 47.752
10.379 95.660
48.719 10.626
76.925 8.398
96.630 10.664
89.830 81.309
8.619 73.132
50.666 35.135
8.624 67.284
44.593 52.876
79.611 29.586
25.709 42.524
72.920 30.349
94.798 72.863
31.445 39.812
16.998 50.559
45.044 45.318
89.865 92.223
63.947 93.468
14.062 14.004
39.948 49.726
3.944 57.293
9.258 41.473
71.359 12.580
70.493 90.477
88.215 1.217
8.178 66.508
61.266 29.791
48.170 80.841
37.371 45.030
44.962 6.977
96.685 38.977
35.935 10.864
65.288 29.523
35.541 7.776
91.875 37.272
57.205 30.828
65.306 82.358
58.490 68.939
83.588 29.511
