100 3
25.000 25.000
46.127 29.759
6.363 38.869
10.066 13.813
47.663 8.755
40.004 4.969
17.637 13.674
13.448 22.794
36.282 15.455
26.147 14.842
26.740 38.977
40.823 39.910
39.696 5.774
46.481 16.576
19.152 29.257
11.296 7.204
6.354 46.577
18.866 10.685
15.205 6.652
21.434 33.150
1.126 48.830
17.040 17.682
48.249 0.109
48.905 10.811
10.127 31.645
31.270 36.969
6.019 42.245
8.899 26.687
13.603 38.217
10.691 31.984
31.728 49.582
11.563 18.256
12.446 45.061
25.476 15.390
0.200 2.390
5.268 38.758
24.117 1.119
12.901 13.982
25.345 18.057
14.093 17.772
46.877 43.498
48.392 15.400
48.254 35.193
16.334 40.036
3.198 2.543
5.508 11.848
23.002 14.074
35.017 38.924
4.002 9.661
32.010 19.614
35.846 42.161
48.575 14.612
15.731 23.731
20.430 18.487
40.938 3.679
39.046 41.065
4.175 32.165
35.046 17.623
30.110 8.945
40.687 35.621
38.508 38.007
12.109 10.924
35.862 49.790
48.540 7.175
12.068 23.505
17.854 35.361
31.314 31.845
21.891 12.403
14.134 11.062
10.550 29.076
36.479 47.416
13.811 1.561
23.559 19.348
24.740 6.233
10.302 15.343
45.848 23.763
45.108 30.698
10.953 37.364
23.554 47.733
14.815 5.779
45.672 48.795
26.067 5.616
5.217 36.084
49.129 35.611
9.223 15.122
19.478 11.171
29.580 8.065
22.560 23.243
38.071 9.332
9.180 43.944
1.081 31.255
30.160 12.918
11.753 37.961
11.427 4.952
42.722 7.164
28.710 4.652
42.424 18.231
49.617 35.991
40.903 42.831
34.749 1.403
