200 3
50.000 50.000
84.730 67.257
50.750 28.257
37.246 81.473
85.473 17.403
36.876 16.623
66.642 15.865
41.607 68.545
73.757 34.446
8.151 73.220
25.830 37.278
97.472 98.822
23.997 12.338
83.180 86.947
54.243 92.132
67.257 28.900
9.402 47.057
16.014 81.011
18.231 68.339
51.515 7.618
95.735 93.100
10.575 96.139
65.875 32.279
21.522 71.881
89.469 25.674
76.953 92.936
84.267 47.175
34.038 98.958
1.437 22.758
21.043 36.873
92.885 73.464
4.955 55.337
69.789 13.672
55.453 47.130
80.324 13.230
73.878 26.462
76.607 90.122
67.294 42.743
27.873 86.244
39.822 88.317
72.389 7.894
63.228 39.890
39.940 75.314
70.983 6.285
43.665 4.937
75.519 72.770
46.800 26.479
73.474 1.095
63.378 21.711
3.200 88.289
71.231 87.604
45.131 1.163
48.363 41.617
65.835 30.672
27.403 92.648
69.028 6.587
0.914 9.605
92.886 21.810
80.107 66.319
43.715 42.405
76.687 75.680
68.250 21.144
82.518 53.918
80.999 6.868
70.027 30.410
39.748 50.232
64.027 22.309
86.038 60.374
5.276 11.525
77.914 53.590
41.387 41.121
88.413 76.031
44.092 13.738
70.288 82.689
76.103 89.842
61.298 13.792
88.904 55.965
91.329 28.599
43.074 31.701
35.602 86.552
67.618 40.538
69.214 10.664
95.582 19.078
14.760 88.825
27.166 55.922
52.768 90.798
58.557 53.780
48.409 54.143
7.587 78.798
47.314 24.346
78.039 15.367
14.339 55.096
24.262 48.347
12.842 76.382
49.420 14.735
4.034 27.763
87.795 31.452
58.406 63.354
87.366 35.011
62.135 54.499
22.351 60.397
0.429 65.410
21.147 20.536
60.760 78.441
66.124 35.898
64.841 27.778
68.072 65.261
51.783 58.128
32.294 14.517
75.391 98.572
4.902 61.026
62.934 61.017
47.476 14.227
36.640 76.704
99.731 80.005
90.651 34.483
73.159 26.012
5.413 70.752
73.106 24.799
75.717 92.348
8.490 75.130
98.440 26.202
3.036 98.715
82.475 3.458
23.444 23.491
46.424 93.963
20.833 83.216
41.507 61.171
27.123 7.344
71.055 17.037
69.084 81.753
3.791 70.610
36.168 87.170
80.847 14.774
96.157 84.111
52.656 94.827
96.314 28.164
53.951 32.389
81.519 4.499
52.484 72.896
85.841 57.293
13.966 7.916
87.135 63.476
38.892 90.339
46.531 88.166
54.870 13.143
33.580 42.730
72.007 82.558
35.267 10.203
27.973 75.867
94.676 41.237
75.703 31.286
87.878 74.187
5.313 93.353
7.012 96.368
92.782 37.375
90.953 98.819
12.858 47.083
9.994 57.201
15.089 96.293
71.077 31.231
16.576 54.421
83.056 90.435
60.096 2.447
31.251 97.544
59.190 39.568
12.719 40.902
2.739 33.157
38.444 57.952
45.791 24.309
53.004 10.646
57.971 52.525
73.259 97.691
65.252 29.776
7.211 18.409
26.323 77.759
27.179 68.362
40.103 78.068
49.721 13.462
70.332 66.360
67.617 16.832
56.801 27.325
74.031 18.324
72.043 89.402
24.332 36.516
56.221 1.246
88.397 71.440
87.359 41.543
20.886 76.777
61.290 66.942
81.204 71.369
15.495 72.920
2.917 7.691
43.983 31.652
56.897 9.351
95.733 89.728
99.011 33.332
68.761 23.567
30.677 4.385
56.180 85.398
