5000 5
1250.000 1250.000
546.738 1989.357
1606.825 2441.159
1905.840 1417.960
734.325 640.734
2059.230 916.978
1635.698 1655.075
2196.225 1622.870
998.545 1309.726
2491.891 416.793
2107.661 1535.116
749.994 1044.121
1867.597 491.483
2064.185 489.580
1715.536 1814.778
1123.006 2312.184
1680.665 456.356
2120.001 2012.590
165.399 267.423
667.223 863.607
1557.168 1810.548
2377.524 1894.184
339.068 2242.061
2485.885 1188.062
23.110 1393.154
1693.178 1100.781
1443.661 1282.189
105.451 1620.535
2476.348 1269.430
1295.633 645.156
277.844 2347.608
1558.789 1716.189
1964.757 863.896
724.908 2038.498
621.487 834.460
1624.382 2004.532
2172.819 2204.117
423.657 470.043
399.509 1990.569
1569.940 786.392
2154.416 438.942
915.325 510.601
2102.972 2051.208
432.597 2065.018
844.100 2063.121
506.568 1617.653
1155.461 2222.856
1900.418 1475.478
2263.164 159.540
737.490 310.593
1722.155 88.020
1252.212 1713.638
2406.403 273.086
2070.780 499.062
2116.735 1143.757
1242.972 2439.549
450.680 392.395
279.323 2422.732
1425.945 2079.145
2026.364 2063.647
2420.450 1061.648
363.197 1019.893
569.839 2262.012
150.232 2230.921
1443.399 160.792
1846.782 2268.696
1875.934 2453.447
667.939 298.125
1119.999 499.310
1657.212 1810.227
800.987 1691.674
35.640 2023.664
921.294 2272.499
2146.896 453.068
1683.526 2129.874
1359.959 1108.233
1037.024 2168.773
2245.084 1375.516
607.903 110.548
1457.519 1731.403
2169.986 1131.854
1800.958 392.940
2315.732 132.048
2078.507 245.594
54.217 1486.211
244.202 334.286
151.275 455.999
2044.464 1615.371
1652.036 2208.326
76.364 335.455
1509.253 396.098
750.726 779.512
178.554 53.852
122.467 2479.810
1506.847 1956.260
2055.387 1192.975
701.315 641.610
798.200 264.307
2443.112 583.108
909.785 1826.345
423.234 1575.405
1926.777 1758.969
237.324 1984.477
2048.491 1201.148
1479.321 1739.249
1303.834 2120.769
2187.859 326.567
1220.657 1064.193
779.650 2207.827
1871.041 366.373
2327.223 971.255
1770.063 13.826
1851.793 1429.232
518.714 1060.788
2166.155 1212.901
1066.393 1508.504
236.897 2195.191
462.836 1201.216
2467.112 1397.816
1899.854 1.554
1534.211 1987.672
567.253 2453.378
885.321 1616.572
250.248 2408.739
1306.841 1943.964
2486.468 670.690
985.647 1895.850
156.250 1972.215
2267.348 744.283
581.564 893.958
1521.924 2122.383
1268.886 1545.040
1493.342 2449.174
881.214 2278.279
840.408 1177.719
260.503 587.427
648.441 1664.839
2198.595 52.963
442.857 2135.887
1481.624 62.253
1740.188 2090.294
382.781 1132.801
757.711 1164.636
642.486 1283.387
1995.827 1002.279
1081.575 1434.822
1840.745 187.362
1930.665 216.946
1344.110 2278.779
1437.506 2377.611
2216.696 641.243
1925.646 167.635
2151.745 752.215
47.821 445.169
241.698 1981.973
1896.714 834.993
882.409 1091.393
391.663 2276.327
2233.694 1079.298
590.267 882.055
2375.905 1803.328
2164.063 2411.311
1214.162 42.282
1124.706 147.488
70.914 2419.727
1446.850 749.721
1046.193 1585.268
1064.496 1133.008
1926.102 208.526
1102.755 945.010
946.626 1165.298
142.682 1760.985
916.434 278.929
1139.471 2271.037
2307.263 1759.754
731.382 1023.148
2243.820 2450.140
1567.250 1558.933
35.195 1145.604
2397.566 161.561
1907.097 2025.921
387.028 1301.462
2229.992 1591.441
1588.482 1470.447
1198.689 2455.988
2317.829 866.984
414.813 689.998
41.307 1071.294
1578.741 1663.808
1207.002 1410.483
153.628 493.924
188.685 1764.425
2405.636 1481.544
266.444 1663.987
67.077 2238.454
1116.960 856.260
949.567 340.761
652.914 1224.806
1929.367 2442.317
2363.964 1328.662
923.933 836.128
1829.483 158.714
1849.863 233.295
2254.392 2081.540
2401.898 1810.557
1479.134 2367.275
1652.852 1326.252
2366.732 892.431
2001.931 1541.139
978.393 1235.975
2159.985 167.723
727.386 970.015
1149.355 1689.271
924.054 1431.728
1843.327 839.289
1289.104 1556.000
931.795 398.413
1502.202 2409.083
941.472 1877.123
718.543 1670.471
1022.069 1911.204
1363.365 1719.927
1004.412 826.686
1557.783 2120.653
863.848 1171.935
1008.767 763.993
393.067 1909.001
1732.245 752.387
1393.316 1030.081
2182.105 921.459
67.789 846.684
320.325 2120.974
877.565 2301.232
2020.674 2493.962
2277.357 987.521
937.637 1735.641
1713.152 646.653
547.639 257.076
1212.890 1962.502
898.226 1908.371
558.379 2309.100
695.163 1102.627
2440.390 910.042
1315.829 332.328
1461.323 1857.836
966.469 1151.548
355.452 511.654
2255.612 1568.874
1281.074 1018.075
178.423 1112.797
1968.779 688.930
2302.135 476.256
1293.558 969.518
2096.129 2252.863
571.263 1304.064
1096.779 705.181
2418.465 995.342
1903.959 1524.646
50.786 1295.544
318.562 1893.290
655.308 1946.069
2207.971 403.601
2128.372 5.174
863.379 1568.670
663.585 2199.704
691.798 2408.197
537.788 396.497
1578.821 2079.084
2425.882 218.670
539.186 2282.961
80.335 2039.222
1275.236 1215.704
1598.391 829.007
1554.543 324.495
1801.582 2162.497
142.915 564.944
484.947 745.944
1350.376 551.417
203.857 2185.691
247.177 192.855
172.627 923.768
2475.468 1721.534
2124.877 953.015
1612.963 2179.560
1220.909 1479.763
1322.645 1858.423
824.052 265.187
2264.498 1367.900
642.163 2311.834
674.223 2380.810
584.718 1087.755
1157.039 138.887
1371.516 2105.842
2346.201 862.500
447.672 125.007
570.984 518.712
1257.879 541.226
1068.284 812.163
0.765 2476.375
71.415 920.363
1579.547 46.998
2403.445 534.284
912.115 1758.438
1021.923 2038.894
608.669 1414.819
480.437 1271.947
1464.575 1831.667
2454.957 1217.790
645.147 2269.840
984.721 1089.091
1611.331 302.897
1649.739 2091.322
286.877 906.266
2297.498 1603.547
1724.371 676.350
546.290 64.978
931.745 2399.167
1621.208 1882.347
1294.094 2373.005
1895.912 61.818
364.154 1810.328
1942.802 1405.707
2072.465 2300.105
420.090 1900.945
1183.977 284.530
651.233 496.275
183.072 866.600
652.969 2387.989
2225.139 363.326
1342.321 2134.796
321.806 619.061
229.169 516.188
1807.107 2146.941
950.332 1238.345
862.495 1428.913
332.715 2255.788
1774.148 1096.537
867.838 2215.611
75.022 1471.815
563.056 2288.616
1206.160 1361.688
2443.559 1279.459
1842.976 1612.826
1553.237 588.649
2265.102 1743.146
941.882 1189.956
200.253 826.316
140.358 1448.754
2131.267 612.589
1273.260 1181.077
1853.023 2437.720
44.016 426.086
1409.843 1625.048
1177.977 2383.481
372.610 2472.685
1632.252 1880.586
2476.151 690.416
758.754 2452.808
2439.473 2013.373
928.907 489.040
54.694 96.723
635.269 281.492
753.622 441.516
1906.875 49.114
2472.622 217.381
159.913 1062.529
711.670 1075.992
787.308 932.443
969.690 1713.098
790.138 1437.460
1634.543 939.187
1490.853 313.416
1321.671 930.157
1708.670 80.514
1033.325 2364.898
1579.864 547.440
2295.249 910.766
2126.857 2391.052
123.444 641.281
542.438 908.689
1115.294 1309.674
83.973 2229.382
694.818 2035.619
1766.435 1487.681
742.416 950.154
1612.885 277.588
45.196 1338.606
343.053 1926.026
1845.517 2434.899
356.243 184.316
246.655 880.810
36.367 1862.021
1047.324 301.785
1432.272 2221.258
1389.215 1622.158
111.428 2292.402
1771.200 2051.308
1093.494 2019.152
578.171 1511.549
1421.234 134.773
114.619 2026.322
1122.631 1314.446
796.826 1975.237
943.262 1437.429
2241.152 895.569
1917.028 1674.021
585.090 1739.661
1570.422 44.456
1380.357 51.738
570.340 1138.024
810.292 24.282
1525.058 978.123
31.652 2203.715
1208.238 1779.026
2426.458 1686.449
1474.342 736.436
627.955 243.122
2064.872 2347.805
2297.732 2020.845
1818.380 2085.205
1933.537 834.156
2008.989 2072.829
1277.981 431.447
476.190 1097.424
275.754 1979.752
154.174 1035.322
2105.264 1756.322
1708.286 1413.001
636.204 1221.404
2.546 1369.288
426.234 943.504
640.670 1.732
1859.121 1242.234
347.219 1929.421
1378.383 837.218
1592.270 100.273
2440.474 1812.956
1138.719 750.716
553.065 436.898
329.257 995.788
1172.123 1812.806
2364.167 378.223
1997.775 1859.473
1783.588 671.403
142.443 2327.638
468.496 1541.915
432.526 1024.939
693.148 2218.807
582.605 1432.623
394.620 481.022
2099.833 1984.686
853.817 1717.445
2378.853 2436.874
1438.102 36.001
182.266 719.102
2329.222 1178.796
1954.418 2175.950
82.366 1512.884
1129.296 1013.285
577.076 904.488
1173.654 2235.806
254.678 929.331
1135.874 2483.858
2157.268 2409.557
1587.712 2092.312
1251.847 2396.634
249.616 82.330
1207.513 2356.628
49.182 1902.409
2135.413 2285.338
2076.907 216.065
2107.025 994.362
2250.948 2146.298
886.881 1066.762
2128.427 848.174
370.896 1897.350
947.703 1550.405
1160.955 348.011
31.894 1275.272
1640.935 2125.141
2044.455 1997.247
371.993 2475.957
2098.659 96.903
113.861 1482.702
1520.211 1261.008
1482.601 2316.929
2139.594 120.313
1320.369 193.831
1662.122 527.344
1429.495 1669.767
1323.524 584.541
1834.507 51.580
489.562 2430.582
1771.536 2335.029
1692.613 1021.949
262.168 1577.104
681.065 1614.849
2383.286 1261.806
1023.975 10.495
1646.209 1899.257
209.801 1588.138
786.651 2312.771
2430.655 2146.697
933.184 1871.426
2198.285 40.249
740.299 2324.968
828.465 1023.606
484.387 586.660
381.060 519.164
2379.915 1940.640
1959.669 1651.810
2019.089 762.539
202.295 1597.786
1258.781 472.454
526.948 1529.167
240.699 2486.910
753.344 106.884
1879.073 346.871
2407.106 456.646
2090.345 658.479
266.441 290.488
1672.747 593.443
818.538 1959.187
1703.127 568.775
1961.572 124.772
289.482 710.404
2346.805 1231.244
1552.205 2223.312
2001.884 1951.677
679.668 1374.477
808.889 497.702
1834.156 2469.760
1194.627 672.552
1576.960 1501.793
676.431 137.062
1520.443 588.195
1212.918 1628.768
439.184 641.700
999.436 1601.654
1653.419 1216.085
1699.334 1587.622
1426.656 1410.419
457.283 355.586
337.091 2153.385
2318.394 2231.603
1973.456 2239.624
208.882 644.083
2118.420 1919.853
738.474 1505.545
1158.676 374.687
400.977 764.545
1109.155 932.294
2177.814 2331.878
221.271 24.802
2471.923 358.265
1690.061 794.068
1452.158 1136.740
1073.647 1071.965
508.523 596.562
1456.252 786.950
596.516 2235.053
1639.587 1153.090
1178.062 836.776
61.084 2280.919
233.813 335.317
180.997 788.689
2323.063 1069.384
1022.296 1936.471
923.638 918.350
526.633 190.545
2373.284 1478.743
2428.010 2286.745
571.762 1696.271
1689.635 722.443
294.157 1661.895
1985.022 2216.676
199.969 1943.300
1946.334 42.026
473.852 2003.126
2187.995 1131.194
331.437 1589.242
1262.249 2447.745
94.814 305.112
1910.626 862.535
242.672 1259.218
1615.812 423.852
1311.063 387.289
1542.972 740.660
2134.406 1570.215
220.612 900.596
1474.965 334.478
412.289 1214.259
455.817 2150.140
1708.233 2184.746
2.980 2133.858
986.765 749.648
987.600 1114.891
205.977 674.689
1637.104 1761.726
570.717 2073.226
1230.633 529.606
745.489 2172.996
1570.488 1381.976
710.540 1494.764
882.207 210.642
2266.588 1576.681
1294.120 1993.961
668.777 2309.991
500.291 1209.584
453.686 428.403
702.582 1711.765
1810.707 1428.521
2112.140 1526.937
1631.624 2454.417
939.469 781.105
737.153 2079.394
359.933 865.699
1491.382 2120.052
2130.601 1219.824
1722.590 2205.250
332.219 1407.934
1626.903 1150.017
2344.595 1248.251
1745.293 1497.182
785.920 2008.606
1240.027 1310.334
1769.634 1601.272
1813.550 1408.762
1277.172 1613.241
1756.951 18.873
232.736 1892.577
2037.884 1848.836
588.352 1538.719
2450.140 1628.995
1802.098 2186.248
1848.926 1708.048
573.234 1402.505
850.927 1109.401
642.281 65.077
1258.637 2024.758
1785.620 995.694
634.053 894.429
387.867 1748.926
2402.457 1017.633
1222.382 1961.840
1055.330 281.136
2011.144 1952.477
318.679 1271.023
1516.050 1831.716
1931.074 1164.044
364.017 207.278
1790.405 1463.089
2259.606 1432.945
263.238 2424.342
122.726 1476.082
2049.560 2449.310
1297.337 914.296
1542.136 2462.098
684.547 1978.396
455.662 1829.739
1002.021 1149.475
680.565 1848.678
2091.873 371.428
2032.013 2009.311
546.635 789.026
397.549 327.596
2388.730 223.052
2415.236 349.751
997.636 2338.407
587.554 2486.026
1717.467 240.692
947.390 2497.421
494.666 42.821
1020.299 879.426
2150.293 1382.073
2455.172 492.174
431.360 877.185
1407.568 135.225
226.018 746.187
555.364 1119.019
1130.954 854.537
497.814 1926.196
2236.622 626.876
590.693 601.072
152.155 137.207
1732.878 2413.966
1114.746 2456.899
1634.040 2050.425
1537.767 200.912
2421.181 1990.166
2269.246 1267.611
10.223 1368.777
532.543 2489.993
2309.998 926.330
1975.106 1361.316
531.729 793.793
1956.367 121.176
350.865 1013.764
766.769 2111.773
2406.608 1877.741
148.890 2016.666
1223.515 382.485
288.040 2299.273
631.636 871.485
2359.257 1345.169
783.723 850.401
2479.071 1751.972
48.148 2450.450
2058.750 194.875
2073.209 1822.992
2376.894 1831.103
334.037 769.933
510.419 1712.537
633.567 2156.099
419.507 1828.164
669.369 2036.775
2021.647 754.990
327.405 256.588
1113.233 1162.740
2310.355 228.650
60.522 1804.974
1133.666 1006.931
491.875 1930.428
1422.124 2227.103
435.892 1228.741
229.639 1721.231
437.475 1829.937
541.350 731.024
1895.299 2334.865
1476.037 1923.334
211.196 2491.735
1328.479 1213.492
1731.993 502.202
924.632 2332.646
919.118 2071.695
962.361 917.494
1926.585 2110.197
262.948 853.555
2450.304 2180.230
1279.080 235.335
1205.668 588.926
333.217 1900.997
1311.255 2041.764
2170.692 1592.182
274.006 2302.056
648.978 674.040
1890.786 934.205
2046.496 123.949
1118.079 627.502
1539.330 2339.953
2111.598 808.419
1304.831 674.163
563.023 758.749
1033.114 488.662
951.649 1696.451
121.099 1519.066
649.704 391.326
958.928 2017.089
338.041 424.677
650.473 1502.386
1272.152 453.389
614.716 116.702
1536.743 1308.210
2191.538 1649.806
101.407 983.750
1771.744 2160.088
1205.162 2412.650
2171.254 1015.794
230.850 1062.395
716.630 811.264
1644.920 2063.472
1451.450 1066.589
795.103 2192.930
689.358 574.659
1952.575 1859.654
967.702 406.052
359.545 1323.687
1867.316 1548.729
2455.447 1713.721
1762.946 676.378
1180.790 441.225
1074.107 259.875
428.798 188.708
1587.464 765.893
880.559 1720.802
482.692 701.042
2137.277 632.142
1190.045 714.441
1690.087 2236.211
1330.362 482.419
194.725 2068.751
237.804 1590.265
736.291 470.424
2425.130 2252.377
125.922 2237.318
2404.036 663.669
1416.122 1158.590
1035.075 2110.943
1305.754 2003.714
2239.704 1598.398
1315.561 841.474
1317.541 1827.058
1818.682 1679.794
1453.325 1296.971
928.561 2431.428
1600.604 158.074
541.452 2020.089
460.435 2184.113
2294.975 940.058
498.094 476.395
155.828 1538.470
2355.204 1275.398
477.140 1412.639
1756.342 1122.669
2003.221 512.606
1918.488 2217.064
360.464 1737.555
618.889 1602.958
854.681 152.386
2175.476 507.685
676.220 1307.745
791.248 73.821
1427.635 591.174
1630.318 1314.904
1692.908 723.337
1885.647 1341.488
1853.645 2101.757
2446.778 180.684
1062.315 1122.598
582.230 2200.526
930.054 2491.259
1095.507 414.714
1051.348 2380.774
843.648 292.830
1000.680 2169.112
1632.064 831.585
1363.559 1210.110
725.129 1672.160
892.598 1044.511
417.051 391.666
825.350 852.146
838.346 2483.104
1720.402 162.752
1580.506 997.445
1703.950 379.147
1546.343 217.760
1112.319 758.316
2345.675 161.755
1146.592 883.363
1029.846 2218.495
1934.394 2048.089
1822.755 970.264
776.714 1412.861
1875.578 190.349
779.994 632.087
1305.648 1496.350
1712.800 798.769
871.828 1831.258
971.455 876.730
1060.122 2251.377
528.064 175.392
1831.852 680.506
347.785 750.959
1594.712 1810.382
1072.213 915.401
421.757 525.983
580.892 1645.597
1776.109 2055.772
1114.519 740.435
2030.268 656.335
1396.671 1993.841
2018.692 1220.718
477.063 1182.510
1179.692 1246.240
1965.285 779.953
604.629 2154.739
210.188 1462.606
1434.182 2362.511
2415.668 462.099
588.143 1478.253
1944.898 798.646
141.231 1537.061
1217.292 473.663
1695.190 1833.152
1364.929 2426.283
1784.375 2373.803
1346.330 900.977
910.709 367.569
1228.857 324.285
78.887 2178.162
1786.524 2152.878
1828.560 54.605
1824.849 901.508
107.152 76.436
678.098 150.912
28.401 285.641
1293.352 712.994
1122.118 1908.135
1700.365 317.673
2193.413 1459.520
389.667 316.336
361.037 1802.206
294.394 1555.587
1297.745 1920.996
51.318 1572.513
424.348 1374.837
1053.126 766.145
2010.992 118.909
884.705 1704.691
2113.533 2162.551
2376.760 751.472
241.919 411.044
1878.396 1407.320
1507.119 2364.123
779.081 2214.738
274.373 1304.181
1826.636 829.828
107.014 1904.115
1170.049 1975.431
401.132 1458.205
2068.047 559.431
1057.213 1510.515
1825.895 1821.917
1493.853 1948.579
573.831 1181.942
552.126 2162.305
534.438 1400.780
645.581 2087.069
1287.811 1235.952
2435.616 137.654
493.892 1828.520
31.273 1935.509
1860.434 1701.883
1670.603 633.833
939.101 1571.051
536.102 606.860
2026.154 274.811
264.402 1492.578
1796.503 713.189
373.880 1371.886
2257.926 2309.297
920.297 1745.554
1602.687 1099.534
1170.584 1813.046
1191.292 356.308
452.610 426.130
1079.851 1346.571
2007.881 2228.932
1707.623 1539.213
2181.033 1141.068
266.029 1977.941
1530.568 1328.754
819.151 2404.699
427.585 710.359
599.496 231.799
581.151 781.495
775.208 1408.984
1947.771 715.703
1693.823 1241.451
1864.070 2288.746
1979.970 53.105
11.271 542.478
2387.090 1760.524
2086.165 2349.581
1794.349 1662.305
1167.667 526.383
2498.758 1428.306
918.002 1630.262
856.846 1703.887
2017.539 1917.155
2456.727 959.532
1363.356 2353.710
1795.984 2180.229
2440.987 977.706
1392.055 648.184
574.571 2141.541
657.135 1925.569
1365.377 1159.718
894.432 2158.852
539.230 1115.357
1206.714 864.320
2032.578 551.051
589.419 1343.309
2433.847 2175.445
560.072 1743.498
922.892 1400.132
469.451 1764.588
1283.594 744.743
546.605 97.860
98.999 1197.973
1994.792 1593.861
2036.973 442.430
1440.482 4.148
666.454 300.384
2183.206 1384.526
1031.920 1456.839
501.237 655.185
62.697 2023.078
479.710 226.301
695.662 67.863
60.862 1888.286
2111.568 1362.825
841.658 1996.827
1351.156 759.176
429.542 1239.504
1254.673 2375.045
834.015 1928.785
1368.528 2072.605
1865.257 684.087
879.296 581.798
1339.766 1754.725
494.019 798.191
241.425 210.550
60.469 9.587
1507.016 835.003
1836.037 554.968
77.823 222.044
2469.197 2243.617
54.773 2077.088
1114.839 1983.722
1311.467 1111.802
1789.388 9.720
957.975 1935.632
1532.841 1814.885
11.141 1625.374
1262.754 1652.942
2184.707 285.538
2361.987 1540.544
793.252 679.863
676.563 2349.949
2129.064 1913.089
2118.901 1764.506
2451.182 767.750
2201.862 41.343
602.759 2453.295
1731.890 510.816
1426.707 2129.840
2199.711 526.875
590.427 137.293
2106.123 1507.833
194.979 502.641
2432.749 1166.151
2200.781 908.952
147.230 1644.193
928.934 2499.536
2060.057 488.795
982.124 2366.277
876.168 305.169
1910.129 1559.149
1612.261 128.181
2493.431 12.828
1947.908 1049.013
1504.523 1578.791
355.297 349.443
828.093 440.628
157.449 696.737
1179.360 1650.819
1586.496 1745.894
2407.774 75.321
938.438 2319.827
235.543 178.041
1936.961 1871.121
706.912 948.170
1874.810 408.003
1174.094 1586.489
1572.558 2296.357
356.951 2131.612
1175.933 1116.128
2047.356 2435.155
2392.564 1023.300
303.902 2106.270
2369.291 1968.854
41.261 1403.950
788.819 2327.865
1019.454 1326.148
426.993 1117.209
436.438 1866.077
1865.170 1999.169
294.310 1743.426
1306.564 490.504
2180.114 1824.451
2253.420 961.733
2027.297 1323.364
860.986 911.499
830.187 1191.678
586.497 2039.396
2068.850 488.374
1255.741 523.842
1663.969 713.203
1133.191 1756.960
1857.172 1165.771
1644.420 2367.518
4.816 158.202
779.058 674.293
2339.113 609.186
39.640 1801.017
893.640 163.058
832.335 1401.143
288.444 866.675
907.396 313.251
159.432 1206.513
1875.132 1840.939
203.416 1176.762
1411.745 1866.682
360.171 410.113
264.415 1212.477
762.539 1324.257
2056.161 2355.306
2427.840 2346.437
2189.592 2445.277
1281.365 2194.333
1006.684 731.967
128.549 621.621
1869.256 2372.223
2360.124 2144.351
209.354 432.545
2179.080 2219.314
2470.359 2009.118
1375.537 1307.945
1682.589 1870.016
1022.195 561.146
2075.837 1794.738
2215.909 1366.518
1272.465 4.041
1762.565 667.386
851.188 179.406
2471.950 2417.432
2146.293 274.310
2351.868 1626.649
1132.036 819.021
671.714 1942.270
106.998 2008.184
1688.066 460.463
2024.539 2437.648
736.459 1225.949
777.626 503.530
182.690 885.230
324.054 1857.188
650.608 774.484
1836.696 2339.571
470.788 858.972
1130.407 1618.900
2421.657 825.521
1272.492 1667.242
925.561 1828.332
1576.453 940.898
579.188 2220.615
2341.320 121.923
1094.599 2381.459
1013.221 955.336
965.167 948.370
1565.847 586.147
2406.499 1007.501
2344.929 938.594
814.846 1793.071
920.155 2091.035
2363.507 1798.686
790.458 1020.409
1053.214 668.543
1082.574 2121.694
1174.574 716.088
608.374 170.609
1593.939 21.286
2240.047 1600.461
1504.754 13.894
1965.741 905.560
2086.424 1160.336
1987.544 391.005
1848.564 220.570
2053.341 1025.572
883.662 2000.100
573.054 1816.031
682.539 1251.257
2157.919 445.351
2394.942 637.212
2196.440 925.154
676.106 2328.001
818.449 1567.655
224.255 1474.146
1914.727 372.597
916.385 57.558
1328.759 1657.629
2442.257 731.724
1294.981 1719.714
937.757 2387.610
1062.160 980.163
396.865 2365.738
2040.210 1383.136
1793.810 1516.694
1009.923 876.002
1691.869 1752.943
73.293 1611.472
2368.133 1496.786
366.492 1659.032
1815.258 57.751
2369.743 1776.851
873.542 2311.881
1598.600 1934.372
524.798 919.283
1075.526 1713.217
290.470 2061.029
1584.866 863.339
2338.661 271.691
784.171 925.038
2350.041 1328.549
322.013 832.747
2116.032 530.584
2140.017 2257.469
2056.396 1511.734
1358.598 189.244
893.862 2410.546
1434.747 553.039
1603.006 2332.312
1093.988 1703.198
1724.753 2237.055
525.951 1502.264
597.351 1810.749
1845.461 1359.887
2278.058 769.143
2387.160 27.131
708.233 731.387
505.575 911.972
1989.063 332.466
68.334 2116.597
764.569 774.921
407.521 954.739
301.057 2364.097
11.308 1146.190
1362.815 2013.199
1013.082 2397.702
2182.998 1052.457
2277.056 724.419
2425.057 876.067
968.537 962.400
1660.128 1652.639
389.832 1016.670
453.255 2187.993
1869.157 1051.358
1727.985 1108.889
1244.947 1802.368
2074.217 946.403
2076.786 2227.742
788.828 1045.974
354.032 85.153
1245.594 308.301
1216.038 1926.842
685.948 1412.933
1826.139 1678.306
588.813 48.065
714.347 2381.546
931.966 2040.621
1455.834 2390.463
1718.397 1206.563
1592.444 353.218
493.855 2323.821
421.494 1196.101
1980.721 1609.639
37.906 1875.688
2028.654 801.522
110.805 1591.298
317.321 1967.986
1304.871 708.308
989.022 447.927
1416.248 350.416
2013.664 2171.074
1083.533 208.344
774.872 953.014
307.642 1311.250
1606.544 1254.817
1066.513 1175.312
248.040 2259.578
2326.626 1976.570
848.252 1002.831
1149.867 2442.044
709.760 160.856
638.795 1920.901
2103.237 1693.977
194.538 2048.694
1030.340 1487.267
899.622 2041.677
99.226 249.187
436.978 2011.101
558.506 984.431
995.067 481.105
2282.241 184.306
840.718 867.312
1632.822 1875.958
436.162 481.741
1642.672 1083.921
300.355 454.274
2273.292 997.206
2052.320 1478.958
37.163 1518.982
399.848 626.848
825.068 2290.430
1741.577 700.185
2084.962 1168.832
1179.363 1782.082
1269.107 191.900
664.622 314.123
93.593 654.587
1465.204 505.262
2104.075 1228.111
553.779 875.079
2238.616 1062.113
2033.786 769.609
1173.161 1379.257
1079.148 2272.310
2060.343 1363.872
472.045 838.934
8.547 622.067
434.248 1918.637
1346.827 1856.781
652.004 978.978
1805.300 4.713
1390.054 1397.232
49.777 89.922
1129.568 1917.521
1561.458 1167.670
2181.169 257.155
1654.184 658.196
1541.838 2312.749
1340.491 98.872
835.680 2482.393
37.806 708.572
215.161 1390.208
135.421 1054.031
888.224 277.013
1192.047 706.093
2243.296 1300.949
1703.848 2419.217
1382.847 1424.763
1377.989 239.234
332.968 536.176
1199.987 587.349
1459.162 203.690
911.635 1548.933
664.144 599.133
1244.468 2039.472
1390.170 50.763
2075.968 2046.313
935.031 2470.617
1752.719 271.382
1097.408 388.757
1211.167 1175.195
546.523 2487.606
1632.745 1344.063
2260.903 1045.491
1783.372 30.512
157.121 2254.976
1683.527 2207.647
1587.346 1456.858
353.463 1657.091
291.463 1347.315
380.234 1471.973
1549.451 1278.756
1127.119 1146.155
1813.760 1691.094
1498.128 2313.419
371.433 1979.204
1197.775 741.563
864.227 631.397
478.377 142.758
478.234 1757.273
560.369 732.743
608.480 1454.626
1570.071 854.396
1639.315 1994.704
2105.925 1718.781
1998.392 796.038
1816.668 1453.885
683.306 884.914
2165.828 720.752
894.369 2446.328
2447.522 1927.338
2294.704 1076.774
1638.661 1680.494
2432.221 1030.404
1522.459 195.932
687.158 1518.581
1224.972 269.134
1030.107 2276.957
1066.634 1102.275
2035.542 256.017
1699.320 1185.668
751.854 445.711
956.648 375.902
2124.455 344.259
1133.743 2280.930
410.400 1427.418
1780.522 353.130
681.507 356.403
943.627 1334.494
481.386 521.950
1363.566 787.245
1516.866 708.873
1552.364 58.871
555.662 968.469
186.517 1830.765
1235.178 260.981
2431.927 2369.858
2140.459 2025.814
469.715 2189.669
1725.838 103.939
675.388 144.820
645.354 1999.728
2382.209 1462.392
1549.762 772.442
580.529 896.464
1882.773 2221.318
306.952 204.476
1981.510 1456.071
378.764 1282.608
1961.590 225.726
2421.140 1292.013
500.118 1287.524
1589.098 1915.069
2407.337 1070.365
44.398 961.970
153.326 1406.782
853.022 1328.854
1368.605 2418.148
461.799 1640.683
290.453 1981.932
1336.341 1414.793
325.086 1362.232
2232.313 69.021
385.988 68.178
20.574 2128.440
1944.274 2386.591
1711.472 1093.445
1167.945 159.379
547.946 1665.736
2490.790 608.140
118.418 1234.097
2364.252 1213.464
369.871 1245.812
368.995 751.002
2330.963 152.631
2189.078 2324.452
882.684 2152.435
2485.776 1890.947
1611.898 716.756
1001.038 1547.845
380.578 2115.972
943.309 2030.886
867.682 912.326
422.623 1459.145
1101.083 843.212
1245.030 1047.625
1182.960 194.551
1364.157 171.664
1373.198 2297.423
496.436 1634.186
1646.065 2261.034
2031.391 2400.448
1235.776 765.822
22.424 715.251
1125.649 795.093
2153.950 1716.783
1709.668 1688.150
44.289 1311.660
1787.323 1914.848
395.619 1516.597
356.010 1988.536
1379.142 2167.902
2027.187 402.577
912.447 2078.212
580.600 268.463
1299.034 1732.531
1642.483 2320.448
75.314 2278.961
1410.768 2421.394
408.819 1779.832
2037.752 2462.275
2206.676 1039.240
2021.312 480.401
418.517 625.168
1283.536 358.725
2484.042 2483.357
1730.873 1895.926
2203.856 1609.054
2361.100 1817.676
1667.254 577.883
353.425 1931.075
997.709 819.915
1409.764 1498.156
1788.876 1584.152
113.172 2261.307
1057.653 54.621
627.309 443.180
544.071 1783.988
2190.479 86.227
2327.488 1270.567
2256.183 1002.548
1802.664 1846.618
429.220 2442.477
1287.064 1051.487
461.690 2068.263
684.584 673.963
2242.363 1652.996
355.217 1897.062
1865.543 1452.589
2360.663 1499.666
2268.237 705.063
821.406 1863.971
11.225 1696.598
137.824 424.363
2063.470 481.149
1717.542 936.902
1617.199 1941.702
1571.427 646.280
191.079 1640.046
505.658 1059.640
1171.356 2329.301
1792.860 888.918
2059.789 2066.258
1623.406 2043.522
1098.187 1845.819
2166.778 2451.614
1204.412 1174.616
374.313 2465.173
911.000 704.320
2421.546 281.554
433.971 2143.728
2236.829 228.944
818.082 124.065
2448.999 1449.753
1726.386 671.750
1842.554 999.054
2253.301 77.621
402.921 1318.844
2102.167 573.413
987.365 1997.155
187.196 2408.772
321.533 1764.960
955.292 189.824
1953.628 2424.160
1583.450 772.622
654.302 86.178
2257.348 794.652
1989.967 1090.359
676.218 2280.635
1097.969 602.204
602.659 2343.647
2199.826 827.624
817.264 2368.587
1315.438 1911.500
1499.209 72.162
1235.213 2481.002
1868.331 439.129
2407.914 2306.640
2440.998 1850.724
1042.691 964.391
446.077 2077.646
1581.187 1721.499
1303.989 1995.070
2087.256 1987.244
1621.861 1619.242
2453.624 31.980
2213.183 297.856
843.671 379.437
277.780 313.435
1619.081 229.903
1575.649 71.022
383.249 2499.714
27.063 130.860
2190.947 1238.853
2024.637 2177.021
763.591 155.702
1922.934 1267.269
214.350 1911.447
996.534 413.982
2331.552 2426.063
2326.434 1109.974
1198.213 2134.766
1878.264 2259.512
1514.770 187.714
1405.650 1392.577
283.528 1649.594
338.666 397.636
1549.191 251.775
1060.318 557.785
2260.476 1770.849
860.198 2293.703
1332.734 815.798
1342.184 2240.268
320.161 243.280
1185.234 1884.246
1308.095 1262.793
872.392 2424.919
1683.695 1262.730
960.354 1015.303
1149.304 1486.581
351.218 1611.268
1514.693 890.114
829.006 1600.218
45.245 1483.793
2100.365 1552.492
2261.659 1199.279
2092.059 1443.077
1191.444 774.303
2407.072 2478.392
1934.684 242.285
1025.871 1838.568
2302.403 1897.593
1766.595 1394.141
1493.336 1206.622
965.407 2009.994
1496.246 1772.878
2031.295 1338.786
2385.764 2155.790
1021.464 1468.964
717.719 106.751
789.903 345.200
1696.133 1619.887
942.587 1025.924
2160.740 2476.202
629.646 1994.098
1012.921 619.085
347.590 905.294
937.954 577.960
1691.560 1299.812
1526.168 1200.141
2262.933 1879.451
79.940 1224.233
87.932 2345.285
1607.679 1792.491
798.516 1246.419
2276.454 69.702
406.526 1837.172
1409.168 2485.215
1840.209 2084.357
2460.898 2224.460
28.876 1983.312
1693.152 719.357
1990.303 2042.939
1266.965 863.957
1204.476 1773.568
374.534 913.826
581.780 2127.860
2119.023 2378.181
903.394 2048.568
1579.368 1177.473
1609.550 209.434
1150.880 47.560
1787.936 1172.619
349.652 744.305
1161.919 1605.475
483.306 2389.609
1185.948 854.992
2441.145 1053.420
326.760 359.457
2486.238 166.135
1562.613 2412.958
72.147 1311.126
2134.730 761.347
1038.208 2000.021
2410.393 2033.776
817.473 1273.821
1224.037 109.171
533.611 1073.209
1035.380 131.611
1585.743 81.456
1589.863 1099.786
413.454 1776.559
741.967 2427.583
1413.979 320.686
2026.980 1358.533
2174.895 2245.530
2195.116 135.366
1841.229 796.995
844.919 1677.632
184.371 1535.091
1487.756 2127.175
1249.795 581.310
1881.051 1475.370
1875.944 280.179
2015.568 2359.791
512.415 1617.597
337.116 2420.922
1407.825 1236.496
1402.622 2193.338
2438.575 1460.725
1343.707 2129.175
1777.458 1511.239
545.076 2065.447
136.574 618.599
1894.035 1731.174
718.286 929.076
2150.003 2459.653
2005.546 1122.843
1915.906 868.540
31.261 117.985
711.371 18.295
899.195 2222.306
2263.240 1697.420
816.760 2301.724
891.710 144.390
646.636 1661.656
1498.473 658.023
189.747 2235.308
1946.950 178.848
1756.655 521.433
2027.924 1975.203
1823.528 336.935
405.484 1754.683
419.336 1498.116
400.781 84.133
907.664 2414.488
1812.171 2323.789
805.733 1087.470
1995.092 2278.008
1353.029 1252.329
1126.874 1698.488
378.266 1699.084
1948.792 1697.145
655.722 1177.335
2388.947 2492.988
2436.625 1193.395
2029.632 1100.750
1663.655 1540.984
1186.393 45.833
1786.842 695.679
516.143 568.561
1996.507 902.667
407.463 1732.897
90.651 998.835
1062.220 496.656
2054.743 2317.796
1540.487 1138.286
1183.011 1592.610
1002.621 2060.004
556.136 137.034
383.740 492.049
2340.177 2334.450
2336.881 242.834
1010.881 987.623
103.499 839.008
1774.834 1157.287
170.365 1486.695
2468.204 2392.053
1865.484 368.634
1024.538 127.574
2305.074 1889.300
2365.492 1821.582
394.367 1120.144
2296.624 156.160
461.110 549.629
2153.970 627.786
785.853 1399.092
940.442 2314.364
1766.480 1621.577
1255.818 1197.993
1975.262 2000.505
1377.051 2468.426
579.946 1164.554
955.819 388.951
988.866 447.667
1759.327 2304.728
1409.405 182.684
2362.840 1443.568
2427.997 2213.838
1624.705 2226.465
2425.315 2000.977
549.256 1244.399
1102.959 1665.341
2017.209 116.252
2426.617 2149.604
110.934 103.254
759.470 2493.030
7.401 1223.538
1233.557 1424.222
987.853 1616.092
1197.908 1774.219
2224.174 1561.743
1608.154 2307.725
259.662 413.885
1776.047 1748.038
1306.979 2256.243
207.306 1757.447
1353.224 2304.735
2026.924 110.701
2051.597 1552.991
2170.387 200.469
2376.828 1680.621
1364.905 610.403
1759.145 1818.627
1599.989 2217.042
728.140 2438.773
118.025 1968.472
667.146 1307.353
1642.252 465.111
2162.671 720.639
1515.548 76.658
884.870 1007.698
207.911 1406.085
1754.588 1550.587
874.401 676.460
2327.809 1791.692
1864.359 1759.989
319.132 1983.009
2282.618 2447.921
432.404 1441.686
1472.016 202.948
193.460 1540.062
2323.588 2195.987
1486.959 2338.960
704.343 2151.302
2309.817 214.279
2032.213 2313.503
1443.354 2341.363
2476.059 1245.401
2308.782 1351.028
363.286 835.998
1503.650 1010.034
463.742 2462.085
1392.931 413.607
973.532 1599.098
1343.762 2063.905
1695.001 2176.221
1200.929 184.184
925.426 801.800
367.737 1260.415
1459.979 571.862
1923.242 1151.002
1630.965 279.486
35.266 1726.068
2259.300 2304.866
2016.791 139.097
994.013 320.855
69.765 2395.066
1210.374 2259.341
937.553 763.950
1769.202 1669.432
1754.363 1115.452
1598.741 2427.542
2411.125 300.299
586.570 2251.376
2402.670 725.900
709.552 2235.604
2040.707 1265.955
1422.707 534.786
2331.564 2336.374
1687.681 2142.856
715.028 1870.596
1578.060 3.816
2468.367 1479.748
1518.603 904.088
1085.619 9.405
491.890 147.045
2023.821 1742.912
1032.759 1558.983
1606.648 824.033
1050.303 862.740
1530.472 798.739
836.311 984.023
854.195 1588.164
1716.744 991.308
1863.345 1352.946
1631.651 2099.979
1416.336 2123.461
159.446 141.967
1709.772 1663.857
141.459 2059.806
1896.793 344.237
1936.404 719.065
2.385 1776.506
1967.574 1383.529
1337.394 1938.954
1327.667 1799.752
152.446 780.930
1888.277 1215.867
883.034 1050.091
1975.564 809.032
987.607 1580.481
1238.418 2141.036
1245.535 1235.169
2410.321 344.047
1995.068 514.070
202.843 174.543
86.852 596.526
1337.842 1952.778
344.408 1077.207
1491.361 1588.915
2294.979 768.223
1229.650 839.001
2004.558 417.230
0.565 855.553
1129.492 2337.856
1482.007 635.062
1880.866 601.451
1760.155 1554.798
1654.117 2092.067
1542.063 252.802
1044.604 1818.448
315.901 2359.881
2110.180 2140.200
162.172 2177.637
1916.987 415.420
872.003 1359.005
838.680 1800.120
906.172 1304.282
1622.163 1144.880
1761.057 768.569
2384.702 2125.833
1865.990 488.747
169.139 1759.786
2348.407 2312.544
1952.669 1820.662
2314.470 1575.132
1644.211 744.782
1994.462 2415.762
1370.990 746.951
988.168 549.739
15.176 2474.255
623.494 398.391
1608.282 635.005
406.191 1899.765
1450.945 1674.600
1182.485 1842.573
547.096 1568.948
1256.119 1781.409
517.796 1935.786
1074.570 867.340
276.645 1777.934
1286.371 448.000
474.066 968.372
1129.774 1883.427
1870.219 2116.723
1592.497 1808.366
38.553 394.267
1434.665 1967.027
1904.790 1053.260
1561.340 1780.506
2490.968 388.034
2418.847 932.921
2365.468 1490.386
1086.715 1653.877
1522.436 1791.955
309.026 1797.492
1760.456 677.833
1036.848 1280.594
1397.525 2396.708
1334.207 1104.942
472.077 1293.388
947.257 793.578
2271.438 2120.603
2149.266 304.147
1924.472 1730.276
1285.692 1602.831
2481.685 2218.633
200.683 537.192
1187.039 2241.474
1246.870 1293.970
204.066 661.103
1661.078 859.202
2249.447 628.132
596.955 928.518
1807.651 976.804
864.592 213.974
2369.830 1657.169
422.561 465.437
790.294 2362.820
885.408 2380.495
577.964 1628.444
718.473 1031.176
2024.248 2148.483
1074.545 2152.427
2169.920 1323.047
1492.167 2300.224
1100.885 14.904
1009.831 2032.905
28.412 66.199
588.840 868.857
1600.046 278.458
1192.803 898.983
2382.340 1168.650
48.389 788.828
1808.279 1620.791
2288.125 1720.200
2326.704 684.859
2429.334 1967.358
2151.963 1658.216
1859.539 2271.816
1999.404 1769.872
1223.314 221.835
697.900 2150.884
727.787 2372.330
156.863 1221.308
2121.510 503.603
2274.165 1585.904
1906.025 274.130
1638.319 487.203
2249.160 1141.638
121.539 1449.114
1055.478 1547.646
2201.863 1365.294
2027.917 1680.639
1937.370 935.135
2366.407 965.232
873.106 1567.306
1628.694 2273.200
307.932 1300.572
2009.841 1474.451
606.061 1185.967
2083.163 2479.685
1627.708 1404.573
2113.818 818.461
2120.916 752.644
78.376 1911.979
246.595 833.576
2417.666 1241.202
1778.717 2466.441
1409.195 1309.477
2451.735 989.785
294.476 1659.497
1110.254 2409.764
2288.327 2350.935
1138.931 592.250
1609.282 939.642
20.967 1390.936
324.454 2397.995
482.305 799.638
1002.416 1822.979
966.217 2067.274
403.832 776.187
1370.260 1434.637
1549.216 467.153
888.307 2202.053
428.233 2426.679
1671.616 453.881
1918.586 1505.880
2449.455 2288.382
1390.168 1189.649
1725.885 123.817
1172.683 2223.416
1317.468 1276.756
1872.880 1905.407
1708.131 2289.640
1102.131 37.347
1242.441 1834.794
1336.959 293.622
1808.398 921.998
2166.574 465.384
1585.783 1069.986
1949.624 1932.863
898.015 1723.269
1989.179 949.365
732.737 2377.216
101.908 1761.197
1325.944 1926.041
1968.650 142.538
1415.914 2114.346
585.908 757.252
1433.588 210.463
1424.426 697.833
202.392 2181.729
1233.399 1184.440
959.124 421.491
1840.531 2023.058
1148.462 515.755
2303.078 1545.985
2294.714 2408.411
508.970 2002.459
122.977 1123.132
1035.925 1534.274
1325.678 14.538
429.605 685.943
274.674 627.101
1401.744 358.234
191.424 205.329
708.096 1015.854
4.540 579.419
1014.969 651.794
1982.617 1220.307
1384.848 1025.266
1216.166 858.403
2133.943 2239.830
2140.033 2267.743
2258.490 791.489
496.875 1405.635
2117.400 170.887
1704.114 1388.088
1728.890 186.244
68.284 1123.475
2324.232 1605.705
1015.192 1057.833
477.614 2049.349
1282.372 844.695
173.024 906.111
1882.808 124.398
1917.207 1107.417
2427.070 658.259
727.850 669.538
1025.509 1558.235
2062.520 2074.836
2460.489 915.047
1669.288 1307.439
843.481 2185.543
1989.261 1525.965
1253.706 1031.727
2308.034 2273.949
2131.175 2041.696
1525.595 2483.976
2006.317 265.953
1695.702 1983.105
1291.303 2315.622
436.755 2066.136
2451.269 895.605
611.234 1128.366
1119.429 1259.080
931.448 896.288
1767.689 991.563
244.152 1650.428
1021.044 1971.039
1765.777 1855.957
2334.854 2193.286
2226.757 278.550
39.237 1032.370
684.992 1216.806
1237.600 665.309
481.822 949.902
335.393 1157.819
1414.656 1409.607
2076.517 648.445
929.815 1102.758
1487.725 1967.078
1396.017 1305.037
610.694 1693.157
279.747 2080.425
1839.553 1678.274
1187.958 1182.782
1557.209 2324.053
1019.847 568.909
2385.334 732.345
1105.829 22.987
952.750 1875.154
1382.821 1242.335
476.430 360.439
1213.347 1249.281
78.927 1585.704
1970.133 2304.157
1010.796 550.629
1489.210 1339.641
834.244 1754.806
386.129 2264.789
2179.709 1652.425
2008.038 1159.897
2356.984 940.698
991.931 1357.720
590.359 885.348
2229.513 45.649
294.293 25.145
2415.503 1987.429
1260.371 1972.514
893.521 2456.518
822.863 570.831
2229.611 1577.160
2217.368 2479.293
1566.355 347.100
1078.994 1279.546
1046.036 861.642
1517.239 168.879
2180.444 1951.643
2395.968 1017.735
1790.094 320.293
777.202 2471.962
1198.575 1947.976
2495.438 2073.577
705.911 1508.273
1039.320 37.117
2225.537 333.428
989.551 456.338
1714.159 501.514
2297.835 1199.442
2278.447 1981.108
1929.648 1427.307
113.015 2212.101
1859.102 1337.916
1888.433 432.446
1462.264 2194.951
733.309 2027.494
1799.759 313.644
998.455 729.797
2299.459 1163.343
1355.050 1833.510
489.748 720.726
148.841 2386.364
104.522 1629.089
2083.196 2332.649
1080.281 2095.652
1813.800 2218.025
1682.542 2038.284
589.628 2265.699
1072.740 1164.680
1097.312 202.629
2053.411 403.806
1316.305 1430.750
1228.949 334.394
2462.120 250.051
597.173 161.858
315.458 1614.685
1241.106 606.802
1631.355 1831.726
2427.196 2277.714
1888.473 1493.085
1776.261 1287.892
1408.861 612.810
189.018 1399.413
199.967 979.223
1750.612 1851.991
1139.523 1925.849
1799.234 1596.039
855.398 811.507
638.606 517.117
2023.426 803.672
317.967 1259.666
2029.293 1005.176
688.349 446.564
286.398 388.317
104.316 77.042
2132.720 2393.027
2002.369 1563.200
166.844 76.887
1443.401 1560.269
2469.808 1358.065
1143.471 110.481
526.733 1300.526
2484.922 1486.484
2266.813 1519.784
705.309 727.248
829.922 1124.389
1981.104 242.037
2161.594 155.717
601.829 2246.643
164.967 2344.115
824.305 1370.096
1678.605 1674.380
2267.360 1906.231
1422.065 896.722
256.832 547.661
2084.967 785.796
2328.806 145.222
340.403 2017.312
2265.254 600.725
250.152 1623.446
2198.401 725.091
1008.843 1079.902
171.623 428.805
1489.448 688.365
2176.101 1781.347
191.564 1111.701
942.307 1777.899
983.048 927.562
2207.727 2208.388
1998.256 667.424
396.196 1827.915
2049.063 1628.492
935.533 1418.411
1366.952 1864.636
326.363 228.071
1313.354 1978.923
359.220 189.386
1391.820 1577.163
1058.764 1958.606
804.268 1829.380
415.012 63.329
1476.041 441.630
1787.360 1934.329
642.088 832.878
2415.318 67.010
2303.547 1603.693
1318.977 1652.312
1137.543 531.890
484.048 876.985
1213.672 1333.186
474.933 20.433
856.418 1567.937
703.319 2212.717
149.436 65.259
1116.116 366.746
303.358 846.486
2112.478 87.654
1115.104 2115.846
363.420 808.948
285.967 2008.463
331.147 1749.251
2349.626 2104.683
1692.890 1100.079
656.884 1500.001
848.891 1270.702
709.043 886.920
2138.695 1054.785
208.130 265.031
232.808 158.859
1742.184 235.976
43.549 1424.870
547.197 1483.224
404.113 2080.255
2185.452 470.774
407.896 160.212
1868.559 2151.919
168.286 1167.021
933.238 183.864
1115.731 2049.294
304.729 375.968
307.014 2413.718
174.319 1919.775
1726.395 478.775
691.179 917.096
1262.251 194.341
1958.255 565.800
836.804 924.506
168.333 1285.038
916.204 449.668
1121.052 1181.394
1753.120 1311.243
316.646 376.915
1112.164 1733.761
730.021 678.533
395.921 1764.648
815.859 1647.106
1188.980 1772.339
2079.964 1515.631
418.954 767.719
1508.397 1656.751
2438.746 1030.975
1442.347 757.969
1128.144 1620.706
2272.131 1112.943
1607.126 1382.788
1937.215 2214.744
30.061 753.658
1830.948 2011.862
779.824 1589.907
2000.375 2418.988
1728.776 1970.463
1446.335 913.486
1406.738 2062.824
275.763 846.361
2225.191 499.867
1466.836 106.421
2492.879 2047.455
2436.509 210.341
878.615 887.048
1655.746 367.533
1401.181 962.931
2331.004 222.331
2424.001 1377.356
2056.042 1326.731
53.915 31.029
718.768 1560.582
2129.841 1047.906
2498.599 1995.099
1598.883 1898.648
2392.837 2418.091
1385.257 1988.921
1889.407 117.991
1180.387 275.412
1536.256 431.927
2320.102 421.535
1150.389 1716.998
831.363 1099.811
1134.783 1935.241
627.305 1723.591
1062.960 586.960
1491.951 541.430
994.204 1941.280
1765.125 2498.697
1360.803 426.452
1459.410 1967.346
1239.259 18.381
1589.260 227.802
1813.561 1853.589
862.458 349.095
1232.090 1516.625
761.777 1909.231
2372.244 1467.147
2436.878 2141.669
2117.150 2305.178
1610.303 1739.817
128.986 1955.990
642.352 2253.495
2116.903 334.784
1821.298 398.254
495.536 833.185
263.179 377.970
1761.457 1632.947
850.296 1466.570
1085.398 1908.836
391.123 985.467
64.162 2488.850
2011.311 1805.594
2006.870 1527.890
30.328 1842.330
1582.902 495.350
1675.290 2472.010
1459.501 1813.102
1799.034 282.246
1119.228 1391.698
1679.490 2317.885
1830.242 2078.326
135.140 1329.003
2460.981 1811.950
448.310 444.698
220.170 1648.338
1093.701 1303.749
1243.817 1974.463
2017.029 936.774
2042.937 1037.497
1165.667 1894.293
598.378 2384.307
1263.906 1012.647
716.066 1382.875
219.759 512.036
1680.362 1109.348
638.694 1242.297
67.436 1621.431
929.775 1273.867
27.019 1763.544
1087.458 171.925
1882.613 1073.895
1937.293 2486.299
333.889 2327.631
2005.163 731.903
1945.393 714.551
68.040 302.092
2248.967 2184.637
870.841 113.232
374.367 871.188
2420.045 1220.459
1547.861 64.959
2021.851 2001.240
2164.301 2445.873
908.232 654.386
676.433 597.821
1943.328 685.940
2295.162 324.799
463.584 592.019
682.460 400.805
2454.179 2052.352
1758.374 1116.001
2467.984 564.992
1275.480 431.240
138.159 2377.476
1086.953 329.575
2171.886 2417.099
1611.448 169.200
1618.468 1251.078
812.159 1112.235
725.612 863.675
2314.990 719.810
344.710 1798.307
395.425 1553.965
683.878 471.277
2337.923 1989.766
1671.215 380.993
1474.299 1933.045
273.882 1805.424
2075.832 1802.089
1884.734 1218.686
997.371 64.673
1763.171 1549.307
779.546 2024.609
150.963 1041.004
1854.877 1033.379
2472.055 983.994
1746.936 1208.053
1300.139 729.605
868.528 1193.247
223.710 174.675
1847.977 2248.521
588.342 893.321
845.343 1578.412
2064.060 885.990
208.667 633.020
2392.636 2460.654
1064.010 728.761
2398.084 1732.085
957.002 860.645
1411.159 2059.457
633.654 147.002
61.015 87.319
2409.677 2461.675
639.116 946.478
943.464 668.077
1546.814 662.272
1048.881 1502.471
951.578 153.886
882.034 1334.658
1358.854 1524.744
1257.150 690.162
1911.879 2025.088
1696.103 85.442
39.520 129.836
525.455 2187.265
2205.528 2273.683
0.801 2447.631
2077.004 1414.680
1981.018 133.556
755.655 734.565
906.729 1224.306
944.486 2019.473
1342.410 2217.373
379.525 2304.840
1000.426 521.774
475.325 1029.608
2159.453 955.396
982.247 1720.382
212.257 2093.473
2097.758 1259.754
2403.230 2419.427
2091.564 990.297
2262.752 1024.324
2103.269 2215.933
2002.402 997.876
1791.627 1024.523
820.630 383.810
1577.712 2021.373
436.001 684.583
919.792 566.777
452.699 14.837
521.600 973.121
1122.355 811.162
847.341 722.411
1674.434 445.756
124.014 1821.586
895.432 333.950
1728.892 181.724
1469.336 1255.645
1899.402 2022.132
2479.670 1671.295
2474.128 2430.547
1412.637 1861.698
2218.661 1910.017
709.118 1705.059
1329.377 1626.823
2193.760 930.041
1709.332 1963.737
141.256 995.285
2434.983 109.873
48.751 1949.216
1931.429 2316.342
403.190 2193.992
1375.680 1010.941
2232.505 741.341
121.172 1757.021
65.904 703.127
2283.059 2257.197
1180.121 1070.143
210.733 565.877
507.448 1689.886
1980.315 1451.160
2369.727 2010.003
369.072 1485.587
63.284 14.499
2366.430 1711.402
223.021 1866.077
2375.252 1682.255
1722.848 652.178
1341.015 46.137
1842.027 818.546
2467.432 1631.892
470.632 2365.963
371.264 1459.894
457.156 2179.769
183.672 519.089
1665.803 181.520
859.671 1674.735
741.749 2441.721
1370.305 1516.849
1624.683 522.381
549.499 1052.768
1785.774 1634.510
90.689 2135.723
2014.878 1426.675
780.599 2051.614
646.821 883.571
2307.056 172.510
1771.991 119.083
1276.688 944.667
1034.087 1771.252
2331.613 1370.768
740.300 1284.741
1327.241 957.597
1190.025 1328.289
754.186 1546.133
1077.946 194.458
951.652 1399.094
839.201 758.632
1878.928 1496.182
1964.540 2247.980
873.056 2480.986
36.821 1414.471
1405.183 79.006
1745.222 543.539
1737.442 142.041
1495.230 2046.140
2029.862 2458.351
124.740 2023.814
2390.933 1216.793
2090.243 1066.104
1411.426 1215.269
1695.309 311.667
1518.396 868.853
823.993 1095.497
2447.366 2263.818
938.063 692.272
1276.344 2038.572
1531.933 659.499
802.313 638.189
2086.153 366.404
1595.632 794.102
2032.772 127.725
26.192 1442.738
806.734 1407.558
923.277 1460.086
1912.552 2178.943
684.164 644.805
2330.834 1893.778
326.961 1551.897
1160.381 921.308
1560.715 1731.034
1551.974 120.308
1457.348 2487.749
123.719 1482.140
2062.010 1716.056
1478.689 2446.343
1388.002 1682.806
1467.084 910.138
530.584 1640.862
2213.298 1748.044
489.232 712.560
1262.910 2157.211
2237.393 2169.316
2210.761 1076.409
2291.183 305.296
1063.467 766.611
444.906 1808.643
2046.079 1522.163
423.188 2172.299
898.998 1381.671
1466.982 764.396
335.746 2244.049
1201.924 1850.124
101.295 146.063
899.949 2259.269
743.227 612.899
406.724 899.262
936.952 2169.829
773.336 2303.481
1280.747 1083.995
1105.892 1805.744
394.286 1742.347
1594.592 1391.020
960.998 1857.221
1087.204 1607.796
1551.617 1009.670
975.884 1132.114
205.483 356.975
692.832 296.497
1340.914 2097.463
383.119 84.817
1762.143 770.967
1103.783 1797.945
2301.111 2099.177
1881.185 571.717
1933.750 1860.305
1060.869 1850.223
1454.595 923.553
1343.388 1836.477
440.527 1436.954
73.101 1977.407
118.146 1523.090
192.327 1574.146
2143.548 241.519
100.731 1985.674
750.133 1021.382
1296.440 1414.972
853.396 58.280
2244.637 1776.117
2021.326 902.350
239.534 586.782
586.358 2131.659
470.068 502.068
1516.260 292.383
1018.846 1485.363
2430.753 953.818
2138.480 712.754
1610.680 1939.300
2101.822 454.682
479.328 1400.812
751.825 1895.439
1377.127 1235.381
2308.615 426.590
1427.846 540.520
417.508 2116.073
1054.401 1263.932
2039.524 1614.624
1968.748 1137.313
923.714 139.711
2285.065 210.417
1556.947 1574.052
1589.096 449.198
690.030 248.137
2333.746 2272.872
2165.450 1704.162
2187.740 1734.914
1729.361 2462.722
570.773 2015.666
1821.024 82.356
1490.656 540.653
1400.453 2286.322
507.835 1801.979
510.012 644.830
303.188 930.661
760.795 1481.257
1054.931 2119.627
1616.611 710.772
1490.588 282.223
513.272 2300.393
2487.985 2074.016
56.868 2299.040
1488.590 535.392
488.517 455.119
984.075 633.872
1737.163 1746.281
1535.534 259.942
705.247 1670.508
430.476 2381.947
1079.665 1968.090
1501.055 1917.060
1738.205 597.080
86.408 1513.233
1027.232 607.019
390.651 1970.473
1332.636 2009.396
2140.144 395.570
587.214 1903.477
1365.183 1336.611
1549.956 601.207
2201.804 2487.662
1326.325 2357.910
2186.317 102.179
2242.041 441.225
2173.233 964.214
2149.456 1591.191
304.963 107.615
1678.015 946.976
2301.533 405.176
1922.156 2395.058
2028.884 810.396
163.197 2237.887
1191.441 606.642
2203.484 1724.977
2381.870 1650.619
178.014 1922.260
218.495 582.804
335.973 1886.875
1474.492 519.418
1097.594 488.945
1315.119 681.684
1162.536 2261.768
1244.090 213.392
2014.485 1458.124
2007.599 790.056
276.449 1323.763
342.564 896.289
1577.724 528.870
1091.359 1201.233
2089.913 1753.145
920.814 225.056
1877.934 1828.907
432.599 296.368
1481.863 194.705
397.057 1326.127
267.322 1904.964
34.748 1366.419
1564.063 997.170
853.845 1290.199
921.818 163.772
1831.364 1837.251
910.782 721.359
1542.612 372.743
1360.325 1790.143
188.858 581.274
1900.508 417.347
675.012 2488.368
86.953 1752.146
573.866 781.437
9.391 2335.299
1116.046 1471.287
220.934 2261.971
980.353 1760.702
104.818 32.991
2335.854 202.480
1440.770 2371.646
2213.361 1227.900
2280.825 1102.780
396.775 2350.506
2368.250 337.128
1375.617 926.929
2462.418 799.834
641.658 476.672
1090.739 144.275
2032.324 2399.646
351.312 1190.178
1477.954 1920.707
887.057 2081.683
1734.649 1230.039
1417.891 1029.686
1714.971 52.321
809.157 1518.548
1513.379 216.765
934.896 213.111
2427.911 1387.937
1191.369 1227.038
1963.861 890.687
431.462 1527.437
2215.212 1750.045
1921.979 1704.331
2330.655 1056.522
391.873 2155.768
2157.594 1042.820
1920.384 251.724
781.328 606.987
1998.297 1507.839
554.415 2149.684
2370.272 2334.369
1942.405 2106.282
815.928 1149.184
2447.812 2311.337
207.790 863.890
465.438 1000.923
134.601 147.531
593.468 2313.659
1114.997 51.276
405.424 2323.819
849.151 2028.328
287.659 877.916
1898.092 2045.989
199.544 1901.629
452.755 1915.000
1468.190 2078.972
1478.084 1008.455
1259.086 2469.485
1102.881 42.987
518.603 204.179
1515.993 1581.396
534.917 1576.452
2469.508 690.272
43.360 351.346
2006.578 972.714
1094.617 349.621
557.138 433.467
35.958 1690.292
286.445 1620.222
1196.912 2044.248
254.676 728.165
1412.497 2097.217
2443.318 1427.572
652.500 871.161
410.672 530.930
2118.486 1794.166
1042.546 1221.832
174.709 1188.261
1277.385 1752.280
1643.336 1612.522
2216.513 517.919
1278.484 613.136
692.228 2362.407
921.016 2024.364
1628.120 1931.544
28.514 2402.667
707.252 484.871
4.425 2421.915
1548.499 1714.719
1678.032 1444.465
129.291 244.977
644.654 1390.038
1737.451 1305.751
2248.021 558.655
1130.035 2231.380
2083.409 665.439
313.063 222.101
1792.676 807.719
2225.422 85.366
1982.893 1343.937
1438.960 1438.216
1612.581 462.968
1284.135 548.972
1306.165 2418.055
2121.507 2020.451
617.716 673.289
1522.697 674.483
1210.302 2272.716
1782.607 1064.234
1476.775 2407.145
1041.474 2200.411
555.815 36.692
82.625 30.064
2198.736 2100.749
1805.988 659.845
111.353 859.274
1054.711 1684.037
2468.671 2239.769
37.381 1551.884
273.891 699.465
581.130 1517.246
1483.680 70.318
1760.642 1953.289
569.635 1943.487
943.335 244.876
770.509 1165.086
2024.172 1181.550
1578.889 1581.989
1771.887 1717.179
704.584 2485.534
574.503 2435.319
2204.624 1411.231
137.845 1457.416
2089.532 1374.000
1312.607 1072.203
820.370 1824.299
613.710 1464.027
776.188 1504.136
397.497 2471.921
1684.517 1036.341
581.300 446.269
1447.321 555.943
1584.559 810.333
185.996 1562.213
790.053 684.314
1365.632 1097.503
316.315 140.223
1242.030 429.767
601.078 778.772
418.004 1980.125
2229.158 1193.086
377.029 1270.795
1812.097 729.172
243.193 963.684
614.223 1791.727
1864.130 540.333
630.630 1257.585
1867.687 1796.733
578.776 2412.512
27.210 326.009
2408.834 575.498
1562.745 2123.774
2176.824 262.380
2035.748 1430.878
1654.393 1389.894
1564.371 1380.018
670.314 1208.957
1497.598 1360.387
2020.545 2344.232
2288.118 2446.644
308.227 45.353
1646.760 1107.525
193.597 1973.114
772.161 847.574
777.844 1739.351
1904.564 1991.106
891.231 221.991
2479.937 143.613
1356.566 2493.530
806.822 1567.635
1852.902 1658.826
2346.378 396.194
1658.109 2.997
1850.872 1302.989
1653.351 522.895
1559.666 1465.661
176.722 672.479
1504.645 2497.259
1999.692 1654.209
995.927 144.082
2461.346 1014.912
2392.655 1558.641
1548.403 1170.410
441.711 1817.441
1501.930 2079.950
1415.551 472.962
2057.235 1655.047
2244.385 2020.222
481.222 2012.548
2129.558 2291.626
1725.979 47.118
32.011 1875.007
1126.978 1414.470
2151.514 2394.263
245.098 19.073
518.365 2437.804
2343.490 78.715
1730.827 1945.086
525.867 998.941
2497.561 849.338
1353.267 115.965
721.357 2153.517
1754.232 1069.187
1617.108 2053.496
184.133 1491.449
1208.176 1503.654
1936.414 701.812
2117.579 1164.832
485.873 2355.713
2485.435 412.603
1398.746 2132.921
1118.071 1473.675
2142.516 129.154
441.714 528.323
2444.985 1549.736
2039.678 105.697
602.742 2356.829
2205.623 1735.418
386.128 1313.162
1737.183 1968.757
1026.786 2426.924
2348.287 916.940
2392.773 2114.373
1491.728 570.997
1146.821 882.322
2002.484 2480.955
1608.962 1704.734
586.321 1028.716
62.122 396.060
917.339 1898.828
1355.237 1327.294
297.089 1418.044
321.170 889.396
1167.112 1599.850
1704.763 9.442
744.984 953.204
2385.985 1304.506
969.708 1079.495
876.418 2419.562
1226.438 1131.212
1340.764 2478.313
2038.723 212.394
484.500 2226.365
1517.222 494.479
2238.259 2082.505
1419.491 1265.639
490.704 2125.276
842.603 1638.202
2149.239 2107.901
1801.618 1685.287
1795.448 2495.764
1374.103 2007.158
1926.968 1456.568
406.135 2343.449
146.409 829.043
1000.799 1023.654
456.988 289.442
699.769 1083.201
55.508 1136.460
1944.309 985.854
448.638 2279.134
1747.779 418.564
489.715 248.005
363.552 317.308
2227.262 322.121
1696.928 1686.927
1823.448 1856.185
1220.732 2465.357
873.254 1617.041
2217.339 1764.413
262.418 2284.775
1847.632 1502.423
1820.364 849.581
1929.920 37.844
475.206 1758.328
839.562 965.817
2215.421 1978.103
349.631 277.311
1927.622 789.476
1773.925 447.794
245.041 498.048
2433.448 863.629
2155.042 132.767
403.439 1340.664
1609.519 718.748
2295.569 580.110
134.191 1540.928
2127.223 1476.744
1452.633 1552.039
1916.329 2013.735
1771.664 1565.032
1191.041 1079.290
892.018 1654.586
836.943 880.691
1972.594 2380.727
1940.891 1321.782
1568.533 83.629
1477.201 1186.291
1725.329 1313.383
1069.457 1011.774
552.547 1846.668
814.429 425.526
327.117 53.188
649.035 2023.334
129.583 1818.332
1726.813 611.005
1799.110 718.629
642.715 232.015
3.441 2407.672
1242.222 744.238
2080.562 2036.919
1560.842 1111.326
371.744 1002.659
692.844 381.325
2134.863 1943.030
1877.703 417.348
1879.904 1204.616
1208.700 2148.476
75.749 2204.837
32.435 231.688
37.527 1938.705
1768.982 114.616
825.304 1461.004
2455.970 1941.930
139.420 2174.250
1852.893 992.576
1188.119 2230.496
2308.714 2247.377
487.996 619.162
2072.553 2313.562
1732.633 2058.259
650.188 2281.747
1981.325 1152.988
1396.966 1063.506
1743.687 595.205
2223.919 2246.207
1709.476 2392.931
1297.325 2247.529
670.237 2107.822
666.990 695.277
1843.372 314.145
429.948 1469.710
1289.168 1997.010
558.627 1007.994
2050.085 1574.227
1002.722 1136.970
2306.456 1338.642
1577.585 1236.935
2056.048 2119.447
894.715 1259.447
829.045 1579.987
2326.025 825.670
631.038 1719.001
62.559 967.517
1537.173 1926.369
2052.245 2399.159
2326.365 623.990
366.057 995.518
1915.961 2263.457
232.226 2353.862
348.878 60.836
2377.997 851.086
360.687 496.700
1312.963 1463.590
618.102 536.886
332.521 1163.401
1969.398 1991.248
821.268 673.319
2208.385 2358.989
839.727 1929.164
854.680 2155.484
2189.670 2329.425
1620.125 244.373
1330.265 1811.867
1159.444 485.712
765.725 1753.104
1663.233 58.075
1038.866 1963.170
524.459 322.153
1075.174 196.149
86.027 1205.390
441.656 1998.987
2104.125 1615.699
1117.608 2472.396
144.078 1085.685
1310.960 1068.283
1549.079 1110.755
649.720 1773.311
778.880 1741.224
429.073 1097.058
1982.995 1927.985
739.802 200.464
829.978 2188.941
825.353 1128.688
2197.457 680.459
310.625 716.726
837.405 811.895
408.130 1118.980
116.044 1822.819
2467.917 1851.764
617.101 1589.813
1112.471 494.644
1964.989 1144.020
591.368 1515.792
2098.992 1654.427
1224.089 2345.585
842.668 2485.695
2325.774 1495.851
1323.811 2219.871
1034.513 810.707
983.476 1837.193
514.736 1867.702
1848.342 265.931
1939.476 1395.336
1815.987 1.698
1816.337 556.036
1700.276 2000.122
606.966 543.681
1289.035 855.548
2034.958 1095.060
1174.782 981.303
1869.216 805.162
1055.599 2230.272
1170.414 278.978
1731.143 1300.694
867.584 1624.857
2124.338 2368.258
516.815 1421.747
455.162 2355.994
2151.488 925.243
2134.804 2110.749
1115.464 671.162
1701.827 2339.819
241.999 2294.727
1755.111 2422.510
88.659 2125.047
485.368 270.914
1403.783 949.360
1245.828 418.299
99.479 1820.036
512.231 855.681
1789.635 1834.720
339.754 1819.960
1187.846 1562.877
1307.196 47.808
1087.416 303.822
74.237 1089.845
227.158 63.028
2266.938 1269.428
1659.407 470.269
88.475 350.815
94.576 2061.104
421.606 1009.345
646.075 1042.585
2474.698 2042.453
1925.945 2069.619
1519.194 759.999
2270.746 793.737
1601.669 2101.869
1795.086 1017.165
1944.260 146.019
94.038 175.342
414.362 629.481
2491.709 1174.951
621.523 1606.339
999.660 1099.333
1641.851 1905.125
1407.930 637.429
1941.580 1820.646
819.026 2429.656
406.031 1669.611
1480.192 1202.970
2149.688 976.198
2057.500 2148.939
899.085 1773.325
2401.864 1269.268
157.153 383.821
1835.458 3.407
2203.549 2045.317
2274.408 250.618
1315.527 2163.315
851.071 1499.918
1007.893 2421.069
761.833 1592.892
127.820 2420.201
2048.493 739.102
1349.045 1996.577
1099.992 975.542
1345.736 689.200
2253.450 2045.906
950.032 2193.796
1015.230 1658.369
1371.537 1914.000
2084.251 331.161
230.793 1954.901
1282.886 1707.501
339.305 110.635
281.662 415.466
139.903 1504.390
271.958 910.306
74.891 759.482
1360.552 198.745
1868.342 746.020
1546.004 622.292
2336.885 2065.742
1151.360 3.115
1258.269 1940.814
1488.590 1589.754
1331.938 1478.990
1793.346 1618.747
2241.141 1471.773
2087.184 450.544
769.666 1562.636
2479.140 389.836
1535.515 2094.569
646.976 156.846
248.085 493.383
305.793 643.477
213.316 569.842
46.415 2118.187
1618.726 2214.063
2242.888 193.328
439.660 1668.376
1088.863 1063.154
305.585 626.965
1898.761 2255.668
1481.790 2390.316
2256.639 1705.381
2106.698 2376.964
2247.198 803.179
1875.183 896.725
257.428 1985.676
1849.551 1729.766
584.384 932.815
45.858 1395.406
1749.497 96.602
959.503 473.733
1304.779 1024.192
190.466 2485.787
562.210 1448.594
2492.686 501.758
957.828 587.239
2373.753 2329.586
822.568 787.430
1111.824 283.010
1919.366 517.272
2457.569 2320.081
1141.913 1588.333
2232.563 853.037
1761.057 1984.077
1314.422 1920.103
1853.801 1047.978
418.895 1952.235
1417.203 503.484
2423.282 24.341
1919.639 1362.313
2254.071 1182.616
2138.061 2232.277
589.933 811.123
416.745 87.384
2376.688 824.675
1010.313 1031.737
2055.007 816.737
365.800 398.337
1181.213 771.288
1125.536 565.060
2242.680 1501.495
354.204 2347.065
364.173 309.463
2024.945 451.225
577.147 358.230
622.405 698.574
1863.311 1819.961
2269.919 2453.845
1095.985 2200.517
710.305 1728.606
1716.331 1337.277
422.619 2321.842
214.371 2033.325
1684.605 378.494
1740.554 1248.521
97.656 2392.500
585.252 1262.755
2017.569 841.865
600.930 1904.382
285.511 144.477
1814.721 1944.856
1951.645 372.327
2245.620 626.951
1780.085 814.871
821.123 921.639
706.617 434.559
2318.342 25.980
324.657 1028.335
1266.644 870.844
1474.792 2179.572
2015.658 1846.225
2089.209 781.637
647.277 2077.948
1431.325 789.589
2115.301 1261.647
102.956 748.615
100.242 857.790
2187.967 1815.690
2069.278 1291.702
598.450 815.732
1958.444 458.025
1166.586 624.571
220.686 2387.740
28.183 2392.725
387.872 2438.775
2373.251 1842.623
1972.639 2014.388
324.789 1412.431
2389.872 57.031
1888.224 426.344
1647.026 2436.388
1465.984 1041.660
1547.477 1511.391
140.444 1964.298
1011.111 1564.454
229.084 2345.295
795.561 786.939
971.409 2495.015
1555.551 752.703
2185.504 2456.741
165.810 534.559
584.857 1648.476
1996.512 1762.878
2119.075 1878.981
1202.148 1544.149
1440.377 1100.070
894.605 389.843
964.994 2068.510
1348.752 1623.634
679.559 2216.363
973.727 270.897
719.431 121.521
1258.208 1547.291
853.621 1346.733
1659.451 2481.737
723.665 1172.657
277.429 1453.390
1258.171 1283.954
420.315 2305.667
1467.304 1235.793
2479.655 2208.413
1237.132 763.646
384.329 1273.148
1465.659 768.354
2125.549 1285.491
1482.972 2195.896
1406.960 1324.518
535.478 2394.798
830.120 988.945
1213.994 427.968
2028.156 2133.462
1985.139 340.646
483.090 886.114
1130.216 1307.467
1366.930 435.293
527.145 160.148
2203.453 1100.001
229.919 1073.528
118.807 1633.104
1645.096 2370.918
913.173 1761.628
1112.578 1317.923
1438.724 2381.245
844.671 506.944
784.702 2485.623
671.600 1937.633
698.754 1416.502
911.203 1247.457
218.410 631.076
1410.173 1307.740
2025.190 2270.095
1975.700 1899.259
2364.833 642.899
1413.033 1534.022
2354.917 542.922
1921.631 1151.329
433.020 850.597
1428.259 2173.028
299.289 2043.042
799.936 1879.358
422.570 2040.992
1261.022 1493.663
1465.567 1560.873
346.362 1297.822
2387.434 647.146
1037.112 1667.510
229.677 512.552
1684.100 1775.558
2342.776 2377.431
1546.653 567.990
2447.770 464.803
1137.144 1488.532
665.944 1714.126
113.896 2319.708
663.887 1639.956
980.170 2152.947
2041.655 998.582
496.359 303.946
2396.672 1187.048
876.131 2163.898
1181.117 422.403
226.964 98.047
397.674 146.234
2195.136 2487.349
440.331 1765.412
1518.231 1405.234
1106.731 221.716
580.930 659.231
1256.902 92.007
768.970 1231.371
1904.195 2138.644
1192.023 1975.698
1070.654 1165.229
530.960 646.394
149.743 2065.575
510.809 1817.967
1875.307 50.667
1745.485 59.305
1105.049 1479.643
1537.808 436.582
1584.712 1778.736
1256.267 1081.071
544.806 2066.755
2069.178 1719.769
307.000 407.958
2445.768 2344.452
553.632 381.953
2256.509 970.227
1704.294 908.938
1007.079 870.603
132.052 937.513
2046.370 683.793
1527.030 935.791
2399.854 309.206
497.523 2481.633
2495.531 1954.019
2404.107 895.702
947.163 227.994
1510.775 246.081
951.281 88.259
9.272 868.023
431.453 1763.887
47.256 1069.937
454.884 285.228
770.773 719.283
75.039 2304.320
834.623 2058.410
71.684 394.089
649.190 1025.419
2246.610 374.840
803.469 529.026
518.407 2487.058
1684.380 1319.153
489.690 1498.647
642.915 1878.979
1129.504 2274.312
1394.997 1704.683
2337.866 87.463
119.339 2220.387
139.476 1226.630
382.891 819.656
1344.585 1339.053
1372.481 748.576
2263.886 1647.060
1902.954 319.981
1202.584 497.973
2429.210 1838.402
641.819 1772.849
849.794 2002.939
775.675 582.641
397.691 2086.437
1647.389 478.948
816.662 2175.617
2383.908 1736.385
1043.838 548.209
76.512 560.567
913.209 112.108
984.121 1598.255
1125.180 2088.592
824.402 465.366
1438.510 746.079
1327.657 1885.608
1245.877 2108.110
1225.114 2408.674
516.172 935.578
1581.730 311.622
174.765 119.596
1092.876 2451.329
633.889 522.645
339.013 658.651
1953.769 2230.008
1830.158 2147.032
1304.008 2449.774
315.445 1563.865
2025.465 2360.080
98.490 108.977
1560.714 120.785
705.296 121.577
2447.272 397.671
295.122 2145.977
2320.310 1024.304
400.215 1678.439
2138.403 1302.804
949.786 715.804
1931.978 1089.735
2465.707 1231.412
2218.245 2144.042
2494.752 1141.441
689.104 477.694
2110.546 773.099
811.015 2207.979
1250.004 1155.479
685.385 245.091
1788.422 1174.625
110.408 2321.740
2051.277 1734.272
858.082 427.270
1611.811 308.860
601.701 2401.270
1620.503 2329.219
1458.075 2163.385
1365.944 560.797
1210.477 352.514
156.620 2004.416
1681.808 651.313
2288.831 1019.289
119.477 717.983
2334.721 1372.430
1009.078 1147.373
1953.860 1087.701
913.903 1327.961
390.847 1894.670
751.943 3.039
124.041 2475.956
1620.561 816.464
1142.744 1814.378
16.504 1506.910
1731.016 1753.439
2014.075 1382.049
1168.395 1621.211
488.943 1165.842
1444.772 1981.521
481.433 1190.959
1496.774 405.669
2074.741 1431.688
47.854 1724.495
154.933 1326.266
717.305 2109.620
2198.234 816.626
1892.669 764.585
1099.849 1836.610
81.954 2363.978
590.672 1986.589
248.439 1126.522
1645.686 48.858
1285.983 405.279
999.355 969.693
704.381 2222.173
1932.655 1055.487
956.000 1374.766
1996.207 564.203
1015.054 180.573
1406.355 490.072
2023.690 1856.211
1629.034 726.407
2461.427 2317.220
1855.440 2413.316
1316.862 1059.969
1592.629 2183.140
970.061 69.775
444.804 704.177
2101.035 627.883
853.634 527.074
144.379 123.861
390.321 1558.707
154.345 191.244
999.385 161.769
790.992 2464.896
267.070 1271.195
768.919 1298.258
725.947 770.412
1124.947 992.251
559.793 1484.442
225.571 1552.877
1000.613 519.799
1764.183 187.784
610.460 501.651
1482.131 774.754
1013.270 830.842
2095.250 1490.086
37.279 1538.413
1512.402 773.598
599.621 708.842
249.247 791.970
1222.590 1978.908
111.993 1373.822
1075.376 904.045
1801.632 2098.270
769.621 1642.820
1337.457 416.783
1871.839 2468.171
1121.235 1187.867
1699.289 793.262
1082.806 2316.728
2341.614 914.464
755.105 1182.621
1104.814 633.545
755.434 2310.601
2287.694 351.295
1342.501 504.288
1730.503 611.637
18.809 1983.788
855.731 2004.798
696.609 935.239
1064.896 850.828
2424.375 1568.471
771.125 319.910
463.738 1237.093
1827.079 447.031
1552.821 2102.489
283.948 204.415
944.873 1119.692
1096.089 2366.083
2039.206 1833.237
1855.949 1447.964
1035.455 1268.884
1785.588 1389.583
1455.929 667.772
741.265 114.600
1562.025 2443.120
858.511 863.804
2248.737 1950.448
746.277 648.134
1323.888 1868.907
1381.046 1219.767
2005.956 1540.229
1931.760 927.824
346.850 1959.316
1667.320 2110.678
2428.963 296.425
940.886 2055.196
31.444 1715.693
792.262 1456.510
647.834 1278.016
1182.609 572.176
1796.417 984.361
1887.647 1660.614
1410.755 1563.879
2196.464 1042.619
2056.258 1510.232
337.231 169.083
542.762 398.277
588.569 1394.227
639.375 1990.825
1577.885 577.602
292.450 503.143
1503.816 2422.527
1967.147 2087.670
719.546 2454.402
487.671 1845.073
228.771 1392.938
1953.194 140.007
805.155 1005.487
1621.975 665.464
1185.022 1322.355
947.056 948.507
1868.072 2244.965
617.180 257.885
921.393 1819.678
401.759 964.599
1048.683 920.098
220.522 902.492
597.373 713.326
742.271 159.929
1539.038 397.618
2023.678 1686.508
1033.245 1185.731
968.044 353.630
1119.027 1458.222
1445.086 355.327
500.184 1147.376
1215.964 981.007
214.240 171.316
1536.178 1251.436
93.082 1697.782
1465.293 594.549
1520.753 2244.957
599.741 192.995
505.577 2378.477
606.276 978.626
2323.697 1486.468
2383.723 452.284
1159.998 171.531
639.105 1458.349
1044.122 1808.595
2336.677 756.482
667.620 1104.343
1855.228 1431.308
558.633 2277.587
1476.407 530.556
1249.381 665.338
498.034 2028.918
1046.074 856.902
2181.506 819.500
777.041 973.379
730.099 572.086
1249.519 280.605
1572.512 1348.581
1124.377 768.879
2021.270 1666.796
619.810 116.173
1548.563 1290.369
2254.780 1532.871
1986.215 81.916
2396.435 1945.136
1816.025 1957.677
2070.802 2428.314
386.553 1613.194
1445.171 298.029
2377.277 1839.577
2342.810 584.951
2333.685 261.407
517.879 2207.494
1582.466 413.460
780.781 1660.063
2281.381 1858.596
864.391 816.220
2134.986 1755.721
353.193 1672.539
1802.947 1649.146
2321.275 1412.455
129.537 824.394
372.704 1930.054
2196.310 1595.289
321.129 2054.231
1261.690 12.745
664.237 1495.780
845.665 2495.389
704.568 2129.060
1067.479 2306.367
118.456 1026.436
1327.218 2479.393
1703.771 835.697
1225.756 1517.565
1406.131 2378.872
2379.304 1234.832
1281.963 748.251
1574.013 320.315
1393.185 400.450
1810.476 927.376
1144.739 2033.112
2404.039 379.145
1448.278 128.721
1879.738 313.399
2278.410 460.922
1855.785 254.550
183.235 2043.870
275.876 1386.171
673.226 339.606
1697.460 1617.308
1922.908 1502.720
2177.806 1442.814
2183.239 607.074
1811.042 2490.478
731.148 476.134
1329.753 1582.440
2440.767 359.310
1686.839 1911.994
608.711 381.981
2167.938 1334.089
2148.965 2168.641
2128.660 246.885
1755.591 1379.547
1599.776 2103.263
1304.505 603.303
1591.495 127.931
981.605 1852.145
923.293 1391.748
1504.090 797.248
836.990 1576.463
1169.431 148.651
1026.051 1436.423
1031.684 692.336
1202.315 1663.303
1775.189 1921.400
561.975 161.988
660.541 54.851
1094.773 656.308
1359.479 470.312
2173.438 835.067
1044.783 1540.718
131.511 852.222
790.266 161.690
2217.354 315.775
1381.375 2162.356
199.214 1956.649
179.107 1123.479
385.532 1968.368
1123.948 222.589
751.821 444.160
2208.999 198.875
1826.213 1139.291
1351.455 1649.661
459.126 2457.695
1298.155 520.306
1498.404 2344.854
2455.802 928.845
736.416 1713.723
1738.677 1734.258
2276.441 82.203
2207.530 2434.666
490.844 234.025
2102.949 199.148
1066.300 1399.555
1262.007 1083.835
2052.316 416.731
941.651 2012.107
2106.561 752.862
1455.723 1706.296
1514.609 652.260
1745.539 1558.134
1578.808 405.087
676.313 1976.537
274.545 1317.254
1521.704 2180.215
807.547 76.941
1739.067 678.390
554.588 2405.502
1342.810 2259.735
1094.582 1219.960
527.808 1637.428
579.071 1668.525
2171.994 388.500
374.931 1336.325
1358.423 1301.246
1008.842 1372.914
52.997 487.185
2394.378 530.172
1898.652 344.919
1479.963 856.323
707.368 2459.262
569.275 1294.590
773.583 141.187
2480.713 335.312
1833.892 634.827
1734.674 343.740
1878.835 2267.517
1405.582 253.488
739.630 955.443
302.993 812.468
1986.761 830.226
507.484 1858.561
76.063 576.806
2227.548 1256.800
63.447 779.819
1440.226 590.431
1419.562 2276.163
864.315 220.296
1406.284 1749.713
618.846 1908.968
1687.565 1541.491
2324.857 1156.767
889.842 2101.630
1200.442 1286.751
2423.514 1949.007
244.042 764.084
670.835 686.363
1255.710 2368.659
261.327 336.072
1370.215 1906.109
363.459 772.379
809.890 1583.581
2199.294 1573.383
1131.225 2436.717
2249.609 1763.997
475.224 1177.009
2458.627 2106.044
1835.739 305.962
458.604 804.974
2324.586 1051.715
480.179 1260.336
1854.325 2372.607
1457.281 1600.553
1312.837 977.119
2196.106 2318.944
771.338 1074.460
1717.101 849.382
2384.280 515.209
571.929 2425.966
1088.637 2123.723
774.904 682.442
496.198 2143.811
2406.564 692.733
1630.684 443.226
2108.840 2176.872
595.845 1032.820
348.957 233.703
531.625 1667.840
111.911 641.073
1061.492 2327.507
1505.218 251.190
2353.847 1041.197
7.412 1900.310
1607.334 95.648
277.997 2452.545
1417.414 517.049
2260.184 1906.418
2228.389 59.065
2254.375 2143.858
226.213 886.867
1590.282 1910.783
1290.388 1779.854
2403.779 1307.253
2248.399 506.908
1473.454 1615.223
1956.028 76.942
2430.012 330.599
1745.955 1269.817
314.762 487.635
1787.247 2318.034
442.782 428.837
2374.385 2142.255
1349.893 2422.392
1601.611 2218.911
53.008 653.863
847.083 2494.187
361.309 2266.591
313.516 2462.571
149.883 1796.578
2356.877 1563.950
2288.470 1818.918
2156.314 1673.200
800.936 236.492
921.676 187.304
1637.057 1273.644
2318.365 717.152
798.618 1558.895
611.934 594.347
2414.152 2295.599
108.750 1492.296
774.626 11.277
2178.765 234.826
1458.592 2036.902
1594.740 1741.827
1042.658 321.620
1241.216 2212.098
1671.968 409.928
197.884 431.445
1920.408 1040.690
970.239 1917.082
1306.022 1577.873
75.805 2322.493
1522.937 1967.019
2238.500 994.173
928.113 1590.867
1345.388 1509.560
754.346 638.586
1198.455 264.350
521.521 767.761
698.905 1525.735
2174.221 1067.009
2260.863 244.206
1162.685 1001.506
43.928 623.084
1173.132 1239.519
1753.305 2136.728
1909.019 1436.850
2045.918 1718.316
2069.675 943.870
1008.134 2271.064
2174.147 1283.013
555.469 2292.066
1714.901 730.532
1651.091 1416.603
2220.067 1683.998
2190.493 1558.504
2304.132 341.304
303.782 2012.338
974.332 115.634
2298.383 2342.962
2033.410 2399.308
640.012 857.618
221.736 1415.179
2404.226 1770.134
1446.170 2377.265
2018.208 1350.980
1542.678 1771.455
758.641 412.358
1465.492 1883.577
147.032 144.565
2374.240 1830.927
659.147 2016.215
2451.491 1616.589
2410.468 2430.617
1000.731 1821.994
620.510 1076.011
1837.196 254.860
1708.019 830.309
1126.057 125.624
2282.243 802.197
1256.715 2339.908
1028.657 2025.780
1751.578 1059.547
842.283 102.586
946.130 545.976
147.172 1244.693
1690.674 392.596
250.492 212.447
1715.643 1812.190
106.031 1844.580
1138.180 1993.023
1919.802 1765.763
1026.085 1784.363
366.850 2143.386
412.156 1795.391
76.064 1322.621
2021.834 1852.299
407.209 1544.771
491.755 2462.161
1934.372 48.384
1553.847 1825.645
2064.216 1526.307
585.380 755.732
1121.966 1883.416
1709.405 1071.644
1983.670 812.750
718.139 1052.636
1212.728 220.397
1813.529 263.343
648.112 1125.280
2378.533 2151.149
2208.566 1562.454
132.552 548.868
563.326 921.049
1059.648 1442.974
2315.654 1750.320
1172.626 2379.813
223.840 1264.077
1880.084 1448.929
987.334 1980.687
1376.608 601.021
869.756 135.961
1709.714 1360.062
151.466 1435.174
1211.053 1042.359
2067.655 136.574
1310.993 1628.122
961.197 1039.052
1069.949 924.351
932.453 294.295
1283.485 172.881
1738.875 1979.088
1243.390 2207.915
1239.922 374.717
621.605 2048.519
2312.772 852.818
1533.508 1675.599
777.772 242.658
1699.100 1839.240
2271.979 1600.422
936.711 2410.008
1760.562 2301.048
56.685 210.271
2032.572 1759.541
2438.049 920.370
925.273 38.552
1162.186 863.284
1358.566 2354.436
41.962 1925.870
1591.445 626.938
2068.012 1525.490
1131.996 23.590
1963.608 935.273
580.250 1402.259
685.392 948.686
1733.345 1802.556
1712.384 1798.962
1741.594 2396.718
1220.171 2011.437
2213.943 1455.804
2175.035 923.713
1133.679 2450.370
655.815 319.200
1714.396 86.197
1807.339 983.372
38.875 683.726
322.135 202.855
1453.707 1345.491
2488.469 431.179
2332.844 2192.310
1490.619 1284.827
1508.587 2357.774
2130.484 1776.741
1995.239 2105.183
794.600 709.905
232.205 536.039
770.494 1019.093
1725.629 1078.802
698.578 1355.469
473.522 2355.006
1805.674 809.549
406.910 1104.746
1931.165 986.095
2167.972 1704.294
1402.307 336.837
1679.801 787.378
42.291 2117.066
1681.584 1525.323
779.783 1368.089
672.440 791.148
2134.351 199.559
1582.134 944.461
1891.669 1382.302
2087.265 1250.118
758.756 1961.535
986.135 477.408
765.690 2362.687
1413.455 815.046
2293.704 1307.134
2077.564 1321.399
1516.481 2062.335
1127.685 840.070
1546.459 985.567
250.614 2453.738
688.209 1027.238
1739.396 2115.286
618.606 781.955
2089.747 1123.717
909.059 1823.768
2467.568 1692.551
1464.552 1126.778
174.957 2086.993
2468.178 218.638
1874.319 2311.274
2456.845 361.602
132.683 1393.471
2341.293 1774.407
2307.319 59.612
2185.999 983.870
1572.951 1548.367
2012.246 1037.261
1540.795 2164.791
2333.078 2271.592
633.451 1396.910
195.872 333.121
1594.652 2307.249
1916.068 2486.934
1987.430 1756.906
1109.764 1869.644
1613.653 682.386
2163.322 559.005
125.044 1729.552
585.579 1050.845
1132.139 1687.033
220.278 1756.299
301.255 965.006
1202.895 804.456
1022.148 1122.292
2255.947 2468.130
2076.664 1152.257
1872.736 2175.664
832.213 1952.220
854.947 2052.073
81.655 1714.010
482.034 1013.126
2223.097 1657.653
703.319 297.755
648.131 1494.320
117.921 115.107
210.303 1779.405
1683.998 2138.789
1756.032 129.280
1251.152 1107.957
718.735 917.668
176.722 609.049
1675.150 1078.020
2389.644 639.990
257.581 941.621
1590.916 2079.879
23.370 240.991
525.004 925.089
1906.728 353.946
919.222 1601.842
14.315 2121.012
970.744 360.368
1412.011 1974.283
241.425 2301.318
1510.712 341.373
2490.028 1158.150
467.044 111.767
814.200 213.685
281.818 370.976
1769.627 1035.697
137.882 1019.057
1374.907 1702.402
362.364 2446.911
173.329 1967.415
1674.270 2416.431
2427.021 1919.130
1643.434 628.520
1448.082 1268.213
2096.262 425.344
664.270 1713.491
1235.922 354.366
1629.153 320.572
389.679 1539.861
1839.106 699.960
53.704 1758.765
1186.975 855.995
977.904 1226.270
2045.144 1386.767
2076.668 588.758
969.886 1428.919
1415.207 850.738
1199.745 934.294
2264.679 1505.927
42.950 281.690
51.892 1382.171
295.452 2390.268
1610.211 1208.701
189.843 1433.228
1773.990 1504.949
1786.830 155.551
1833.145 1140.647
2188.688 677.490
2463.984 105.839
149.652 1472.065
122.713 1166.893
1368.336 652.863
2090.617 785.105
2127.916 1123.107
1943.224 565.349
670.860 688.438
2147.947 769.016
384.575 923.102
607.961 1013.377
2367.819 2364.085
2028.818 1615.193
1803.274 1641.014
2234.593 937.863
2264.469 659.715
1404.203 795.698
709.718 157.765
501.238 1138.355
1301.764 438.164
360.949 2460.181
2254.786 1504.523
2259.194 2325.408
891.800 1502.393
493.794 467.996
1293.173 1579.055
1095.987 1801.120
889.389 440.975
1998.791 1731.691
32.955 2233.849
1817.699 1832.898
479.854 1898.250
1945.860 87.826
1998.923 1154.325
176.602 2265.098
1483.014 952.014
957.021 2290.071
1501.335 961.792
946.636 257.663
1954.391 344.088
289.921 2126.477
1322.124 1774.612
180.661 1481.020
2289.053 1142.831
856.144 727.644
215.444 406.350
150.698 242.191
1099.435 2136.551
240.855 1395.812
1568.989 2019.403
55.526 286.421
784.530 1490.990
526.785 1272.604
2279.392 1589.717
2481.571 900.448
736.629 817.223
961.450 539.689
533.645 1168.818
330.029 1966.749
1020.743 1191.300
96.052 81.811
1832.793 1827.241
1744.577 776.082
2478.308 1309.361
739.532 458.444
1218.603 2098.788
282.364 2062.265
49.224 2320.556
381.086 817.603
1374.090 1760.137
1043.295 1483.840
2284.491 182.654
222.797 1173.818
2042.158 1902.788
2015.683 1281.251
2469.351 199.213
1761.866 1304.781
1814.638 471.577
727.574 2086.961
1596.384 26.887
411.318 1422.246
2437.192 1951.547
1447.909 765.009
2222.429 1440.369
37.597 2374.897
1872.437 2297.402
814.640 1242.602
299.393 463.272
606.697 687.360
555.422 2025.558
1087.368 828.149
2235.241 1058.626
1869.621 283.861
1990.455 794.785
1742.739 984.143
2351.482 2309.926
1297.366 1611.935
793.611 32.953
753.086 551.714
711.870 1052.272
70.398 1028.684
1175.155 416.047
372.898 2374.865
326.158 1696.838
1285.544 290.119
2053.879 451.150
893.349 1958.617
572.577 1277.000
2048.143 895.088
1456.465 1784.359
1921.284 1113.129
1245.811 1293.557
1805.332 608.458
616.476 843.889
2244.591 1808.637
2212.292 1093.190
431.899 1005.105
109.265 735.175
1158.219 141.490
1429.629 2416.485
788.079 1559.718
805.759 216.794
2446.811 647.231
1188.226 1856.793
1813.653 387.450
2266.675 33.230
1276.757 1142.558
432.334 330.431
1597.165 1606.825
712.305 638.954
1974.184 2150.392
1751.048 545.904
8.209 742.612
1544.140 1608.561
1787.672 2434.866
1240.775 526.758
1010.064 1927.059
1483.287 2132.914
2395.374 2051.784
1331.343 428.620
137.029 1024.686
1541.050 1714.634
750.195 1220.815
768.026 2029.721
1620.326 2171.653
1227.158 535.063
2151.445 2308.163
1991.582 2228.297
50.229 1942.044
2489.006 2327.005
382.155 119.294
1833.713 491.687
1521.336 608.217
1543.680 611.977
1498.125 522.798
2352.465 2382.711
2381.206 505.589
1332.737 1198.290
606.875 715.658
1803.539 1969.566
1020.776 608.914
1042.936 1497.376
1481.823 782.193
997.291 1098.451
1584.774 2248.603
1184.075 1032.567
503.973 925.043
1622.733 2336.410
2247.435 2222.811
379.910 1074.653
423.663 2112.969
2366.991 575.205
46.466 1843.324
287.254 863.662
2361.945 940.555
1415.452 179.350
576.092 758.882
1825.441 1401.445
1312.608 241.924
2139.608 2443.415
2491.637 568.614
1111.993 2002.540
1918.257 816.666
615.479 291.616
16.656 1592.832
2284.932 353.764
123.898 1343.338
950.148 348.089
1793.872 341.430
1144.038 2341.590
165.187 2363.386
2473.947 379.347
301.981 1514.704
1811.874 197.560
2067.315 627.802
555.370 2464.058
1602.501 1930.880
2306.143 2137.564
587.232 2127.345
2456.148 1436.897
1168.833 127.571
1049.153 1282.580
688.889 963.259
2120.579 366.556
2277.885 310.016
1494.953 2438.075
2081.291 1896.495
1892.442 1139.894
455.404 1751.948
809.996 1420.086
154.893 2480.976
1755.789 80.804
1450.227 842.720
387.717 725.835
894.312 2178.485
1857.261 1921.173
203.453 2148.825
297.770 2278.514
284.306 379.942
571.378 1338.102
887.765 2152.584
2247.238 2015.856
1701.139 2277.570
1724.210 1636.246
1127.843 1640.904
648.919 205.341
2126.320 1830.033
2383.116 1172.690
2144.815 2289.824
1517.212 300.140
2200.625 369.715
919.382 2293.452
228.699 473.868
1598.375 1530.847
260.550 455.963
2387.400 1050.606
567.311 281.666
25.846 2253.696
2158.917 2124.479
1209.094 2111.517
2260.061 659.249
1901.846 1256.473
664.273 486.662
1651.676 580.637
619.692 1960.693
1380.654 1906.983
1982.805 295.974
1987.579 2283.234
461.521 757.775
1015.250 397.593
167.281 1286.558
2040.258 967.101
1761.709 694.220
2272.333 1106.353
5.423 1032.839
1693.041 170.494
1374.452 1722.861
34.747 995.666
604.554 2160.805
2251.716 1291.101
2277.221 1676.133
406.875 1702.854
1054.437 900.666
20.196 201.987
633.742 934.733
2089.577 1560.984
1076.885 1262.074
2105.349 374.455
89.233 1826.321
1230.608 2030.142
2455.282 2185.383
577.618 2004.743
1092.333 1038.767
1251.876 2447.136
919.269 841.955
380.530 2082.634
806.161 1052.066
333.665 1206.206
991.696 1023.667
1608.361 506.937
2456.783 432.470
1705.796 2002.021
14.417 1409.343
1313.882 2462.587
1989.650 1539.834
647.477 1273.670
870.183 2069.169
314.446 2438.423
1675.018 1551.756
1686.347 1016.637
92.505 1561.532
1270.830 629.126
561.343 1974.096
1795.780 485.180
1929.547 1596.871
1071.829 1312.270
236.839 1083.132
279.559 1954.763
804.499 1016.572
1770.906 2032.386
1975.307 1903.492
816.323 1667.265
1204.743 151.855
1859.523 1211.847
72.347 1955.435
139.688 2452.932
849.037 2387.914
102.164 1295.526
709.471 827.477
593.963 182.923
829.657 35.997
850.412 2441.290
229.813 268.534
1754.334 948.856
1824.814 681.656
1083.147 639.053
1251.484 2231.842
683.175 2381.554
791.861 995.319
1420.547 152.510
919.286 1658.958
1552.902 1410.854
2005.632 2260.373
1974.721 139.120
179.110 1886.565
402.961 1249.341
1544.005 1765.599
2059.938 535.173
1285.168 673.369
838.571 518.124
62.303 1231.371
199.352 614.162
194.071 2001.646
2387.089 768.542
292.336 2375.451
2467.518 2269.257
316.355 2435.369
109.087 2028.018
1191.607 629.973
1175.035 1328.723
978.544 1883.037
419.134 648.299
1045.971 2124.830
2201.397 1040.440
2212.328 1921.529
2303.014 267.752
6.598 1322.139
2026.948 284.700
22.460 2153.219
2393.514 1698.105
1783.498 2125.173
1495.188 1718.458
620.581 2239.163
94.379 1783.698
1537.274 72.048
589.415 573.668
1003.206 1919.439
1019.087 1152.908
574.215 2463.865
1427.162 1369.534
1276.325 520.017
1329.733 1333.665
612.176 1319.675
2463.415 1674.389
739.159 1812.780
830.040 1248.664
2029.228 21.521
2289.154 2449.997
776.542 1217.027
1883.975 882.935
1319.805 1687.827
1810.485 408.684
2493.941 2347.850
221.939 941.760
1235.652 2346.531
1664.488 96.598
2205.742 2044.825
1182.437 59.538
1816.373 1690.196
2049.695 276.228
1533.523 980.581
635.421 892.761
739.926 2399.163
530.843 2171.975
396.630 1113.061
1525.366 308.452
940.578 2327.082
180.123 588.972
1919.352 1259.902
2161.827 1363.594
1420.532 1813.426
246.054 2446.903
337.156 1060.383
1179.832 1211.971
2176.933 1919.537
953.897 71.688
2256.172 547.129
675.773 1293.175
2305.760 1338.575
482.744 1351.370
1854.913 2050.317
404.551 134.410
205.716 1935.966
1493.255 2279.109
2249.638 1519.294
2345.133 745.209
670.052 1622.303
1251.074 1111.353
205.476 2101.581
362.377 946.524
1456.532 1675.600
1613.302 977.791
648.606 1519.102
648.912 204.753
1182.564 628.053
1993.149 328.136
1102.973 1683.413
691.545 610.435
1679.833 2053.657
1326.940 100.222
2208.894 1423.471
1550.133 548.310
376.231 1650.795
1748.667 1104.189
1789.239 2489.345
1895.642 155.246
1919.850 322.483
2164.788 1436.149
2455.099 2212.401
1612.802 582.865
1586.285 2363.919
776.556 47.375
2489.964 1880.771
1007.653 635.112
1438.864 650.125
871.085 1294.654
1610.192 1797.383
1895.731 1656.188
1915.791 1435.128
1108.005 886.646
822.032 586.461
1644.590 2177.894
1301.308 19.918
519.683 1871.245
1752.118 330.220
542.206 1628.413
73.615 1231.038
617.323 1180.793
2292.891 2130.804
1178.962 2170.392
901.582 2383.587
421.349 1196.094
1498.248 334.955
1406.021 163.921
396.150 1377.991
1712.402 488.242
1659.558 691.304
834.628 225.882
1782.150 2045.602
2272.516 1748.576
2446.404 328.958
2338.419 960.898
2455.936 205.471
1191.591 1109.373
1133.324 2077.707
673.224 262.908
1795.800 1634.214
2030.092 2474.696
1875.390 162.598
495.796 111.662
868.671 122.193
60.696 1188.541
2176.606 937.109
1808.936 2458.835
611.977 1186.988
770.364 1273.957
1761.029 1910.242
1766.049 1227.755
1965.437 1466.767
1293.760 19.143
1779.298 1108.223
1877.123 301.951
1699.626 1532.148
585.609 2469.134
1276.009 868.581
279.429 760.270
2374.826 370.168
151.475 328.539
2.019 1601.442
1878.247 738.871
2471.953 1882.524
835.232 337.025
2004.893 1742.774
2426.419 634.766
400.826 356.889
696.353 179.094
1740.678 373.664
485.800 905.975
163.430 480.280
850.545 1717.629
2033.347 242.648
44.777 186.835
2427.840 2356.051
579.320 2345.982
935.786 607.136
950.267 2455.634
2323.259 203.109
872.612 2259.240
1700.191 778.530
2421.439 695.808
303.493 322.257
604.564 1819.286
1553.035 1769.477
114.014 1258.900
609.047 1846.014
775.073 298.656
1000.390 2024.179
925.566 114.058
734.305 1146.322
2241.394 1427.461
1415.773 202.597
338.206 2316.803
2251.946 2441.949
1421.173 1892.071
1113.466 302.107
88.975 2411.428
2079.818 1349.186
455.348 458.858
1937.491 706.979
870.628 1925.018
491.124 1083.248
1921.067 767.785
2333.555 1445.129
1952.986 112.187
363.338 1892.926
1135.744 1206.518
1578.882 1814.456
941.146 688.465
452.516 1384.805
124.702 266.893
1878.015 621.507
2454.464 2090.429
1406.697 1389.194
1867.693 2430.479
852.059 745.091
1277.247 93.879
378.617 2409.227
1123.546 295.335
2480.957 359.730
316.001 1608.440
1992.514 1885.070
2399.438 759.789
2293.714 899.950
1526.055 1219.883
1012.304 1983.651
2231.663 1080.597
447.588 1843.481
1564.720 1328.195
53.867 2244.153
359.254 288.990
328.370 802.213
737.787 316.825
179.449 810.568
1712.391 523.420
1817.842 427.152
1052.900 909.788
1298.515 1392.919
2437.152 2372.505
270.704 842.443
601.208 1092.227
1413.809 540.052
1790.007 2038.220
818.976 2339.160
1357.082 808.733
1610.458 1546.578
1248.208 639.082
946.618 2458.764
744.543 1960.225
775.565 1751.660
521.328 2479.132
1735.015 932.889
1515.704 1451.027
1342.905 2467.323
50.641 1693.571
2455.946 1530.198
570.074 2124.416
911.211 1587.621
2266.351 80.789
1258.002 851.812
711.094 2213.992
1660.457 603.156
1161.756 745.591
22.965 1993.836
127.102 493.221
14.283 2430.575
2052.674 1024.426
723.075 2299.448
1296.854 1835.096
64.091 624.553
669.175 524.402
596.524 1557.120
2026.349 840.361
841.413 1721.329
1063.908 49.742
776.431 187.174
1556.205 2377.825
1528.851 2111.007
1179.428 1450.961
879.793 651.546
245.803 1617.493
2432.157 2189.405
179.357 770.683
684.059 2376.455
994.151 2412.795
275.946 1572.316
85.898 1592.661
1852.960 431.709
2310.635 2006.606
228.449 421.467
2325.296 2244.401
897.207 1243.888
1426.421 1060.072
2087.649 293.319
1879.316 1111.495
891.416 1386.366
2146.404 705.208
1637.400 2438.238
1954.494 624.253
920.802 2073.709
256.542 2153.894
1191.850 1416.866
1789.352 365.085
797.958 1062.581
980.006 439.923
1619.894 150.912
1771.943 1998.128
1030.261 2172.837
22.961 1725.495
2006.705 783.652
2211.182 1376.942
944.436 214.782
1180.848 506.777
731.334 1872.246
2262.966 2105.932
1379.996 945.639
360.715 1341.048
2418.944 980.434
1061.755 40.583
740.583 215.638
1221.556 556.320
963.329 1097.062
2192.751 2370.724
1041.907 195.396
347.073 1431.529
2448.744 2372.442
2275.641 1034.377
1270.302 557.573
1720.363 1015.584
374.237 2038.215
1384.443 1333.095
368.068 1666.996
2326.859 563.814
2131.454 1962.409
667.870 2069.890
1272.255 647.386
1117.205 2334.653
242.242 2231.786
259.925 1324.174
199.248 1089.713
2101.658 212.586
