500 2
125.000 125.000
90.064 116.491
219.778 142.489
226.595 213.877
57.742 231.034
223.192 147.810
29.317 135.967
17.787 236.719
158.618 191.301
183.793 75.860
238.401 223.314
218.860 29.203
231.571 107.231
28.474 152.552
130.069 82.978
124.783 216.223
59.867 7.412
218.490 94.738
176.325 210.493
237.285 196.940
237.849 249.500
3.164 232.986
33.303 149.703
170.076 192.608
241.652 186.656
143.393 32.427
17.714 165.636
112.859 87.565
205.260 103.460
213.346 81.532
244.949 89.132
107.330 159.192
77.477 107.608
206.537 231.770
159.043 41.172
243.591 193.074
200.777 153.718
167.912 110.960
17.337 157.819
211.952 134.561
237.213 211.930
7.828 176.917
32.009 95.476
145.655 51.049
96.842 33.861
13.222 145.645
216.587 247.746
8.308 110.862
243.572 187.961
198.235 111.876
83.291 119.502
181.418 52.355
115.016 234.967
183.095 163.823
84.590 107.251
89.668 86.453
168.377 155.065
209.741 239.375
186.126 202.696
84.067 43.820
25.953 174.071
87.392 34.846
75.041 43.806
33.362 123.065
237.314 181.033
129.987 202.565
131.026 105.954
170.583 119.725
50.546 221.624
200.923 47.428
7.087 75.381
122.386 25.102
15.806 29.850
144.730 89.595
12.866 219.651
231.070 4.743
38.542 92.066
141.182 10.484
83.214 147.479
143.523 53.545
192.755 90.770
91.129 195.119
4.320 41.870
64.848 55.848
111.585 141.089
192.417 69.689
178.690 185.114
86.714 59.311
150.744 45.012
220.518 53.838
177.770 161.069
123.403 72.843
36.636 133.122
176.773 9.541
241.454 228.772
201.018 20.291
81.510 209.125
118.149 152.395
190.954 217.644
42.771 225.404
107.001 194.384
214.201 157.753
165.574 47.855
38.461 136.014
173.933 11.328
103.846 227.963
200.315 224.349
69.328 248.531
208.428 218.684
61.311 56.054
161.971 30.496
134.933 4.303
212.763 53.761
234.945 26.191
32.188 170.276
196.114 107.205
177.558 224.534
81.591 116.737
131.064 246.333
16.475 191.148
139.411 114.696
198.609 141.116
174.367 227.122
67.582 6.506
114.567 120.209
28.896 231.309
236.326 199.551
178.437 18.149
5.934 205.169
146.732 83.562
128.300 198.467
10.013 131.853
129.215 132.180
97.328 197.986
225.989 48.529
0.073 176.160
208.605 164.653
179.554 89.025
131.429 22.517
29.329 97.087
163.093 174.097
186.417 133.082
9.752 192.307
20.171 144.314
187.177 248.500
160.266 219.188
162.480 94.612
171.932 62.813
207.885 43.125
9.711 58.312
27.083 195.378
215.705 226.767
213.572 8.335
235.408 130.503
121.864 172.632
35.394 244.361
101.772 240.097
158.741 88.118
235.771 239.103
99.793 223.823
68.267 225.811
42.112 134.506
163.756 32.935
165.777 58.892
146.876 234.873
144.571 100.973
145.850 51.489
221.307 134.070
221.253 177.379
35.772 54.662
150.064 192.106
238.141 146.299
20.579 80.329
35.635 206.514
8.287 148.781
132.869 140.576
67.179 240.722
73.683 236.000
35.789 180.321
196.288 84.240
238.796 207.979
14.712 208.437
102.306 80.877
104.339 120.932
134.052 41.760
101.889 97.058
246.819 109.314
91.154 91.759
101.740 176.546
49.407 154.977
229.572 2.310
118.783 1.849
98.992 224.599
175.333 180.974
212.572 221.971
37.082 86.908
177.187 78.596
129.172 144.399
123.112 65.721
50.728 81.801
20.783 12.478
196.678 34.272
203.850 51.885
20.802 183.148
97.256 78.801
151.309 112.415
63.129 3.453
36.901 45.037
243.168 71.065
71.968 117.912
236.413 236.399
218.254 158.252
69.465 156.519
96.001 144.826
155.499 66.371
140.870 30.158
192.579 209.154
51.396 162.322
46.872 46.854
179.933 110.809
52.800 139.548
205.100 183.283
132.516 115.610
106.401 18.920
112.974 66.885
12.733 145.848
196.725 129.220
230.697 62.164
192.344 200.834
31.141 47.897
53.964 184.910
75.668 63.178
68.974 239.619
213.684 12.082
68.948 205.881
186.721 53.350
54.594 31.778
119.589 96.387
17.848 105.741
238.171 142.346
22.332 24.508
153.122 66.795
40.762 171.812
161.805 83.876
154.213 62.394
108.317 224.741
138.229 56.076
90.433 66.620
166.983 223.861
198.620 220.573
162.540 57.594
17.053 112.610
240.685 193.585
77.265 244.221
206.414 7.173
91.673 38.736
187.278 100.906
12.601 27.505
122.764 21.364
25.071 235.353
40.175 48.594
212.401 50.215
216.373 19.931
70.147 101.001
91.743 112.096
16.167 191.215
22.254 108.036
212.356 196.893
93.639 74.699
45.328 156.827
228.092 239.997
17.996 161.701
206.150 105.113
208.544 53.534
133.602 3.835
146.277 161.900
12.568 128.042
104.246 58.349
140.012 30.379
69.053 219.957
85.270 171.580
61.700 95.606
224.676 247.061
26.828 239.343
52.451 209.753
27.653 124.872
157.468 205.411
212.394 237.304
0.773 96.039
78.128 227.240
53.849 165.318
3.470 71.738
140.456 61.921
35.463 129.225
128.077 129.708
27.907 33.430
3.443 222.365
44.110 157.930
143.174 246.208
12.169 43.130
239.546 145.172
44.630 121.092
5.533 238.035
0.731 4.584
55.240 26.812
241.230 183.086
115.117 119.865
158.027 90.950
168.186 105.973
225.998 115.431
134.212 181.247
92.389 177.670
165.736 102.123
197.692 10.974
211.677 144.843
89.472 94.014
16.453 85.545
182.599 212.896
199.657 45.976
12.981 191.899
32.975 145.775
106.142 50.779
11.276 47.069
193.763 162.708
37.843 77.631
101.207 182.172
217.748 56.496
152.470 43.182
28.904 218.848
50.330 87.394
108.171 139.860
58.694 131.347
168.803 208.463
18.105 246.605
117.619 68.114
188.638 185.902
242.023 108.607
40.967 158.368
186.952 5.327
120.508 66.144
97.951 58.910
190.902 184.483
48.094 161.751
201.113 242.339
31.446 195.465
45.421 35.770
31.647 152.236
143.208 186.882
80.654 79.853
246.267 210.671
248.927 118.128
232.830 20.596
33.755 171.526
232.624 65.166
206.632 41.703
111.997 84.875
155.248 87.063
218.942 196.065
42.545 170.261
79.619 120.631
145.298 0.501
49.995 245.933
97.075 191.981
215.873 143.199
156.595 54.243
217.711 19.280
60.153 207.783
20.742 155.950
0.763 228.605
135.376 114.064
129.780 127.163
4.521 177.001
33.956 230.687
244.774 32.648
190.113 219.692
173.732 28.864
105.299 213.029
68.129 230.761
142.210 161.354
196.200 108.214
42.292 9.161
237.079 47.593
203.565 125.384
85.865 219.012
32.997 89.486
62.974 123.639
115.497 133.564
172.114 52.973
187.159 69.638
43.428 151.469
85.505 198.634
234.633 220.512
107.538 213.949
9.634 101.933
5.705 2.322
104.530 181.363
98.728 8.054
34.950 118.579
247.416 136.066
86.837 210.262
239.523 248.628
182.502 103.541
58.713 39.502
80.592 137.385
248.220 66.111
96.186 60.278
206.519 114.705
26.006 81.684
205.959 124.272
175.063 91.369
218.822 207.376
133.203 163.905
58.466 81.570
228.453 3.667
189.130 0.736
66.428 76.463
217.228 161.702
164.318 95.558
150.430 88.185
123.459 202.649
133.418 140.354
117.498 51.711
20.434 4.971
41.173 122.390
107.230 189.918
179.587 162.531
152.727 217.399
214.249 5.116
75.586 202.710
132.099 188.353
180.628 247.840
124.713 191.425
138.336 160.416
107.123 243.534
177.297 79.763
73.407 208.538
93.860 31.895
179.007 226.402
103.605 129.295
159.005 0.914
106.536 131.025
14.629 222.734
148.179 153.494
241.943 165.749
0.757 225.765
43.923 164.582
39.746 236.331
159.803 128.483
215.097 87.764
241.226 91.385
224.305 228.741
143.251 101.466
105.213 143.818
136.363 200.109
99.278 142.312
108.755 224.328
75.692 128.174
62.575 221.442
155.320 34.298
205.411 194.472
177.835 33.217
59.119 1.739
209.757 124.849
146.095 214.879
33.690 100.111
151.780 183.506
120.685 161.156
98.591 31.275
199.212 65.258
147.388 145.706
132.722 131.146
1.267 85.155
163.229 45.069
114.285 17.760
233.984 159.818
12.914 247.626
101.556 219.330
25.760 223.358
184.543 100.231
98.693 8.835
110.832 28.098
202.280 7.769
234.579 90.999
227.550 50.728
177.986 12.081
113.374 5.025
161.578 52.137
182.559 211.664
200.712 248.103
175.099 51.220
79.885 142.014
5.334 175.560
51.364 94.233
110.355 103.490
228.916 97.600
211.898 4.563
46.115 17.658
117.292 114.980
157.091 37.288
145.617 202.242
