200 2
50.000 50.000
10.556 56.598
23.509 72.271
22.714 4.587
58.907 18.923
49.348 16.045
47.726 95.708
49.497 65.796
71.471 58.362
26.083 74.733
63.910 23.920
17.457 4.267
19.732 87.043
34.922 92.380
19.471 66.231
71.760 83.394
56.604 74.932
74.986 58.583
7.860 50.378
55.957 47.769
60.303 88.349
57.902 25.048
61.504 15.934
37.427 76.783
72.602 36.824
70.263 34.006
86.767 15.115
93.713 63.721
94.711 66.094
47.991 49.401
7.158 66.083
92.290 80.220
78.567 93.201
15.620 64.986
94.008 99.364
15.548 46.835
34.850 14.203
63.514 29.619
13.435 68.092
75.872 73.701
85.270 11.897
91.203 18.703
95.230 21.587
47.132 1.815
1.864 67.168
91.570 76.539
21.440 33.343
64.614 7.435
95.985 99.934
25.634 40.851
74.230 15.348
14.006 43.354
83.749 22.851
27.374 40.170
11.812 1.267
56.424 38.381
37.014 9.116
23.660 61.661
46.113 30.607
47.807 56.968
2.494 24.418
28.721 54.712
55.429 88.299
42.272 31.192
11.545 76.032
43.568 6.861
6.723 19.830
15.759 75.826
69.582 54.972
86.605 2.086
19.554 21.027
74.063 26.941
32.038 43.232
75.733 55.212
56.706 31.208
42.398 59.776
49.484 44.879
5.697 2.592
55.200 72.717
84.707 23.405
10.173 54.265
63.310 34.115
34.793 32.973
37.262 20.763
52.036 38.219
18.195 74.454
20.977 39.670
43.308 86.744
63.620 19.229
81.986 17.157
10.441 97.749
56.380 32.727
66.838 5.002
73.349 84.726
50.098 60.909
39.385 92.800
23.204 35.192
34.692 99.352
28.450 28.650
91.231 29.914
75.454 48.262
59.550 86.052
4.592 70.787
86.400 23.017
12.032 38.141
66.938 61.614
23.519 38.592
55.339 14.895
20.975 98.419
4.442 17.149
51.334 77.473
31.455 79.485
80.551 22.119
57.361 25.713
95.222 24.232
85.819 42.970
60.807 64.006
84.408 32.943
77.323 76.246
63.234 93.829
30.222 8.181
85.997 9.216
34.860 47.265
24.743 98.778
30.101 2.264
74.235 34.706
13.116 22.385
80.160 33.631
8.716 6.668
37.640 6.419
55.938 56.061
92.796 14.785
1.535 3.792
14.699 81.454
61.202 9.831
83.811 5.426
30.792 11.832
15.775 14.208
8.931 30.646
88.512 76.008
78.736 92.471
55.995 28.163
9.141 48.698
28.488 83.009
43.261 55.908
93.685 38.927
31.251 81.637
76.412 4.851
77.488 15.632
47.218 77.736
44.830 78.063
48.488 79.938
70.869 28.899
23.017 32.385
31.138 1.061
87.622 90.931
46.993 49.678
1.939 71.763
31.412 43.391
88.017 87.415
89.150 20.002
49.959 12.031
9.409 59.573
45.661 49.869
2.918 76.818
67.008 42.127
64.451 58.410
59.858 92.138
93.023 55.457
19.872 22.216
68.338 6.678
0.995 12.353
68.841 96.279
44.080 48.075
6.532 56.658
66.405 3.045
22.877 83.682
42.182 86.586
40.321 15.510
67.948 67.763
42.822 16.318
91.661 67.434
64.304 75.559
15.528 52.985
45.123 79.735
9.124 35.855
66.352 27.719
90.458 5.519
9.940 97.494
90.544 53.784
96.884 35.887
76.487 43.866
39.843 89.557
28.707 35.748
99.261 83.393
30.245 69.433
2.156 53.244
29.076 42.553
92.539 96.895
4.312 75.893
