1000 7
250.000 250.000
349.974 318.389
419.245 150.455
412.506 262.009
47.934 470.364
168.808 111.245
251.919 425.803
229.018 152.498
271.493 51.047
78.916 317.403
191.505 241.122
231.170 88.322
71.334 24.157
134.145 472.752
182.601 494.386
308.124 251.683
49.491 25.533
458.089 25.956
454.312 364.754
373.579 135.881
261.218 299.941
108.398 422.779
404.134 356.043
446.451 141.026
320.869 302.381
20.048 338.868
320.666 87.776
136.256 477.733
179.621 44.088
219.004 74.986
7.417 499.946
88.877 12.918
205.156 372.644
182.092 241.643
387.596 48.448
309.066 458.413
151.694 148.872
362.733 403.984
402.263 472.720
94.133 105.394
256.831 109.484
200.146 235.878
15.956 317.833
263.769 370.451
30.042 305.670
56.781 454.575
172.913 301.238
99.313 44.031
96.645 405.597
315.833 466.780
54.826 5.740
92.531 421.141
74.178 476.792
492.995 467.560
451.577 40.230
200.610 203.991
11.872 91.725
409.957 206.017
109.527 226.761
305.939 230.637
376.797 226.406
457.023 418.984
16.873 419.764
107.468 32.219
374.979 44.658
381.921 324.834
292.529 213.250
492.937 19.720
321.737 411.260
384.678 337.924
58.942 51.981
428.923 109.114
54.134 231.589
280.464 483.878
176.573 7.029
97.057 429.918
276.798 13.372
471.374 260.478
495.536 326.722
348.380 486.019
228.820 418.053
62.430 153.557
173.360 34.295
308.682 340.442
452.474 295.050
210.273 248.177
493.830 200.495
414.108 239.317
154.277 349.039
418.696 316.307
165.850 393.495
378.459 118.675
32.328 98.123
326.777 8.525
303.282 291.553
101.593 339.991
222.294 12.613
36.665 10.135
87.396 216.733
278.038 264.612
154.728 112.472
138.411 85.045
202.372 85.912
416.054 285.725
363.933 121.524
329.306 384.463
60.758 428.936
329.626 453.292
431.906 386.430
220.212 462.883
12.373 155.154
351.426 329.854
298.776 219.618
31.419 73.233
213.596 475.993
216.641 181.265
449.310 339.984
18.269 420.598
76.563 6.900
148.118 21.507
260.713 16.996
461.983 326.390
453.179 489.167
120.129 277.382
181.585 155.785
107.504 425.728
251.436 45.612
176.568 27.369
404.501 284.468
233.564 136.598
379.280 386.806
164.836 431.076
35.233 242.633
329.437 114.734
158.187 376.018
90.261 477.821
148.919 59.558
418.045 366.414
181.809 33.230
483.237 305.158
341.423 337.143
357.269 318.540
249.921 467.620
5.363 316.589
227.732 494.996
211.435 240.369
79.326 459.537
54.312 283.743
158.662 236.862
14.522 452.457
106.621 108.051
405.602 200.840
61.218 299.385
90.807 331.025
167.330 191.826
415.083 352.198
29.088 79.018
327.246 288.946
189.254 360.559
361.688 193.755
459.386 10.270
221.703 388.729
140.707 18.803
195.017 488.795
314.399 316.970
4.021 331.680
105.517 42.721
418.377 15.389
495.202 329.033
99.337 272.878
276.663 417.036
422.995 468.198
3.818 298.107
360.086 289.320
45.055 473.156
249.293 131.711
293.837 109.534
333.111 229.519
151.650 30.350
258.579 240.984
479.311 195.570
393.509 421.468
337.570 466.029
17.139 492.960
284.916 290.066
437.117 418.619
468.204 230.370
350.884 393.125
491.110 162.724
238.271 52.244
100.470 283.047
339.534 83.227
498.478 198.584
282.582 449.588
494.687 375.862
134.911 233.687
293.347 70.384
63.820 365.065
420.550 449.611
298.327 285.606
11.845 133.326
237.974 189.433
300.742 350.424
13.671 83.981
422.699 27.645
170.409 180.857
384.954 208.766
483.440 305.888
21.364 27.703
331.362 91.345
170.734 167.947
242.621 7.323
96.372 255.991
464.137 107.789
425.304 230.848
452.392 125.089
154.206 131.313
158.754 199.486
171.835 181.953
301.254 62.120
158.722 118.124
438.769 39.478
213.104 154.673
278.846 487.188
457.861 449.097
427.106 47.157
441.913 102.256
497.710 479.084
188.767 70.737
171.689 250.730
309.544 4.651
428.915 380.754
323.376 143.430
200.831 328.273
234.335 24.075
155.630 367.212
303.868 114.606
101.067 199.517
4.580 330.579
235.344 437.491
282.477 465.377
301.030 27.746
352.271 382.199
304.934 108.861
52.244 197.710
324.407 305.416
347.673 327.061
350.869 12.681
407.960 79.097
35.820 245.497
190.066 168.636
440.210 356.390
422.794 370.764
185.144 73.760
265.673 10.036
223.146 401.888
415.410 31.693
487.570 312.575
289.858 438.124
166.669 279.880
85.295 45.404
41.727 160.109
119.340 462.781
60.850 166.387
189.857 430.847
94.845 88.988
106.900 437.316
121.807 124.005
52.171 35.176
425.075 138.656
478.605 330.858
83.950 38.997
193.618 37.599
248.925 200.861
483.663 58.799
450.072 418.848
312.980 63.971
172.688 44.323
157.707 101.903
450.249 408.738
258.996 219.689
204.734 130.676
402.609 17.125
162.572 338.385
191.427 477.423
320.149 35.989
377.949 321.417
205.413 483.223
21.894 40.676
139.888 483.363
64.931 102.155
88.164 216.444
320.661 35.176
118.069 421.960
136.924 388.286
399.887 307.766
236.363 39.684
116.951 408.904
28.098 90.361
236.587 250.232
417.064 306.215
290.299 365.355
131.684 75.033
105.303 190.917
486.062 476.363
206.536 94.306
443.321 461.132
344.610 498.964
5.779 124.139
267.217 485.311
371.412 137.757
257.480 345.987
429.034 369.860
98.354 485.016
358.551 306.792
408.576 88.637
318.622 74.868
408.028 70.764
170.722 406.284
275.646 325.467
476.361 268.373
404.698 338.579
494.678 308.763
202.023 324.498
67.296 381.870
402.783 166.949
87.328 263.643
339.388 467.774
327.410 29.802
84.190 177.237
103.942 140.308
388.564 245.002
7.795 417.187
443.004 56.751
133.793 37.616
230.183 323.743
472.875 256.874
115.551 372.128
258.978 139.905
65.099 424.494
230.893 437.002
175.943 30.821
347.165 31.474
275.627 185.978
65.687 130.439
184.540 43.621
483.054 352.991
97.103 187.857
41.469 25.812
256.802 30.457
280.529 132.371
443.180 224.096
401.873 51.220
133.551 21.542
181.453 12.136
30.200 470.990
348.268 247.439
221.092 476.373
334.902 486.735
210.512 311.044
97.694 127.019
55.983 391.879
170.775 272.893
145.337 66.132
285.999 47.011
479.240 239.479
180.544 312.803
405.610 226.093
245.226 244.350
52.076 279.418
185.775 384.943
490.563 495.487
252.551 402.754
307.679 301.103
437.317 475.091
198.704 452.156
460.055 498.527
30.992 382.534
381.065 335.168
326.433 83.677
355.546 439.381
305.666 46.061
464.571 204.163
144.872 439.821
384.172 335.876
377.137 142.080
3.602 369.412
196.010 322.333
252.604 30.340
322.725 397.164
342.322 39.111
111.757 436.699
47.442 294.020
425.826 311.551
166.115 377.170
124.320 226.355
402.167 373.755
181.900 104.031
272.820 281.853
89.314 120.502
291.934 4.265
178.259 56.517
476.340 36.490
428.961 455.008
47.400 282.782
234.549 411.364
422.766 352.701
6.347 167.084
313.060 308.694
5.901 139.818
57.432 347.577
51.440 226.102
200.196 35.603
137.326 308.449
134.773 313.834
37.770 490.313
294.876 192.770
161.340 326.296
370.072 344.967
400.100 389.281
203.718 114.953
159.627 9.921
434.930 97.959
133.395 114.379
25.676 358.452
54.713 89.071
321.641 327.543
16.990 477.429
383.342 349.361
116.204 474.800
313.051 401.548
144.785 256.976
42.270 184.248
59.059 89.503
291.426 236.529
294.805 20.041
12.364 235.366
443.537 389.605
282.646 60.483
26.634 241.302
193.592 67.631
489.579 349.890
149.867 174.787
379.118 112.659
53.130 200.884
34.581 251.065
364.149 251.384
384.434 181.451
166.584 283.820
378.944 316.875
274.026 188.946
129.120 72.506
53.767 280.213
353.245 423.255
182.480 151.986
43.615 434.159
346.254 1.644
438.167 59.891
119.363 182.476
261.052 410.608
73.346 255.687
134.764 193.933
196.029 396.279
225.843 23.473
54.539 15.494
322.430 277.419
347.761 340.311
485.719 454.402
313.687 314.291
51.265 153.730
22.540 246.655
104.564 56.313
442.014 208.069
448.406 356.437
308.070 102.582
461.362 468.821
244.106 267.016
204.401 382.874
263.461 456.828
383.141 310.844
385.864 338.820
227.867 482.587
403.751 468.229
391.202 410.904
431.201 398.164
128.206 289.585
21.835 255.240
93.176 34.533
180.762 393.745
269.539 208.654
2.136 138.816
436.134 348.473
170.764 377.166
474.597 347.682
255.797 103.605
115.873 450.298
129.066 112.256
327.412 220.907
135.179 338.374
387.238 434.380
441.024 205.333
31.616 329.170
71.514 356.437
280.601 297.125
73.204 7.647
55.136 164.603
71.438 46.802
491.961 242.526
52.435 152.069
411.435 248.799
408.835 442.588
247.490 142.896
282.963 84.804
460.365 219.750
424.312 87.703
390.322 273.889
251.349 149.948
261.558 98.099
240.034 252.908
427.113 363.441
483.085 108.981
345.952 109.663
9.350 33.486
4.913 445.325
286.140 276.876
336.083 201.468
82.567 371.521
470.595 170.992
138.551 74.431
151.742 252.398
67.055 30.282
346.849 191.341
395.692 313.364
331.666 289.230
44.224 51.295
385.136 222.898
344.811 41.968
387.851 13.912
412.423 256.484
474.352 268.880
76.949 229.262
12.922 103.451
53.293 38.036
28.411 47.281
284.406 81.622
213.368 330.698
486.440 195.178
283.474 201.418
203.661 328.734
182.469 130.317
397.793 241.077
89.035 380.761
194.210 315.032
92.283 109.132
206.334 432.292
462.430 353.577
231.783 243.597
330.310 346.955
65.375 239.548
153.873 119.362
225.991 167.229
136.007 396.045
489.753 431.078
392.252 199.303
105.975 487.040
442.940 496.420
61.172 417.017
260.893 12.871
129.007 233.048
385.817 143.863
152.186 122.510
429.853 376.696
444.824 103.281
392.412 185.188
42.484 304.306
489.795 140.809
237.305 388.239
346.913 148.585
279.541 495.466
41.646 453.403
366.386 41.533
431.773 200.115
304.169 440.305
386.951 430.934
385.412 482.590
190.439 161.023
422.578 94.990
170.845 341.636
303.464 257.428
426.473 283.885
69.971 65.201
381.993 400.176
344.846 309.261
39.582 199.118
328.717 68.243
419.895 375.226
197.938 275.114
185.776 198.444
59.328 425.502
286.864 161.141
203.791 338.037
7.541 380.768
210.419 213.900
131.759 251.091
386.313 260.356
370.158 449.949
454.343 34.474
418.424 344.448
169.559 468.327
131.225 391.781
324.127 355.225
94.882 100.322
277.315 148.718
193.881 110.481
322.455 135.583
312.126 258.068
261.344 189.573
200.627 432.348
348.694 321.459
107.903 275.600
11.863 472.929
122.363 285.077
238.544 384.295
261.475 330.324
35.536 148.851
447.635 170.022
419.359 21.262
245.710 423.470
311.584 36.958
124.925 25.689
406.555 390.653
315.087 300.803
432.495 61.203
150.201 261.938
128.312 142.755
478.235 113.537
202.537 273.749
475.423 124.341
245.416 263.783
441.957 121.450
317.410 434.107
33.325 354.015
497.552 77.269
354.934 221.019
270.011 419.618
50.771 295.366
333.654 442.547
206.173 403.026
125.614 471.328
25.077 105.609
41.006 0.167
484.226 153.700
367.668 160.981
156.134 145.169
10.396 137.608
465.681 223.784
334.901 257.449
70.053 365.278
102.661 263.711
270.925 22.818
53.260 346.826
413.241 462.438
223.295 245.287
220.852 66.094
479.988 58.860
229.457 55.865
488.700 75.705
216.764 43.865
436.864 246.786
11.138 401.851
401.372 286.159
428.022 98.943
89.034 247.646
246.938 37.530
220.367 141.840
339.977 458.834
472.677 234.109
428.440 466.909
388.972 218.990
243.293 341.886
455.835 228.006
66.483 428.875
53.596 327.395
122.103 401.001
106.071 285.275
310.416 91.020
444.465 458.321
144.952 228.902
374.602 64.771
3.833 401.304
73.854 51.904
491.229 411.226
364.804 131.067
275.476 4.705
95.015 495.396
175.418 171.717
342.517 266.667
492.760 37.025
20.828 173.919
368.269 381.867
216.699 362.519
373.070 302.030
268.435 487.695
435.143 380.633
435.578 187.601
236.821 215.809
403.503 387.339
157.071 85.824
26.130 314.682
4.579 66.040
485.242 117.234
166.383 241.074
197.323 315.655
208.912 186.497
348.676 478.908
240.036 51.485
456.085 240.362
20.743 273.148
5.675 437.161
286.421 17.287
24.499 473.316
363.803 127.582
492.215 312.873
387.744 458.048
436.797 331.183
300.177 107.710
171.988 245.742
107.095 52.553
116.379 179.273
38.056 128.638
485.207 460.147
396.739 128.905
42.874 286.096
172.712 189.811
70.223 83.100
66.910 334.379
449.340 395.631
132.520 175.836
389.727 119.393
363.201 114.440
40.749 192.103
446.128 43.028
228.677 189.750
231.197 232.389
397.270 187.653
33.750 323.389
479.553 198.078
332.697 59.913
427.802 337.151
245.740 130.693
328.761 70.102
352.867 103.543
5.167 120.108
262.010 366.283
468.151 441.092
213.237 97.636
181.486 455.076
283.156 220.829
8.363 330.708
358.012 266.936
245.366 389.533
11.005 13.831
93.548 257.699
231.757 149.453
304.255 453.167
120.168 282.936
263.285 393.595
375.196 338.785
317.071 151.677
406.221 6.719
127.704 138.701
272.324 54.760
392.956 185.276
335.665 202.221
66.761 438.169
334.195 41.357
0.898 226.689
362.742 399.575
330.123 260.676
70.552 227.448
341.915 173.470
262.559 353.478
231.471 257.132
94.990 459.249
131.355 130.748
306.845 233.601
306.673 349.748
177.677 347.495
477.638 217.882
271.096 38.645
357.065 120.356
14.878 176.803
131.558 278.378
398.008 381.959
152.454 414.861
449.847 352.137
471.220 241.467
89.990 111.190
66.882 84.122
128.425 52.945
97.342 187.062
435.478 274.123
86.377 373.692
468.190 157.675
114.961 130.804
283.835 482.977
107.351 32.974
317.894 150.697
138.441 229.925
23.561 123.573
473.110 86.847
35.622 158.392
200.155 265.486
497.185 395.720
386.225 128.243
212.500 68.269
488.462 65.700
319.056 390.035
379.916 186.632
417.477 238.294
197.644 285.325
315.841 436.833
453.207 327.267
132.813 8.770
140.881 91.362
341.552 338.279
251.364 346.294
349.409 83.173
195.695 2.805
331.730 447.546
373.674 397.033
177.814 184.363
127.384 180.498
38.265 70.677
235.293 325.250
430.804 13.833
108.845 279.039
352.887 401.866
491.378 494.047
289.517 339.602
334.364 121.524
250.787 125.720
100.336 452.417
186.279 130.561
415.698 357.745
151.501 338.165
431.863 162.772
135.526 118.702
223.349 32.578
91.772 216.639
416.875 260.658
203.474 487.687
71.476 183.612
4.532 126.765
359.236 57.446
392.895 294.159
85.210 210.128
491.519 3.425
221.166 175.990
409.773 15.183
98.853 219.443
117.447 205.076
369.612 338.707
246.544 162.519
261.366 325.974
411.115 460.820
324.824 252.428
253.357 422.793
434.606 497.919
235.263 52.018
367.133 150.207
188.759 252.573
61.510 220.945
14.157 192.217
268.088 335.882
59.555 479.106
344.227 48.352
126.190 36.102
28.963 76.921
456.414 380.316
158.730 15.231
137.208 1.889
165.089 194.422
47.585 384.209
443.490 225.877
285.967 391.730
395.920 299.320
184.270 288.951
270.685 235.020
15.722 412.360
55.383 429.270
443.016 294.220
257.370 264.468
12.390 56.513
316.414 445.357
52.838 286.893
468.253 388.656
63.578 30.784
317.324 295.052
3.020 227.052
331.879 260.525
97.868 413.952
87.660 478.922
140.576 310.848
427.287 315.716
304.117 490.632
242.490 27.823
303.688 194.947
29.245 233.073
80.430 206.699
469.007 422.036
28.574 115.500
16.567 479.286
414.573 364.065
191.361 373.660
40.290 173.941
139.985 454.126
262.702 385.008
495.368 77.990
242.718 204.069
490.580 248.984
179.798 438.729
128.526 405.400
498.796 122.603
368.432 262.876
200.227 25.813
216.463 212.192
87.498 264.094
284.218 345.621
429.315 196.475
499.058 107.802
440.382 437.588
188.190 52.804
244.967 449.223
403.815 23.838
3.204 294.026
377.306 415.902
290.983 343.975
189.207 233.479
201.753 421.141
330.488 348.142
477.093 197.993
169.220 17.133
258.396 411.718
33.130 382.312
100.194 380.264
29.225 309.409
461.528 415.618
82.509 119.302
213.160 53.516
366.251 82.517
269.793 103.896
144.939 462.732
92.991 2.306
14.698 267.307
450.271 15.740
70.701 83.676
367.140 90.718
442.559 498.598
480.506 499.923
216.524 328.005
215.672 158.514
3.972 443.236
166.166 450.931
216.568 0.377
349.335 373.471
314.417 247.774
189.996 22.405
496.107 118.338
498.982 144.830
121.328 405.493
75.765 304.483
313.972 59.073
468.475 351.973
187.266 145.443
375.113 253.110
81.742 187.704
170.950 130.789
263.526 239.939
374.166 472.320
15.306 335.546
157.785 355.474
218.535 82.410
137.316 224.257
300.221 427.191
365.923 360.084
166.361 160.709
89.669 126.806
177.584 154.094
462.009 269.584
232.257 248.035
295.460 209.003
252.557 350.414
196.948 291.969
489.405 178.815
481.133 73.012
90.950 136.010
275.662 215.300
47.263 481.401
404.005 326.707
