500 3
125.000 125.000
65.138 6.453
199.383 57.683
134.268 103.434
130.823 53.314
103.463 54.694
157.082 18.486
135.591 224.851
8.917 4.361
228.601 181.820
54.601 240.733
214.733 62.154
6.195 241.632
47.742 200.245
200.846 157.226
149.570 60.429
162.664 143.208
109.957 111.114
215.893 100.874
3.329 237.654
47.345 62.054
83.863 73.410
112.534 166.688
130.664 93.711
52.473 21.966
142.221 175.578
50.537 212.194
62.659 211.829
208.092 225.137
141.771 198.956
244.204 98.877
85.991 176.232
61.169 204.137
240.668 1.134
84.988 76.876
245.550 160.980
94.854 144.882
136.648 193.217
65.420 211.172
84.261 134.975
223.988 90.940
57.140 66.107
126.220 115.922
17.759 238.094
217.389 112.121
218.081 112.991
126.102 217.995
215.397 58.155
17.304 176.057
163.422 214.105
59.030 169.383
60.650 128.621
241.280 125.391
135.865 246.912
121.979 222.959
206.668 95.946
198.424 172.086
168.569 215.215
182.163 58.364
178.415 218.501
240.028 195.580
20.909 90.035
61.675 215.924
22.132 7.238
128.582 72.246
167.884 166.383
86.179 100.741
120.452 85.284
163.259 201.200
205.783 81.809
210.836 239.803
179.050 45.408
65.676 33.138
248.769 216.452
1.343 127.596
233.224 140.030
210.151 220.781
239.782 187.464
229.580 176.161
246.262 163.448
225.140 86.445
206.906 167.482
125.515 229.878
145.538 137.286
241.953 186.608
16.060 86.916
230.757 246.367
141.762 82.326
240.462 149.396
212.916 189.054
117.301 10.577
169.806 130.162
191.029 234.992
73.553 142.642
69.832 35.216
77.995 178.290
37.334 10.813
56.398 73.469
221.875 227.192
44.233 57.282
113.660 192.414
65.666 161.312
46.249 56.954
193.278 177.685
197.908 121.405
51.029 48.758
50.852 132.020
91.204 55.855
248.593 88.221
12.846 78.698
207.238 86.634
18.606 97.876
110.291 202.430
66.880 14.290
52.042 132.682
152.107 237.185
234.202 245.975
212.141 229.337
15.720 134.438
220.441 138.732
155.846 33.133
188.722 176.552
11.211 115.893
192.404 213.286
222.021 237.239
137.820 218.474
108.161 180.597
12.809 59.525
199.763 172.432
73.339 143.068
106.780 39.214
171.265 82.615
206.338 152.992
20.146 154.781
230.600 51.344
74.740 171.681
221.440 127.948
163.084 176.114
52.534 138.254
41.158 171.335
243.595 50.176
238.124 238.265
191.306 214.078
53.014 95.230
163.281 147.492
135.274 211.938
203.048 233.463
243.508 61.418
18.698 40.897
119.843 81.903
172.721 71.183
95.030 122.618
53.100 29.749
114.763 133.306
78.316 113.172
248.360 42.660
220.476 116.330
200.220 212.751
106.431 41.798
157.466 72.203
25.345 120.636
92.861 231.258
139.040 68.586
219.666 75.976
173.591 169.504
54.185 122.216
198.571 188.819
202.977 17.981
102.291 148.584
204.056 20.823
17.503 66.535
230.852 114.318
156.409 209.747
201.673 41.608
99.480 192.322
215.135 191.551
247.631 36.600
83.759 75.030
170.575 234.625
227.756 56.660
188.353 170.355
121.883 210.796
0.218 43.214
246.871 163.613
127.034 221.703
226.368 177.197
244.713 14.506
194.134 201.848
60.631 78.636
149.999 162.038
163.343 22.491
116.046 103.526
194.758 51.994
44.976 107.947
113.946 136.385
15.491 45.907
100.562 222.936
248.780 216.819
131.102 87.622
147.975 166.430
164.319 245.208
66.024 197.753
28.854 237.709
88.547 84.510
89.881 152.081
28.627 204.625
174.010 23.395
156.156 136.011
51.183 96.987
51.032 46.978
102.397 185.997
39.286 221.143
59.838 172.574
93.888 67.830
2.376 46.250
134.341 51.603
224.137 93.505
233.624 87.127
49.996 80.171
239.627 209.534
154.382 197.442
225.426 176.063
166.787 160.956
75.504 240.763
54.094 132.675
105.576 73.980
90.826 94.566
26.872 223.576
51.208 188.405
57.420 31.597
87.929 67.931
92.510 69.705
104.935 183.097
196.861 69.976
29.715 113.910
232.678 147.449
86.960 192.483
232.079 178.443
52.843 154.498
243.571 147.822
92.413 56.584
160.180 249.516
100.421 10.833
67.843 63.619
243.170 244.255
119.452 96.685
222.745 163.819
88.530 73.777
107.392 66.469
92.118 6.591
120.949 167.692
233.342 149.127
5.987 181.480
119.447 244.961
200.381 212.758
131.858 161.746
109.834 157.801
29.373 5.525
60.140 154.323
64.351 17.901
138.817 45.332
210.898 20.535
198.180 167.392
184.710 83.635
120.108 73.135
212.117 12.463
168.189 240.513
67.694 21.001
69.292 14.390
130.166 95.604
33.791 187.725
148.474 105.193
218.834 44.201
62.792 19.208
214.915 45.357
233.935 23.478
208.342 3.920
136.640 52.886
133.660 30.157
203.290 205.563
113.080 48.016
165.166 125.325
146.757 4.889
77.385 1.165
133.108 178.728
151.354 7.812
236.017 153.992
82.832 216.299
99.794 247.016
126.776 221.036
49.853 61.182
37.557 225.104
152.752 67.737
105.909 176.044
114.116 240.889
80.009 70.797
75.848 92.896
97.943 16.931
239.830 135.481
0.874 48.808
202.617 219.750
166.119 232.511
222.110 46.886
181.693 36.531
105.779 81.385
154.298 227.927
96.964 36.003
32.581 222.197
176.382 148.157
66.373 80.393
61.384 71.781
35.057 211.351
179.471 196.332
239.867 42.902
224.815 70.725
124.917 212.135
224.626 168.596
242.120 134.250
27.170 105.883
188.313 66.721
39.891 119.313
11.569 98.609
207.113 24.075
169.044 25.730
101.297 131.765
60.590 126.615
127.367 165.447
169.589 123.702
136.493 152.080
79.883 149.935
181.453 132.731
199.484 103.600
149.283 170.579
42.218 241.143
211.889 100.397
105.420 247.628
214.406 102.995
175.972 196.538
77.656 126.329
128.349 79.545
151.495 217.898
64.091 2.425
54.433 189.591
113.893 10.350
65.102 219.471
229.837 43.298
163.428 246.633
107.393 103.246
31.745 92.683
79.071 223.171
139.244 105.431
218.791 138.829
201.396 36.225
69.441 149.140
122.339 81.297
27.523 246.631
69.707 160.585
96.181 44.402
4.703 66.128
90.599 28.830
226.898 110.240
124.264 191.948
49.957 24.084
224.330 162.273
164.318 35.368
55.562 186.947
197.269 248.735
123.930 106.220
128.217 86.703
115.952 87.816
151.530 185.544
14.133 248.593
15.153 59.161
70.446 18.005
189.047 232.144
66.075 195.601
42.865 67.589
218.273 97.907
182.198 79.855
45.560 2.539
105.216 3.284
99.013 163.500
205.921 242.172
193.249 45.604
36.035 249.920
233.644 161.711
130.557 41.751
4.504 53.845
176.276 121.128
235.058 212.373
71.998 171.081
194.852 222.839
119.546 54.084
8.054 221.647
76.512 9.490
84.232 153.355
90.695 25.903
14.366 245.094
112.574 149.637
33.488 4.956
134.385 179.640
129.305 105.623
26.607 136.423
94.717 158.107
67.056 40.815
115.109 203.740
43.144 93.956
158.646 95.968
43.663 133.307
172.660 90.099
169.805 58.069
162.810 15.086
156.912 114.449
139.697 81.645
60.106 192.544
223.842 34.735
23.342 57.389
201.123 235.360
58.980 220.237
247.422 139.230
164.550 148.197
139.334 143.057
234.839 145.952
61.121 176.350
153.289 113.574
116.861 198.121
30.244 193.860
221.339 242.686
82.524 41.178
41.251 153.964
170.011 89.787
50.390 134.127
237.858 139.830
50.433 199.498
107.192 237.790
25.654 145.120
6.691 171.499
224.661 34.808
199.634 121.617
53.180 205.699
248.006 192.877
10.674 231.552
201.273 74.832
54.063 214.652
74.852 131.711
219.615 119.242
18.275 243.384
212.578 91.610
106.781 37.187
113.847 55.170
139.553 211.905
176.407 198.066
74.911 94.923
10.515 234.875
29.308 173.405
172.751 125.821
111.623 116.763
76.144 61.005
71.085 199.029
245.531 128.660
136.778 198.432
84.564 89.169
24.035 199.910
184.447 59.399
169.371 25.751
143.632 7.960
7.002 129.250
218.458 165.227
13.572 144.285
19.714 206.310
218.951 205.213
246.376 221.767
237.765 39.915
144.656 67.670
23.696 112.956
51.449 13.269
107.846 163.647
87.153 0.292
125.101 200.815
83.755 33.919
190.646 128.143
173.465 201.912
68.097 67.997
152.604 146.375
149.586 168.040
155.679 232.435
187.380 41.493
248.120 120.924
160.605 124.638
201.682 181.438
224.098 217.827
134.954 102.286
145.050 102.719
133.776 198.349
155.626 240.431
200.216 72.334
197.245 172.184
208.305 246.049
36.824 170.129
46.634 141.296
