100 2
25.000 25.000
13.123 4.065
6.733 47.381
6.350 22.401
14.961 20.535
4.358 22.344
45.995 43.984
44.767 7.330
42.553 49.546
18.265 43.275
25.080 1.692
24.146 2.593
26.762 48.315
0.007 40.465
4.933 0.302
38.113 46.790
40.484 1.375
22.643 20.093
24.234 38.533
3.018 11.949
35.468 17.768
14.161 33.978
4.191 28.790
48.135 36.663
6.833 30.651
37.791 45.911
21.831 40.036
48.446 28.370
15.808 12.591
5.225 16.232
46.055 17.971
16.089 30.814
5.535 40.833
13.972 32.335
19.559 25.047
30.124 48.369
5.570 10.965
18.878 12.809
15.964 20.165
16.903 13.021
35.775 21.785
12.332 28.829
5.239 39.853
48.779 18.081
18.551 47.708
49.235 29.732
25.791 42.473
9.169 10.555
41.230 30.325
26.744 37.960
26.205 29.528
16.252 35.243
22.509 48.121
42.541 45.628
17.753 48.712
48.656 41.652
41.308 31.747
39.777 9.968
20.903 14.352
18.630 21.936
40.197 12.583
40.801 26.271
21.952 33.947
41.397 15.229
46.284 41.667
6.448 31.732
21.836 4.759
9.565 18.759
20.082 29.356
36.542 9.281
23.853 1.953
20.620 37.068
23.572 21.111
14.285 46.059
26.708 49.311
4.106 1.464
9.919 11.170
22.115 10.727
45.229 33.791
2.968 4.425
46.394 37.403
30.314 35.425
10.149 6.530
43.181 36.945
21.302 26.960
49.284 29.474
3.023 17.538
29.066 10.721
42.617 46.328
39.453 10.907
46.575 48.157
37.589 17.596
44.516 40.446
29.327 0.845
1.522 13.860
11.163 39.229
39.865 36.210
26.292 12.947
14.986 0.334
12.782 41.957
