50 2
12.500 12.500
13.770 2.117
6.662 8.517
9.154 23.273
11.077 19.989
24.728 23.761
24.013 24.337
12.278 14.340
0.751 20.930
7.068 12.911
24.476 5.833
16.286 8.690
15.618 13.149
21.661 20.144
16.997 0.738
17.151 0.744
13.653 9.952
2.682 7.400
5.509 24.472
12.322 20.245
6.161 2.236
9.315 23.639
21.193 1.381
20.057 16.147
2.497 17.369
6.491 13.146
22.163 1.141
22.486 24.301
13.569 16.596
12.969 5.996
15.658 18.552
4.190 10.431
11.611 8.186
12.464 8.558
11.676 17.445
14.625 9.191
23.176 13.187
3.001 19.926
7.205 7.462
10.992 1.777
10.781 11.665
19.446 21.395
20.698 20.355
10.414 22.123
21.507 7.810
18.099 2.791
23.953 1.358
18.892 13.630
13.341 24.482
6.210 21.492
