50 5
12.500 12.500
13.820 14.144
7.435 20.806
11.500 22.766
13.444 4.085
12.337 20.153
4.058 23.566
8.624 12.950
11.483 15.098
21.731 3.759
3.064 5.209
17.591 16.589
0.294 22.208
16.110 7.542
15.585 20.224
24.583 7.341
8.669 0.071
19.701 12.041
15.472 12.524
1.050 20.802
6.454 8.222
4.001 12.333
11.390 20.255
2.261 23.440
1.942 0.108
10.239 2.402
19.141 21.159
8.382 13.111
19.705 11.518
19.027 20.904
22.691 13.969
20.385 12.922
15.193 14.756
4.377 6.426
13.397 8.421
15.539 3.995
1.514 8.400
20.657 18.442
23.216 10.754
9.267 17.545
21.248 20.184
20.095 6.542
6.896 21.092
12.530 2.474
5.716 12.493
18.371 6.353
17.368 15.600
20.581 20.914
24.928 3.396
18.735 9.752
