1000 5
250.000 250.000
463.177 24.454
288.586 409.664
238.292 319.882
226.838 336.126
39.124 259.863
270.950 434.698
206.740 317.107
390.892 14.197
378.622 436.239
74.062 178.466
322.500 85.951
131.112 313.391
95.198 140.701
427.952 82.209
312.904 194.643
218.551 161.858
111.512 322.189
255.601 185.823
121.666 31.582
436.705 160.839
472.882 479.928
30.122 80.415
4.593 208.741
464.696 424.568
200.612 424.409
449.013 377.081
376.232 285.866
204.705 392.900
250.541 358.843
57.563 359.226
301.455 293.864
415.235 109.406
106.624 31.835
32.103 95.414
469.747 409.858
226.820 440.899
449.421 60.575
43.479 8.281
493.399 103.086
288.192 344.348
396.466 401.590
163.371 83.088
415.648 169.226
323.208 295.070
349.324 206.496
443.814 360.295
23.311 366.886
467.661 427.955
468.646 161.325
417.002 328.239
11.601 238.221
207.204 12.728
160.238 272.940
14.625 411.319
226.654 359.192
387.848 233.040
483.291 91.575
143.267 254.768
230.202 164.211
234.758 463.264
388.566 108.252
413.105 161.211
161.415 46.057
442.958 220.395
60.934 312.930
179.920 68.803
211.495 69.068
498.505 495.666
225.721 361.474
51.981 414.526
499.125 312.170
460.879 497.705
156.269 56.106
128.057 445.771
380.249 10.026
426.957 112.502
349.741 52.815
387.562 442.904
135.404 245.124
420.417 205.953
319.511 328.004
95.157 354.244
219.323 266.591
73.161 469.283
7.814 391.932
118.112 351.731
315.425 425.498
296.909 304.675
109.488 291.722
208.535 185.263
252.760 350.547
2.635 480.382
117.878 219.301
260.727 44.935
201.304 424.677
187.265 205.954
308.390 435.086
167.872 207.212
442.839 193.955
351.602 32.417
229.200 171.330
158.183 71.055
93.853 47.095
157.896 162.158
393.076 423.334
405.067 342.890
248.738 279.631
443.083 219.504
491.901 458.027
241.861 459.826
338.387 415.919
385.775 390.075
255.234 403.557
182.623 46.316
483.125 72.410
204.330 302.927
132.138 98.342
474.436 351.002
269.821 111.141
493.532 50.212
164.720 168.503
11.890 166.417
435.677 408.346
212.238 209.882
100.873 426.362
432.733 491.629
142.550 0.684
256.999 237.302
159.896 171.827
487.032 155.925
417.450 285.554
173.579 309.640
257.870 487.723
160.775 208.927
382.476 361.413
50.977 27.921
166.757 384.636
308.996 260.115
258.525 469.265
287.828 301.159
299.585 326.117
328.345 220.516
359.422 63.727
365.336 451.856
429.306 250.048
177.721 221.225
415.287 227.050
233.996 436.114
437.934 156.954
111.597 89.592
394.027 492.258
60.205 225.801
15.439 325.744
109.716 212.134
155.408 207.259
421.736 254.738
184.703 315.730
231.257 165.355
23.934 195.783
482.599 150.220
454.960 337.536
139.707 399.617
32.425 5.690
351.255 350.880
470.970 334.216
106.500 458.174
233.106 390.841
8.429 310.685
345.985 77.274
176.233 200.940
288.424 24.823
247.642 497.791
243.386 31.200
402.566 390.310
246.410 246.659
238.171 310.470
191.727 268.870
11.393 188.602
227.747 283.870
119.313 301.325
378.541 47.737
56.100 154.230
457.756 348.613
45.392 164.906
462.154 373.997
404.062 173.759
319.354 425.082
443.508 183.237
301.388 324.661
154.252 336.951
428.913 359.321
306.903 155.889
275.759 254.698
419.530 278.235
441.522 438.844
454.832 447.319
132.051 160.736
341.177 5.515
320.726 50.853
493.063 184.596
449.306 48.852
143.012 253.474
481.046 393.344
69.098 243.363
194.984 224.311
124.490 9.204
205.255 95.269
207.945 376.993
453.048 407.665
447.556 318.965
354.900 463.016
73.354 419.680
48.699 136.030
342.231 444.293
354.468 479.331
110.805 298.399
276.756 33.770
333.260 231.877
441.613 291.516
168.875 246.346
284.696 283.361
142.093 268.851
364.101 328.587
43.511 478.762
252.498 211.400
124.775 379.996
379.361 392.211
42.336 289.096
467.475 497.916
26.430 381.372
312.233 221.884
139.554 289.609
320.586 185.806
396.922 318.909
187.659 413.421
263.469 401.703
157.425 52.393
491.630 194.118
348.837 406.180
393.095 59.062
248.040 166.990
303.288 292.932
253.097 239.800
283.095 52.265
414.804 4.908
372.215 216.183
212.891 365.012
144.230 235.557
146.044 187.675
397.684 311.945
162.048 426.723
100.257 298.703
219.363 223.651
480.672 178.447
33.483 245.868
32.978 474.276
125.542 406.057
124.428 319.633
95.826 329.312
306.779 355.190
1.017 223.525
275.394 284.217
356.331 136.728
379.363 480.247
106.873 352.742
460.137 357.180
25.368 153.323
404.316 26.161
130.218 256.100
281.827 75.283
422.250 424.462
134.271 333.050
88.061 395.168
345.122 105.878
191.277 35.717
467.853 218.851
369.577 392.479
487.593 11.840
51.951 101.726
183.759 61.292
108.093 421.338
430.311 3.673
256.451 107.017
6.620 4.556
98.673 332.114
51.386 359.936
40.063 203.005
422.774 27.780
93.101 415.328
47.876 7.039
80.489 242.118
163.115 203.943
402.279 281.191
337.109 107.874
347.767 424.311
160.523 333.907
343.176 129.939
218.066 373.652
392.037 386.105
70.432 360.225
80.449 468.971
200.674 313.534
294.660 237.038
122.135 93.283
233.507 313.313
438.552 234.832
37.907 474.655
303.265 53.592
266.326 158.602
476.450 101.157
23.642 440.041
373.045 246.519
176.316 236.665
437.315 229.499
317.851 184.400
169.658 23.735
79.534 150.262
355.596 269.366
269.066 213.202
67.752 292.493
211.492 364.933
112.972 386.588
31.160 306.524
45.937 437.541
459.932 205.670
137.958 495.625
342.373 59.349
418.250 114.395
400.964 71.684
276.508 173.531
438.178 75.314
351.513 394.332
72.924 229.870
131.722 216.403
327.722 251.402
180.734 346.599
209.877 97.197
266.919 26.710
140.853 454.481
89.294 188.237
485.115 304.400
270.448 419.902
181.077 332.556
28.875 209.044
137.967 210.005
474.790 326.570
227.013 355.596
302.697 155.296
294.216 370.018
32.704 73.284
174.320 71.929
207.686 122.368
410.321 199.520
368.878 333.283
171.979 8.403
305.274 253.986
320.167 152.021
283.472 150.175
141.053 377.933
119.995 435.530
96.646 475.740
106.186 144.946
192.617 142.610
198.128 135.686
498.966 96.437
37.974 107.293
339.806 350.695
253.696 123.083
215.772 123.457
382.435 359.775
481.832 323.128
407.976 99.866
266.803 236.549
11.151 266.996
357.265 18.865
345.148 330.226
239.798 98.309
289.026 158.198
493.557 421.159
346.860 322.552
495.664 111.891
17.049 109.789
446.709 495.204
232.545 31.606
356.209 372.288
3.691 207.978
18.187 133.025
42.899 323.594
459.219 51.120
108.518 128.112
234.066 145.517
335.014 12.847
192.132 311.943
314.965 18.026
132.763 212.839
183.529 321.983
116.256 324.645
10.859 245.551
301.670 493.475
73.269 175.221
265.393 392.806
47.624 413.289
481.214 308.138
278.719 448.779
301.060 240.048
458.202 425.486
82.175 100.593
495.084 265.779
263.437 355.166
158.810 351.034
404.224 264.473
80.028 317.838
343.289 272.678
52.411 353.278
306.879 431.262
381.630 93.278
498.116 369.263
123.297 358.460
66.128 343.739
335.327 207.092
38.483 295.893
249.174 307.698
360.119 5.384
429.763 37.282
486.205 475.869
83.809 190.322
404.857 145.015
471.306 447.508
194.135 311.382
305.365 133.634
270.521 28.303
182.314 83.390
26.012 270.709
467.172 336.389
138.042 7.137
303.012 233.313
0.234 230.725
27.379 26.359
339.258 253.438
276.347 338.858
274.968 113.448
275.473 415.182
154.609 363.844
166.924 485.892
310.231 56.111
477.506 121.150
246.874 24.193
81.827 470.803
132.050 135.211
119.033 109.050
155.285 151.972
83.850 173.762
95.316 187.561
14.671 334.220
54.313 263.584
37.249 93.315
465.037 33.094
497.799 167.239
151.042 8.811
377.434 50.376
152.106 489.496
382.143 353.234
263.965 140.356
223.752 101.905
193.238 0.209
369.108 66.064
167.567 74.332
482.553 493.104
438.524 235.487
321.085 403.022
450.377 6.389
429.691 449.586
169.771 419.091
309.891 481.292
499.173 197.847
255.275 381.064
46.565 473.320
31.884 62.063
43.649 188.426
333.569 367.248
164.982 324.820
403.049 361.088
96.186 73.615
175.877 45.309
277.678 362.685
73.103 139.776
402.368 120.543
484.399 353.028
84.754 476.200
422.973 479.384
99.919 371.438
489.150 59.820
248.028 354.521
299.318 382.352
419.215 483.548
181.460 124.389
33.617 195.417
341.795 147.221
357.635 98.319
456.747 95.458
464.618 407.721
368.975 294.704
244.821 42.113
484.038 73.806
293.040 6.600
319.340 211.451
100.381 247.032
99.617 210.370
318.048 320.970
79.164 399.831
372.908 379.840
43.723 365.389
290.971 67.161
314.604 489.640
11.415 129.214
48.588 407.547
3.910 390.427
149.119 247.969
317.963 157.861
433.580 200.796
81.289 149.583
18.758 305.446
141.649 282.740
146.591 398.046
116.647 201.474
490.834 165.568
379.282 487.486
318.670 295.336
177.619 428.878
154.186 10.472
374.867 435.864
43.181 233.614
31.721 140.878
161.134 188.919
454.490 209.724
216.163 404.764
179.173 71.583
112.296 201.678
447.553 73.600
217.542 336.540
380.005 291.847
104.059 456.451
485.042 49.417
411.063 388.314
238.093 411.398
168.249 479.466
468.643 0.625
353.540 18.575
89.275 175.346
345.628 106.455
220.115 238.526
84.243 278.577
438.816 479.851
83.107 292.162
230.757 235.726
65.960 272.040
439.313 394.010
452.436 338.272
291.316 386.475
287.597 162.917
378.294 121.160
390.252 95.579
139.572 277.329
185.350 331.036
166.215 393.716
281.470 439.469
167.271 140.632
463.366 6.722
247.331 256.504
19.230 375.122
81.961 253.842
420.849 244.656
462.636 233.946
121.856 462.120
430.233 21.006
294.243 161.245
341.927 483.258
361.461 419.567
122.595 255.897
43.483 466.730
185.028 466.248
201.561 218.868
332.415 352.520
482.120 38.738
229.240 43.813
413.954 253.330
175.305 470.358
214.112 99.904
93.246 388.513
384.225 453.302
220.869 293.599
78.904 146.763
278.624 183.925
51.950 322.067
216.776 153.708
132.854 7.186
96.656 139.179
75.842 362.075
349.284 461.675
13.976 37.949
179.982 448.144
190.001 1.161
366.765 439.150
262.727 495.518
431.775 407.093
235.297 180.103
26.116 9.622
449.111 311.128
469.380 162.501
422.030 425.659
393.763 40.359
436.669 199.648
282.495 224.799
246.356 361.498
468.140 139.677
57.369 24.235
410.237 127.400
428.356 431.226
395.601 136.956
474.387 370.113
103.148 197.470
97.833 146.265
424.495 23.198
448.822 215.981
427.774 449.904
387.350 228.789
214.025 68.945
470.878 313.762
340.213 325.021
479.330 38.336
430.241 217.494
409.009 350.146
347.965 6.121
106.267 106.399
46.593 69.857
247.700 475.625
336.893 410.749
383.006 493.422
105.489 480.552
116.248 193.402
226.590 410.316
156.302 355.539
63.706 365.684
254.774 435.160
340.107 102.847
57.582 458.532
19.621 19.244
437.778 200.414
34.219 249.416
358.034 127.515
434.657 477.003
70.276 57.315
219.149 239.425
462.664 491.076
71.618 320.556
219.591 351.684
230.896 373.622
349.538 205.510
462.728 171.791
90.328 59.255
203.509 409.048
88.401 85.068
296.371 426.967
390.931 199.955
405.970 230.452
453.483 168.213
144.413 322.879
67.588 205.283
275.685 484.169
474.166 362.635
315.670 406.416
264.499 251.945
445.619 107.416
44.952 327.174
4.775 182.673
65.974 172.300
33.337 455.607
398.656 344.481
198.908 423.239
246.765 32.470
311.942 451.135
201.473 492.095
23.124 160.418
314.600 486.297
247.971 253.768
475.010 406.562
123.145 457.521
378.746 441.218
478.858 104.324
404.656 256.908
294.827 104.661
299.636 482.595
292.975 409.573
97.222 86.972
263.874 340.029
40.404 418.084
426.023 422.135
423.243 259.020
471.185 479.231
124.013 427.677
27.705 4.835
413.267 415.965
77.040 311.280
95.046 184.396
477.487 474.672
384.274 341.535
101.981 456.268
306.130 410.438
404.182 476.418
240.754 32.837
204.199 33.422
128.299 163.988
96.893 104.726
292.228 228.898
336.991 88.620
340.385 274.918
106.781 216.291
139.110 451.862
274.034 89.462
42.383 87.317
385.336 142.070
133.295 482.438
445.174 194.386
100.984 90.536
235.062 77.269
188.769 144.843
209.853 461.282
345.046 379.177
211.415 268.990
394.822 412.820
129.771 436.878
425.842 25.372
190.330 391.436
356.027 121.470
191.772 227.444
308.230 48.980
211.694 205.321
403.282 180.939
428.487 271.449
53.364 333.190
172.168 413.959
116.146 100.272
172.103 316.720
146.231 369.706
158.391 253.004
442.261 265.621
51.585 414.233
429.044 103.311
398.433 464.749
199.369 205.392
299.213 113.568
121.504 81.737
282.127 237.480
244.781 498.096
273.477 138.656
404.323 3.509
254.916 391.471
21.959 121.408
88.301 285.484
315.175 298.538
213.861 236.479
308.997 275.317
162.963 94.015
321.299 362.417
135.251 155.734
359.221 184.354
316.943 375.630
427.703 197.611
55.479 44.649
71.985 402.581
50.789 453.872
71.830 320.306
328.850 442.981
40.243 308.531
411.216 286.148
189.053 78.538
381.364 414.196
17.632 34.315
119.244 247.067
98.329 376.847
275.461 332.679
174.536 171.074
409.217 434.234
88.852 149.870
92.003 21.897
177.694 489.138
433.528 357.850
386.257 447.135
200.520 36.829
383.601 332.691
53.717 403.804
40.484 373.943
482.113 220.131
403.179 92.533
332.313 124.897
186.818 55.971
414.340 280.073
16.972 25.390
398.513 356.277
259.477 354.604
448.223 229.220
381.134 308.614
371.068 93.455
472.681 324.627
433.737 465.561
469.984 167.461
115.073 84.304
201.436 416.116
184.017 436.887
185.549 234.613
453.628 151.483
184.811 468.691
78.358 462.862
105.130 142.311
488.792 253.352
393.503 206.519
98.105 78.869
121.650 352.510
249.142 32.804
81.052 371.717
430.250 298.268
414.744 269.513
207.373 340.524
210.256 298.838
290.120 228.457
249.342 311.522
438.148 18.721
90.691 395.389
364.558 216.642
408.587 460.896
277.584 245.249
463.043 283.789
475.671 87.218
64.837 314.660
300.700 498.683
326.247 243.213
315.693 474.660
118.651 359.857
315.240 56.319
65.752 54.894
327.400 197.349
285.870 359.439
39.984 120.568
370.599 140.467
176.312 176.628
322.147 101.200
167.040 126.110
160.301 370.791
400.554 190.175
225.164 310.715
302.271 100.780
127.532 412.032
374.700 28.762
175.392 425.426
328.053 134.346
422.669 135.927
209.288 336.425
125.394 474.853
246.475 289.296
456.379 166.572
379.794 159.918
76.008 302.512
32.702 278.866
488.263 50.082
475.607 220.838
465.641 96.246
107.077 245.906
414.573 377.793
449.767 48.600
5.877 254.282
316.453 497.273
253.765 110.968
64.666 439.706
441.641 119.450
52.283 371.309
148.269 473.795
39.489 85.950
97.105 186.569
17.589 57.971
228.015 464.178
77.635 315.834
90.281 106.318
203.247 279.562
258.240 148.408
291.614 326.253
449.990 341.873
97.815 276.423
183.661 301.233
420.582 138.597
358.440 373.757
15.470 354.263
483.699 205.827
341.241 413.266
464.313 87.453
104.502 362.425
136.850 397.894
222.552 216.856
79.406 92.717
168.519 463.706
129.395 270.780
456.578 24.913
473.971 405.818
51.687 327.211
108.943 188.213
451.152 193.564
343.316 38.440
212.250 150.998
469.936 252.951
483.895 175.069
281.013 412.770
244.181 334.151
249.074 352.282
415.791 484.125
121.740 409.689
415.732 119.914
305.832 267.829
38.881 58.180
81.739 406.098
87.543 470.131
55.696 63.554
141.980 495.655
225.304 360.119
215.219 314.207
109.916 49.871
483.915 200.763
393.509 210.497
83.668 407.960
352.951 202.401
303.862 383.790
401.110 311.424
118.390 47.857
217.553 228.900
334.424 58.142
184.391 254.351
103.398 238.863
471.388 120.479
446.943 304.485
352.529 369.230
492.665 118.070
290.301 157.464
283.160 204.925
49.054 153.269
230.379 425.875
400.813 483.554
111.006 79.624
393.673 20.726
292.922 401.783
374.575 411.263
0.153 340.426
464.284 166.961
459.061 460.065
357.514 334.523
95.828 9.067
282.753 177.539
424.936 416.011
428.609 40.511
457.727 110.224
32.943 125.529
458.332 248.103
333.709 59.472
59.976 463.309
7.915 222.661
42.737 169.278
377.907 295.179
199.147 450.916
299.382 403.532
58.153 384.314
3.111 164.689
267.105 236.865
384.603 7.550
192.895 387.311
360.897 421.915
388.389 154.949
173.708 369.175
364.139 133.122
177.575 30.076
32.456 430.535
13.899 492.666
292.428 233.271
74.894 375.723
436.865 148.606
394.220 158.280
208.860 253.921
432.738 301.404
76.422 158.902
466.632 312.111
307.553 170.859
66.542 452.367
224.760 313.717
12.004 80.489
290.895 436.653
419.238 14.930
273.935 56.921
156.014 448.317
179.516 58.492
157.042 115.603
253.706 69.672
268.308 343.595
244.201 199.007
