100 3
50.0 50.0
96.095 75.86
84.396 72.886
15.792 84.929
21.184 32.553
14.716 98.201
55.868 49.309
59.189 22.504
41.593 59.938
67.378 9.405
81.994 37.045
19.883 53.318
11.36 21.351
84.366 37.521
37.197 43.763
30.199 80.376
13.421 67.403
3.103 3.182
7.932 23.43
43.32 57.965
96.743 28.957
2.865 88.945
20.272 72.493
62.236 50.418
47.61 13.384
98.018 57.692
79.489 53.618
28.522 52.972
0.267 41.116
40.991 98.038
62.63 86.578
67.146 70.294
36.595 96.786
83.919 2.605
19.205 87.896
37.112 0.415
62.251 20.727
68.908 37.295
80.299 8.399
50.203 50.947
5.526 47.565
14.059 76.794
25.354 62.616
76.992 92.798
55.659 75.171
59.035 74.37
14.169 66.823
87.257 66.802
79.08 17.438
72.649 76.428
56.417 34.344
88.084 2.416
29.868 0.596
23.531 71.781
88.17 14.943
94.35 90.193
57.482 79.179
95.774 62.453
58.132 84.148
51.205 60.256
19.328 57.326
58.925 77.636
79.775 71.689
80.427 5.111
84.025 55.061
14.245 88.076
16.532 62.145
19.59 67.817
39.201 48.012
23.684 56.978
39.428 58.718
10.696 58.765
38.222 53.029
48.336 18.87
74.459 91.419
98.895 10.522
85.363 13.406
55.229 70.832
89.046 53.131
39.633 75.536
89.556 4.543
70.062 32.465
42.38 44.384
13.101 12.172
97.059 98.604
82.378 70.586
39.405 29.808
44.469 47.38
85.946 66.235
76.716 21.556
84.656 57.651
74.12 23.382
97.35 29.624
14.352 9.871
8.596 78.915
57.808 10.313
82.202 37.252
8.626 33.246
48.511 77.65
29.018 4.374
