100 3
50.0 50.0
26.344 52.461
52.884 19.29
98.254 62.848
18.25 13.43
83.531 66.548
90.757 16.733
32.218 72.135
49.621 44.951
63.196 75.819
36.087 31.616
18.949 28.73
20.783 18.549
68.839 24.713
36.692 76.549
52.428 74.815
13.164 50.771
20.293 33.615
12.672 56.922
87.306 7.411
80.923 99.47
14.844 58.84
90.893 84.681
79.106 19.325
15.693 45.833
52.923 59.406
28.357 84.534
89.107 47.838
48.168 56.851
14.673 69.358
10.79 95.004
72.613 99.947
56.717 10.354
70.31 18.36
65.96 69.854
50.068 13.05
29.257 78.219
88.111 26.084
51.207 82.283
88.086 25.134
90.657 15.42
93.99 58.698
16.214 19.869
90.241 98.98
72.67 0.542
66.303 31.425
65.41 82.591
54.048 32.478
88.058 29.994
26.205 89.196
0.731 55.797
75.194 92.266
1.737 60.602
95.896 55.251
31.342 94.227
92.122 65.951
41.656 64.412
45.378 78.612
69.869 49.587
10.425 42.028
88.204 55.413
47.178 67.097
73.034 56.711
14.608 48.519
16.892 26.524
39.165 33.377
87.645 60.237
61.518 11.785
88.127 2.153
96.302 61.875
20.762 70.671
59.94 37.006
16.46 51.02
40.952 3.898
2.23 87.584
20.994 32.855
25.932 59.199
40.085 57.462
56.266 20.761
47.155 0.559
51.494 38.766
36.029 33.417
99.723 54.891
41.125 85.719
69.885 87.455
48.472 90.004
30.501 34.475
47.061 16.484
63.142 40.188
64.064 28.906
7.245 51.406
48.608 18.046
48.488 62.323
94.581 46.041
71.645 47.937
48.487 6.804
92.902 14.037
39.942 9.014
17.491 60.36
10.103 54.065
