100 3
50.0 50.0
6.603 46.218
61.911 21.725
3.172 12.115
23.452 19.028
3.319 73.493
35.304 31.298
1.057 63.818
68.59 35.871
94.416 52.253
5.289 76.686
32.04 48.233
0.627 77.324
70.958 45.239
42.59 97.549
68.022 62.893
56.022 63.869
16.839 40.562
37.706 97.71
2.682 59.847
18.742 81.497
74.463 6.633
19.867 47.515
28.476 19.437
76.567 32.634
90.624 84.934
91.328 44.483
48.72 83.549
8.398 45.841
49.841 9.035
58.751 29.701
65.417 82.606
53.991 63.124
64.158 48.691
11.582 61.836
12.065 19.99
82.504 95.648
61.966 52.605
25.066 36.598
5.202 23.433
1.448 20.399
27.525 78.309
96.416 94.456
97.521 6.309
51.471 65.225
30.884 51.045
18.717 96.26
23.004 17.709
10.164 41.151
75.083 84.113
6.374 25.505
20.993 75.735
24.538 12.355
83.393 75.687
24.651 8.851
63.971 96.849
6.246 62.518
78.131 36.234
40.719 41.171
87.14 47.489
42.774 70.827
31.47 84.101
79.296 28.184
32.432 89.66
93.917 75.009
92.999 37.744
62.528 96.442
10.077 66.674
73.012 5.104
4.415 86.12
80.451 48.866
63.39 89.935
27.777 74.075
56.343 25.335
26.717 28.332
19.393 36.367
82.717 47.017
47.166 45.051
69.479 71.295
90.832 81.018
15.078 14.453
26.002 31.044
72.218 34.444
43.4 57.844
56.056 32.91
71.939 25.369
15.482 46.44
2.396 38.628
43.16 8.603
38.321 17.044
15.809 53.01
51.976 67.918
70.122 72.923
35.069 22.164
84.073 44.48
88.341 87.676
76.402 51.81
71.986 53.972
36.229 23.492
86.753 51.039
