100 2
50.0 50.0
24.659 10.547
53.1 54.306
45.441 94.268
54.242 23.863
36.182 86.528
4.056 46.132
36.036 68.848
71.309 20.066
7.404 42.842
8.777 88.72
8.193 55.755
20.419 14.567
30.953 8.033
99.595 31.916
79.673 31.488
56.752 72.274
97.142 49.995
4.655 16.442
51.53 23.232
46.567 91.638
63.766 51.088
12.193 37.463
22.755 36.12
20.244 80.639
18.939 69.669
40.873 90.488
67.408 31.189
73.447 73.065
70.997 8.478
8.713 21.482
66.04 73.327
11.226 79.716
43.338 21.008
11.015 64.105
69.963 12.876
8.108 80.03
81.4 10.855
15.403 7.696
70.93 46.678
5.561 88.228
20.862 79.981
36.72 5.044
26.82 51.693
51.04 57.84
35.219 65.409
25.993 56.94
18.869 60.863
26.406 50.777
35.759 75.12
65.94 30.769
22.107 85.398
53.296 98.813
35.573 94.682
67.604 82.856
62.224 60.231
97.052 87.94
55.437 75.936
36.305 55.079
10.382 35.151
98.864 33.998
23.539 83.181
78.181 92.076
58.009 65.408
8.879 82.423
64.845 18.586
96.678 53.435
33.206 71.496
73.937 43.228
75.615 52.186
81.798 57.064
48.898 1.875
76.046 28.842
10.579 24.488
85.386 66.998
78.962 61.45
9.018 8.201
2.632 86.059
36.97 37.964
86.406 12.201
91.29 36.385
82.744 48.279
61.541 51.824
9.876 66.186
90.902 31.828
74.375 32.421
41.018 86.376
54.038 8.295
37.809 60.226
46.097 49.067
11.648 27.236
52.293 65.423
66.5 62.392
60.381 35.78
77.409 9.614
20.301 80.921
85.884 12.18
85.22 43.469
87.719 29.333
73.153 27.947
