100 2
50.0 50.0
62.986 67.463
34.927 65.02
32.561 14.904
12.734 26.895
48.066 78.784
25.22 98.738
66.709 33.408
1.677 12.093
70.767 28.844
40.903 32.583
10.252 25.308
25.579 65.588
5.561 71.13
53.37 49.74
85.913 72.326
5.962 1.899
90.477 58.239
16.883 62.997
2.279 52.524
13.509 43.898
69.647 23.834
43.922 27.338
3.859 56.696
2.425 28.569
9.719 95.947
78.055 78.277
56.655 75.558
41.786 31.224
2.073 82.13
69.811 24.263
64.25 43.389
49.069 17.911
14.198 84.501
73.865 89.748
5.032 76.483
19.992 18.449
17.974 19.739
62.361 57.299
9.555 80.336
45.116 61.84
67.483 98.449
32.579 17.468
45.291 10.37
49.763 16.016
31.53 99.27
19.344 54.614
50.077 73.019
83.586 89.645
19.636 94.082
53.924 57.747
92.324 85.472
35.372 9.36
3.72 74.213
5.356 50.483
45.54 9.603
35.851 33.736
24.583 97.455
79.909 79.628
85.533 56.192
39.059 76.073
35.876 70.443
41.22 39.147
87.567 70.32
49.371 47.016
17.228 34.281
24.654 8.587
33.513 86.561
78.386 90.224
61.613 41.279
53.624 44.868
53.049 7.898
31.413 71.36
32.185 43.188
61.461 14.947
3.896 64.352
20.501 42.173
53.911 45.072
37.4 10.428
68.89 88.022
21.504 59.26
61.326 16.028
21.24 36.493
15.103 63.99
53.9 25.292
40.094 30.159
42.095 17.625
1.77 90.442
88.544 95.416
5.809 51.057
22.716 68.284
94.485 4.918
47.042 77.94
65.316 53.461
33.322 94.492
46.47 63.273
85.292 62.223
86.493 6.722
91.882 18.801
85.56 41.129
