100 3
50.0 50.0
90.384 37.955
38.783 5.547
83.734 42.897
36.046 86.32
58.894 99.865
88.784 92.311
62.004 34.989
90.096 25.689
13.042 17.215
91.907 33.234
47.699 96.028
21.871 33.892
37.539 20.095
81.546 19.742
26.178 2.62
1.011 59.193
90.147 59.61
20.403 97.982
59.125 33.555
80.715 74.524
2.909 74.931
50.592 76.758
56.596 74.94
43.283 18.298
49.731 67.614
65.532 13.393
58.54 4.004
47.869 33.888
95.545 9.958
45.068 34.143
98.686 54.114
98.035 16.166
64.783 89.105
9.942 50.174
19.979 84.248
38.843 34.466
49.584 27.534
43.438 87.965
89.357 59.33
28.203 84.349
35.696 9.008
46.194 70.893
91.394 21.454
60.445 34.83
27.122 97.245
3.026 18.196
63.112 62.238
76.447 85.994
98.331 23.651
99.219 74.298
85.419 12.426
22.554 54.862
47.951 66.699
10.177 51.056
54.461 99.08
64.692 75.421
37.351 57.737
8.087 80.774
56.699 43.539
43.666 51.392
67.635 40.976
41.137 53.315
98.284 47.107
77.989 9.553
16.629 68.9
44.636 9.722
91.294 67.126
23.653 91.693
12.093 62.893
30.409 21.386
89.324 16.412
76.639 85.133
45.364 85.078
97.475 59.805
0.138 34.168
73.347 61.575
52.178 44.836
45.138 70.905
62.192 42.054
52.231 84.701
48.516 19.734
95.126 19.815
78.99 4.67
67.397 22.639
95.265 45.867
19.613 95.515
87.99 5.795
94.051 89.145
49.183 35.419
37.223 61.226
52.402 67.067
48.657 41.411
16.744 61.875
59.323 8.37
16.633 35.757
90.381 37.322
2.932 51.651
52.186 45.101
1.231 31.268
