100 2
50.0 50.0
68.027 24.601
76.674 31.169
71.034 35.743
43.629 10.912
90.23 70.07
66.849 46.894
25.133 70.806
65.398 85.821
56.498 68.929
77.324 16.646
41.612 84.034
38.561 42.843
63.532 34.376
93.089 56.878
6.146 38.427
81.604 88.203
48.841 26.393
94.719 75.125
7.821 9.037
58.169 85.195
58.313 73.253
85.156 4.124
73.465 58.603
25.048 52.5
89.875 64.025
64.603 0.459
86.07 98.499
80.844 88.549
5.363 20.023
40.003 76.251
0.399 40.18
78.395 83.929
44.547 52.336
49.307 71.954
72.292 63.32
18.239 80.498
6.544 60.9
49.401 89.102
83.861 70.836
13.253 90.571
25.224 24.652
6.178 41.433
34.505 64.403
34.724 42.821
74.041 82.353
47.87 75.575
21.666 60.648
53.628 15.18
34.779 25.968
10.059 42.34
73.199 1.252
70.429 39.98
29.121 48.97
52.337 14.509
6.353 23.061
68.882 83.749
43.432 39.544
66.834 71.842
52.33 12.127
54.027 54.818
74.841 83.796
43.688 78.063
20.825 17.251
3.164 7.701
6.825 57.6
18.09 29.263
24.263 91.791
76.075 57.206
36.779 26.275
49.487 48.372
53.035 47.728
81.988 16.294
45.253 64.969
86.856 26.314
9.596 43.525
16.272 16.261
68.574 16.829
2.998 17.971
24.776 0.511
84.677 10.026
82.693 46.976
55.097 15.042
94.119 92.764
78.434 56.901
86.159 9.154
2.733 46.276
5.466 86.99
85.466 47.347
93.578 47.852
60.384 35.68
59.595 23.037
50.755 67.93
3.512 62.063
91.81 66.291
64.179 70.46
86.386 78.206
32.459 57.517
44.618 36.387
33.671 88.416
