100 3
50.0 50.0
84.107 32.975
43.089 41.145
64.294 95.751
41.416 46.413
80.094 82.536
60.175 61.344
23.083 88.044
44.472 97.446
21.07 40.981
99.238 54.008
35.673 12.821
27.35 76.667
97.225 1.626
18.675 26.343
12.477 71.58
72.662 69.001
35.166 67.33
5.123 50.076
37.048 23.633
37.666 72.258
36.761 62.302
68.667 56.194
33.578 90.367
7.586 25.453
14.729 83.767
84.076 19.978
35.21 5.866
2.614 42.702
86.65 56.266
98.2 93.085
14.233 55.361
25.138 68.336
30.928 33.493
32.792 42.941
18.149 91.465
65.045 1.478
79.801 28.393
61.248 11.585
51.823 68.414
16.75 61.86
63.491 96.203
60.365 9.61
51.489 62.885
60.345 40.031
13.951 47.949
10.469 41.309
65.542 39.626
50.539 15.851
94.136 84.982
84.088 46.765
69.919 81.623
53.198 94.172
20.494 41.039
34.068 78.356
56.182 90.899
10.603 73.171
46.398 67.149
63.024 56.527
24.213 44.203
44.997 40.527
96.704 47.78
94.771 84.901
46.208 0.706
38.241 78.963
99.341 53.136
58.821 7.501
31.967 32.243
70.105 44.172
36.986 49.975
17.318 88.655
99.109 54.527
16.45 95.962
42.932 24.89
34.872 72.371
41.914 21.749
64.594 27.783
41.695 37.57
57.233 22.51
72.181 3.296
80.582 75.724
41.034 71.79
56.057 90.676
88.44 28.693
95.915 95.756
76.209 80.936
64.934 29.098
7.435 43.772
82.72 37.799
52.298 91.482
64.72 8.993
97.815 86.041
67.084 61.078
67.46 35.024
7.742 27.911
53.391 88.515
84.469 93.239
3.988 93.912
23.924 88.371
13.403 27.029
