100 2
50.0 50.0
3.207 76.074
37.129 41.531
79.543 58.052
16.774 11.259
14.977 39.64
77.797 45.824
86.12 60.55
54.308 47.07
56.887 36.327
60.323 1.727
25.259 33.513
78.998 8.561
48.06 22.513
82.313 61.205
14.074 94.661
30.26 58.349
47.304 97.032
26.322 64.365
54.752 43.702
57.382 39.308
72.609 55.99
54.995 6.802
58.09 72.799
50.621 72.449
0.271 15.015
85.658 70.267
57.811 64.531
54.399 77.206
28.202 3.225
85.272 49.001
29.437 31.861
16.095 87.455
86.422 26.368
38.322 91.871
96.837 88.123
38.25 52.544
54.204 38.258
15.254 5.681
33.941 13.093
38.612 49.708
71.694 10.875
31.946 35.35
35.5 52.388
55.119 85.821
65.066 67.592
82.846 82.369
18.893 48.522
37.362 28.479
82.584 2.515
94.207 79.495
32.58 83.923
30.62 17.899
89.825 81.937
91.471 52.488
30.864 16.952
63.058 45.915
80.841 19.803
30.453 20.797
23.891 26.292
42.969 72.712
43.142 44.588
78.239 76.43
91.287 2.801
18.121 80.283
55.053 32.127
94.67 25.297
28.618 88.288
95.878 51.567
72.45 54.161
30.641 57.34
14.814 24.494
26.372 36.454
30.652 26.035
40.631 39.695
51.738 37.111
22.896 40.171
80.351 72.673
23.012 78.307
51.33 78.119
31.464 14.729
89.234 16.055
63.048 77.316
27.045 7.944
30.386 49.6
65.163 74.037
60.485 34.383
76.357 16.444
76.691 82.452
41.566 62.153
82.402 66.201
39.615 21.672
42.459 35.827
50.885 98.328
54.485 56.401
48.727 48.857
88.672 44.355
22.151 99.362
25.998 2.19
25.457 41.306
