100 5
50.0 50.0
17.249 63.627
1.879 65.825
87.922 73.696
88.115 68.439
86.508 39.232
41.753 5.807
40.945 48.945
14.698 23.865
8.769 3.126
37.992 55.919
75.98 7.218
84.32 32.675
56.107 57.07
68.683 28.159
0.611 99.561
98.98 85.194
46.835 88.898
55.244 60.654
4.222 43.6
68.834 18.642
14.321 55.268
66.224 14.521
6.838 3.999
38.238 3.772
51.324 13.883
0.492 41.593
33.105 96.575
41.541 38.182
94.851 55.255
2.412 74.433
42.893 84.684
1.674 64.604
85.235 96.163
19.33 57.955
20.913 13.992
77.24 81.862
65.13 83.659
12.9 87.64
82.918 65.425
39.621 56.21
61.371 83.822
76.054 2.509
76.212 73.996
97.63 28.787
27.634 63.454
14.005 11.924
20.763 24.154
92.295 89.453
75.626 15.457
83.48 34.76
6.494 57.677
83.802 49.99
65.221 93.807
71.286 18.57
62.036 65.16
81.945 56.505
99.081 86.083
68.889 21.825
15.943 48.645
87.596 90.577
11.903 33.613
64.918 87.443
23.959 61.591
20.851 15.688
74.479 41.827
0.821 54.021
72.784 9.473
56.176 63.714
90.926 17.944
82.762 16.888
95.659 86.933
92.007 78.016
31.047 33.476
21.669 61.611
88.369 20.35
30.314 12.626
81.231 70.958
41.844 2.462
99.562 50.327
3.989 74.125
26.294 54.377
98.497 75.009
86.493 89.574
24.421 52.895
51.726 78.541
94.819 39.5
69.164 73.133
22.136 14.3
40.078 91.331
45.305 67.658
87.243 91.13
93.351 62.628
5.627 94.206
73.714 66.416
88.887 43.233
7.646 41.127
48.193 29.655
37.603 94.435
7.85 64.257
