100 5
50.0 50.0
83.338 10.401
80.039 44.021
83.035 68.171
51.148 97.32
28.93 38.234
0.334 88.957
71.141 73.354
29.44 84.132
14.953 83.262
41.823 92.301
82.979 6.387
40.605 69.544
95.159 99.944
31.858 22.505
62.408 11.491
63.103 95.828
96.493 58.439
95.486 23.774
39.662 78.43
44.831 46.223
39.507 98.873
33.099 35.481
48.127 30.749
35.255 75.422
41.332 59.288
80.637 41.537
68.107 63.325
72.002 83.945
24.631 1.988
15.903 36.699
71.08 16.578
47.982 94.412
80.315 59.644
31.61 24.289
10.003 99.576
41.838 98.733
89.029 77.751
95.746 17.044
78.273 9.798
0.758 17.332
44.728 47.235
39.611 35.726
13.642 45.963
79.747 44.967
83.484 45.938
24.115 25.78
20.306 79.096
19.786 3.422
73.359 21.453
46.639 91.357
0.212 10.489
44.504 14.72
44.734 76.035
10.06 32.039
70.453 43.911
63.848 71.314
92.147 37.783
41.928 49.45
90.083 3.128
77.722 10.424
27.453 6.268
37.023 72.753
10.887 76.797
8.822 14.63
80.235 66.962
92.14 75.269
55.703 89.358
98.559 12.858
9.979 13.951
47.162 44.574
36.074 18.237
96.947 23.32
46.16 17.892
64.854 40.128
2.33 96.059
90.854 21.398
71.231 74.446
71.291 23.783
54.415 8.851
89.428 18.304
65.818 3.596
2.314 19.73
80.244 23.935
85.439 31.011
26.783 12.549
61.29 64.023
31.506 26.981
77.051 59.684
63.936 3.419
5.522 33.864
5.797 95.002
59.382 58.134
59.795 29.899
54.666 46.817
92.254 72.95
71.974 35.241
77.612 72.601
32.833 42.417
22.267 39.224
