100 2
50.0 50.0
57.784 85.95
67.921 24.639
69.4 44.997
73.92 31.166
51.667 7.732
99.879 36.997
93.641 33.555
64.586 6.971
78.619 53.156
53.775 43.03
71.839 24.528
90.54 35.843
90.814 60.254
0.686 56.371
97.665 13.038
41.062 24.546
86.055 42.589
76.977 59.265
67.059 6.783
88.439 63.885
94.391 40.209
98.804 98.465
39.261 29.334
15.691 76.803
45.815 71.863
87.787 95.803
96.524 13.778
91.43 72.761
13.987 28.195
26.257 39.722
69.743 43.99
29.962 78.232
44.143 15.936
60.477 22.161
22.252 32.366
41.497 82.438
42.791 50.124
13.257 48.579
10.521 55.503
76.128 7.116
84.983 72.563
60.219 43.848
29.549 84.149
36.892 30.235
41.607 50.87
33.537 54.98
88.533 27.94
43.173 50.474
66.191 22.491
66.644 69.004
73.798 70.171
14.564 14.176
27.898 93.675
74.407 9.064
77.607 33.278
61.389 79.066
66.055 53.051
78.014 32.762
88.83 57.492
70.459 6.395
37.435 48.795
7.781 49.05
11.467 64.526
55.873 9.784
77.483 28.637
15.483 23.959
44.546 46.076
89.151 9.163
69.703 99.511
71.808 11.851
79.506 90.133
60.193 97.818
29.388 4.636
78.405 56.627
97.69 18.201
71.063 25.793
18.472 33.055
48.143 46.402
93.23 25.996
86.35 0.903
58.173 1.823
15.987 60.262
42.84 32.229
26.199 24.967
89.005 73.149
61.72 96.478
96.734 92.332
78.816 52.186
41.279 4.813
70.154 90.155
62.728 92.749
75.437 52.426
82.992 42.112
7.382 86.157
87.518 45.958
25.114 53.691
1.383 53.56
74.682 95.323
3.487 97.023
