100 5
50.0 50.0
22.652 0.809
83.824 16.002
7.975 72.712
70.535 27.711
31.768 78.434
38.613 25.587
57.218 47.1
6.029 32.656
81.86 87.671
26.931 42.393
39.436 82.404
30.456 54.94
93.694 94.131
33.266 65.221
63.14 0.161
56.713 97.154
71.586 96.082
20.025 2.216
53.842 83.483
9.46 52.9
71.666 76.828
37.135 21.208
39.838 50.683
45.42 30.611
5.5 91.552
20.123 79.218
77.814 51.617
56.837 38.246
6.065 44.728
77.206 20.706
14.512 23.681
68.414 87.618
82.172 25.817
19.663 46.909
11.464 14.573
16.978 38.758
10.873 86.202
71.546 54.062
80.814 78.124
92.026 64.542
89.09 0.523
62.103 41.665
74.791 32.87
42.954 9.263
14.562 55.632
96.623 11.126
73.974 47.487
28.101 47.065
65.147 30.113
86.72 66.682
43.366 12.925
79.82 19.785
94.146 64.125
64.579 89.749
90.342 27.807
10.316 52.001
1.684 62.518
9.349 32.97
84.354 77.531
20.626 3.715
73.817 62.977
17.662 8.886
46.04 68.284
13.578 24.972
86.374 16.707
15.465 82.152
24.027 55.497
43.397 8.082
50.431 87.175
70.024 80.564
7.474 91.206
35.467 39.234
25.75 57.389
31.112 78.475
76.266 77.771
25.359 3.871
96.308 86.741
6.491 23.413
63.713 6.582
43.987 83.496
74.313 42.392
76.879 80.856
73.901 26.241
20.368 75.864
59.959 85.891
3.562 26.187
22.687 55.588
17.04 83.963
69.224 50.686
48.364 52.202
18.15 72.354
92.005 54.819
53.193 83.975
51.463 50.078
84.814 83.012
68.607 12.186
27.991 22.127
10.367 21.332
5.383 67.529
