100 2
50.0 50.0
60.029 66.88
28.147 85.256
27.067 64.021
67.31 35.582
72.806 8.481
19.841 71.64
87.701 27.134
85.877 36.487
46.431 92.063
83.546 24.979
21.515 41.493
88.555 92.975
64.719 27.867
47.596 22.552
93.778 18.869
82.589 85.527
90.519 24.294
12.809 8.927
25.117 41.953
90.701 14.022
6.57 90.639
20.967 55.89
66.308 5.599
42.435 61.92
18.127 94.327
28.643 29.228
12.978 25.256
69.741 32.965
95.575 48.862
74.3 51.394
95.329 63.564
98.937 12.53
49.249 90.495
50.75 88.53
81.683 39.632
73.385 42.78
26.84 19.377
35.99 12.634
87.751 20.552
99.267 56.005
13.408 46.233
43.913 63.24
50.588 33.958
38.424 94.704
22.668 57.574
23.738 8.149
77.516 77.93
49.501 42.286
53.106 2.272
43.946 59.515
24.566 88.143
81.059 99.249
54.265 63.088
68.257 27.107
24.809 41.479
58.499 44.842
80.466 48.757
31.864 66.317
79.906 42.48
17.172 24.646
96.866 16.027
21.746 30.102
7.025 5.434
92.805 24.736
58.486 48.821
28.653 48.989
73.997 54.273
79.896 97.486
46.646 7.099
92.561 92.017
69.762 83.468
88.728 96.783
66.345 50.891
38.347 73.024
6.842 11.276
62.062 53.296
59.75 3.895
77.63 97.625
89.187 43.151
34.675 62.567
8.396 52.535
19.133 90.18
12.79 87.488
81.707 35.044
76.273 37.369
3.437 96.329
76.756 28.797
40.587 48.763
26.624 40.287
83.535 46.909
25.096 33.342
57.42 52.516
85.536 91.399
67.181 40.436
60.741 2.816
49.976 17.49
64.499 66.459
67.19 72.851
73.986 96.396
