100 3
50.0 50.0
98.424 80.495
46.675 58.746
17.231 96.576
84.335 99.454
23.439 24.564
35.714 12.038
87.845 12.389
8.494 32.964
79.31 32.176
40.275 51.778
74.081 79.444
2.066 18.367
98.002 92.852
69.578 88.36
98.597 27.61
21.713 99.032
88.857 43.336
48.666 19.082
17.466 34.065
55.594 3.086
54.411 50.745
48.524 79.522
76.057 95.764
67.162 34.169
63.376 58.696
84.62 73.285
32.441 74.964
42.215 61.247
52.987 26.871
1.49 45.819
51.493 68.394
49.78 97.02
53.214 71.153
59.631 61.483
97.844 43.927
78.861 81.729
42.547 70.966
15.232 94.277
18.866 11.131
38.184 75.763
23.823 71.25
60.067 17.361
13.237 56.467
23.541 54.494
25.952 59.261
98.721 0.029
35.396 40.652
63.906 90.921
73.511 85.194
18.743 53.679
22.907 18.872
77.53 87.608
74.104 9.056
53.852 87.574
91.51 11.083
63.849 77.676
78.072 77.715
82.704 87.42
99.705 11.885
36.08 27.848
79.382 26.605
50.403 95.353
13.211 59.319
53.899 98.856
3.009 62.044
50.662 86.5
25.684 11.197
92.114 29.608
53.546 27.354
60.551 52.933
5.48 1.174
13.989 95.11
15.297 90.778
13.903 12.837
77.688 52.215
23.237 50.111
24.037 25.163
78.954 0.742
64.668 30.904
60.899 32.085
47.644 51.605
0.138 58.219
86.223 72.105
35.464 22.419
12.789 53.738
77.406 36.624
64.666 16.248
79.67 4.515
14.405 80.862
88.911 18.395
37.85 77.328
41.099 70.52
13.171 68.628
71.384 68.746
28.069 93.762
9.816 48.42
58.666 58.822
19.828 50.388
38.059 12.206
