100 2
50.0 50.0
18.219 56.371
39.254 22.15
24.504 42.459
57.831 44.868
72.109 70.492
12.74 55.394
84.964 81.91
66.777 23.904
48.041 4.952
97.777 11.462
19.037 3.021
23.662 6.434
49.332 25.956
9.721 71.861
20.357 95.13
94.074 57.822
84.064 53.522
2.159 31.544
82.548 49.582
24.206 64.862
64.33 24.266
7.623 55.051
48.992 23.966
27.647 28.641
32.669 37.149
15.74 98.039
99.865 78.477
24.867 63.189
97.281 18.809
11.073 20.653
25.45 63.23
76.02 24.3
69.916 27.363
62.538 13.845
99.737 36.499
75.434 20.162
24.934 92.976
75.029 63.035
65.676 74.479
58.298 24.031
27.454 90.12
34.161 26.86
13.608 1.726
64.926 11.19
31.713 77.794
10.64 73.163
3.052 83.59
35.266 29.788
44.192 11.441
74.5 73.464
88.507 14.116
78.454 57.633
97.395 39.311
18.868 74.005
59.504 6.315
26.409 88.626
93.705 23.137
2.556 46.537
25.29 65.915
40.954 11.225
0.915 26.738
89.561 89.766
73.569 50.211
37.47 92.055
25.908 41.651
87.258 46.186
92.586 43.592
52.183 46.191
73.634 24.011
56.419 43.044
37.227 47.873
18.28 44.467
20.999 83.662
38.809 62.124
36.342 95.29
9.438 5.059
45.885 80.886
11.221 1.317
67.037 15.564
33.507 94.144
24.911 66.867
0.98 39.996
26.737 56.745
19.978 93.478
66.008 15.858
45.03 35.605
66.327 65.667
62.33 63.577
58.029 63.737
97.416 69.847
91.828 46.981
91.805 12.284
7.762 28.956
19.685 70.512
80.962 11.757
76.616 9.537
49.899 38.371
70.154 76.366
73.211 66.957
