100 5
50.0 50.0
82.407 7.975
16.178 65.512
42.069 12.814
5.121 41.155
17.248 93.734
99.785 85.913
24.569 93.101
53.48 74.652
48.781 29.626
59.958 69.348
81.35 50.15
80.641 46.181
2.383 15.525
47.618 27.435
20.389 62.128
32.553 69.118
55.265 97.084
38.677 52.714
68.348 59.523
64.73 58.393
47.929 21.912
21.254 71.783
36.343 40.333
35.975 5.682
74.913 48.377
32.088 25.77
51.031 59.149
39.255 89.223
22.326 19.91
27.879 35.277
57.995 3.627
64.635 58.906
88.203 24.467
74.379 92.216
98.718 49.277
3.881 59.721
64.124 8.139
3.78 57.195
68.848 8.771
76.723 64.511
60.111 99.952
48.61 72.536
18.047 70.692
65.658 60.613
81.386 68.911
45.959 77.473
13.819 41.544
58.57 91.99
10.472 42.569
10.239 43.873
38.621 78.612
0.749 41.419
89.022 1.965
15.535 79.691
61.029 93.911
21.55 64.37
54.681 58.918
1.696 78.713
1.181 9.736
43.011 48.095
27.204 82.294
62.78 77.558
86.147 37.833
78.8 1.049
19.756 32.606
13.383 63.677
61.888 26.465
73.935 21.845
46.346 66.182
46.754 74.638
90.093 93.617
22.024 26.079
39.33 77.623
28.85 92.886
61.709 75.249
80.939 18.867
41.568 31.499
67.408 54.116
51.082 41.742
23.043 59.293
28.933 69.26
54.56 24.151
25.754 51.606
98.58 8.775
85.257 43.802
91.429 41.348
81.658 82.203
83.446 7.415
48.132 72.69
77.202 12.058
63.813 21.552
35.792 41.995
68.035 27.905
53.612 91.882
65.246 59.897
25.131 43.58
90.884 19.798
34.884 24.863
77.283 47.875
