100 5
50.0 50.0
95.175 61.391
47.826 74.189
25.963 73.983
26.453 69.574
76.384 69.996
28.517 24.481
29.077 66.18
94.069 31.329
82.653 32.245
6.523 15.591
93.613 66.643
75.243 77.307
68.656 6.015
84.446 99.873
26.407 90.432
49.661 84.02
53.719 71.587
54.421 48.987
87.966 8.737
24.167 0.274
21.213 43.776
7.316 64.525
48.841 45.178
19.851 67.23
32.604 14.98
59.829 73.873
19.888 73.351
84.673 38.238
19.821 75.134
57.732 57.736
71.673 82.806
34.288 12.041
60.975 17.91
25.54 75.402
32.999 65.341
75.535 29.603
44.367 40.121
9.752 80.481
7.973 21.905
90.213 53.276
45.216 70.775
66.142 89.826
44.59 97.971
82.084 30.91
31.809 21.509
95.774 72.345
73.701 17.693
9.789 25.758
9.142 47.498
18.18 51.815
99.338 87.264
74.592 21.14
99.168 58.572
39.876 89.434
1.876 66.707
32.402 32.595
41.5 94.02
13.281 37.453
44.985 88.869
28.144 1.106
62.308 61.401
51.025 69.315
40.576 12.906
16.626 64.43
31.588 90.678
43.87 22.423
49.994 84.237
27.015 43.235
22.486 8.442
26.604 67.452
28.821 65.712
10.487 44.703
48.985 1.24
95.572 9.793
71.397 32.78
4.156 70.088
37.278 7.216
27.886 4.695
73.455 70.681
17.988 58.025
56.702 68.071
30.968 25.484
77.286 6.662
9.465 54.238
70.421 95.778
56.214 14.669
15.378 10.861
16.449 76.187
53.539 32.493
43.281 14.337
97.663 48.698
15.892 63.103
22.632 45.604
27.57 52.514
27.062 93.389
38.495 17.124
6.596 3.387
10.776 16.26
97.42 10.424
