100 2
50.0 50.0
36.029 32.578
23.291 30.908
38.945 8.55
2.679 62.213
90.968 53.19
32.068 64.678
13.253 69.448
88.248 18.703
55.54 85.987
39.55 32.997
45.071 34.221
74.476 72.26
2.979 98.976
45.16 48.729
43.169 15.847
81.86 14.123
19.289 53.468
89.426 26.693
83.357 90.783
81.113 44.975
10.99 47.805
79.752 38.887
72.774 58.866
21.807 98.427
57.762 34.309
12.992 19.538
27.656 3.848
12.909 89.059
36.858 78.621
32.301 87.092
7.53 98.628
35.059 41.025
87.142 67.55
92.717 9.941
56.11 28.221
64.055 56.873
75.897 61.852
89.563 7.96
6.535 83.735
16.099 81.857
64.733 36.211
84.091 99.959
10.808 69.071
64.064 55.946
4.751 78.22
97.112 3.528
93.89 12.034
29.131 5.104
79.516 98.079
90.699 93.246
27.649 65.625
54.892 64.979
15.214 72.516
48.57 72.927
60.323 65.275
57.864 27.034
22.805 74.719
68.387 4.408
72.7 60.764
89.127 71.805
93.692 52.881
55.73 43.044
70.343 54.383
42.664 63.527
67.357 23.507
6.271 84.23
58.166 33.956
26.055 13.619
65.667 1.54
89.815 54.13
58.854 56.445
67.066 18.397
38.41 9.663
1.034 57.083
63.795 75.554
54.009 64.68
7.668 42.02
34.514 72.402
73.977 15.244
39.378 99.103
43.158 51.342
67.442 46.059
11.451 64.097
48.978 83.884
32.434 93.449
53.222 30.82
44.299 25.654
9.101 98.654
93.537 24.15
48.827 19.151
12.725 8.802
52.449 10.542
87.615 50.786
76.012 46.106
56.295 9.667
30.263 25.569
60.094 64.981
33.997 25.843
28.146 74.048
