100 5
50.0 50.0
75.152 4.999
6.287 48.449
37.263 11.129
76.789 95.742
74.196 80.666
16.329 44.302
35.619 90.672
41.488 30.742
63.836 83.871
34.043 66.991
80.0 78.739
19.271 48.286
75.507 92.753
4.222 97.412
65.173 63.762
93.599 71.724
83.84 46.895
93.328 83.521
18.524 75.494
82.59 50.836
32.254 25.946
22.612 9.224
5.305 82.595
40.227 39.725
83.32 73.212
49.263 7.687
42.562 81.314
42.515 71.194
70.986 73.891
6.109 9.993
15.223 71.467
33.683 22.631
26.362 41.255
79.874 15.711
57.773 23.755
31.221 39.402
56.568 39.861
38.311 37.698
55.577 92.462
23.734 91.76
54.584 47.828
43.215 75.229
9.294 84.356
15.18 45.048
33.995 27.501
77.898 74.764
82.518 42.086
79.807 93.639
20.149 12.085
97.469 9.565
54.019 32.679
64.576 65.738
29.664 94.592
12.218 39.078
99.762 46.98
98.341 99.492
7.213 34.102
88.387 37.411
44.456 10.838
66.521 9.523
69.525 9.849
34.377 15.403
53.78 69.682
32.109 18.833
28.469 70.327
26.649 66.132
75.841 95.949
43.968 48.388
32.195 42.078
81.148 98.409
97.449 89.458
33.093 16.281
79.286 15.305
47.468 58.326
94.158 71.685
84.169 32.685
79.092 8.947
41.947 88.158
77.965 69.539
2.799 14.834
44.762 91.318
63.6 96.065
0.89 60.576
60.241 39.681
64.368 56.814
40.497 89.969
53.345 95.768
49.716 98.361
4.984 85.191
4.71 50.61
47.28 39.134
15.686 20.955
69.061 22.896
3.816 92.551
46.759 14.435
36.644 49.287
21.329 91.765
17.391 71.212
57.984 66.048
