100 2
50.0 50.0
83.158 27.853
22.078 83.29
95.43 16.181
68.249 27.674
26.592 26.891
95.946 46.956
34.111 54.112
91.943 34.481
27.719 61.126
73.974 78.383
9.82 72.939
97.943 68.066
22.785 45.106
83.157 70.732
59.67 70.483
86.869 26.732
66.423 66.824
95.863 40.481
71.239 78.914
40.552 4.873
61.25 69.734
9.494 12.699
98.895 51.391
62.722 18.215
66.546 88.643
28.802 29.69
58.781 83.241
39.181 63.176
86.245 73.83
58.426 40.501
76.366 51.393
14.15 79.176
60.362 32.965
8.058 7.754
70.616 75.284
41.274 48.565
19.948 97.255
44.609 69.058
22.494 56.757
66.845 1.761
55.044 92.759
60.988 24.229
26.696 99.397
32.435 93.774
21.894 3.611
19.432 88.025
93.852 13.1
78.192 48.277
12.902 96.831
45.82 32.904
53.335 23.259
69.125 48.753
78.505 98.376
92.686 36.821
75.911 40.016
75.571 57.099
28.013 53.615
14.783 67.307
22.06 99.404
44.42 17.93
20.425 5.367
18.828 21.235
97.987 31.819
86.671 6.669
64.734 30.21
96.333 3.643
21.845 73.217
40.438 32.378
38.481 71.738
45.803 13.809
22.413 60.501
52.602 33.041
9.981 8.93
91.369 51.834
95.155 46.943
17.129 33.417
24.882 95.634
44.731 37.471
71.524 89.032
10.734 15.422
8.386 20.491
52.863 17.958
10.409 12.995
43.969 35.429
88.351 53.208
29.201 22.676
81.124 90.248
22.1 7.71
18.286 63.404
78.735 89.81
16.141 0.376
18.439 8.026
6.587 81.967
20.576 2.231
29.494 24.01
4.04 61.806
78.644 26.32
27.711 77.691
68.006 2.954
