100 5
50.0 50.0
42.871 60.022
98.637 13.282
9.886 31.544
77.055 94.944
86.327 83.146
40.033 43.999
50.098 49.26
84.996 5.042
99.412 48.744
9.611 28.818
15.505 80.108
73.218 56.015
11.35 37.274
80.893 18.046
37.578 75.566
30.806 16.296
9.507 94.682
81.918 18.542
63.161 45.125
28.153 10.423
14.397 5.416
39.369 19.025
22.83 71.411
89.72 36.962
64.656 96.562
40.851 39.62
43.558 75.736
43.216 11.496
20.808 31.397
93.019 50.458
0.005 49.276
64.481 17.115
81.97 65.051
5.279 43.201
10.722 74.078
43.816 62.042
62.801 17.057
63.14 66.091
24.975 29.034
32.171 78.87
0.874 66.261
62.93 83.283
85.717 76.418
67.609 75.91
16.828 30.785
93.985 66.644
59.688 83.801
63.122 59.623
81.137 51.286
36.491 95.738
88.401 86.844
99.851 13.942
35.511 23.803
89.191 20.086
70.093 24.213
2.143 48.746
71.898 53.674
35.74 71.812
27.473 1.578
48.333 74.419
88.914 72.11
1.221 6.434
68.447 9.386
18.911 86.137
93.746 30.516
18.952 67.221
82.662 47.363
80.59 93.296
90.745 9.432
64.724 64.341
69.976 37.278
2.708 11.442
86.285 81.342
12.805 14.098
5.911 81.529
88.134 0.286
81.385 63.1
14.377 51.179
64.685 4.016
77.651 74.113
37.813 79.228
95.948 95.212
30.177 56.819
29.773 69.15
22.724 79.805
9.847 62.204
55.976 19.862
87.496 72.956
98.313 38.981
18.088 70.052
36.205 50.243
61.766 50.176
57.467 92.266
96.236 80.13
86.935 63.305
4.751 64.19
14.734 77.512
53.951 48.936
7.912 34.506
