100 3
50.0 50.0
19.479 40.07
45.587 30.777
27.455 45.556
96.658 79.062
21.429 48.981
49.882 85.893
23.591 38.612
74.688 0.384
23.333 89.861
31.047 27.47
35.998 62.151
25.286 98.443
49.737 94.864
29.327 43.44
20.79 92.814
61.551 16.836
61.93 43.55
72.727 17.596
16.815 69.924
70.599 98.774
72.613 36.4
91.747 90.098
23.806 59.91
88.922 47.424
57.272 64.84
33.317 35.982
6.28 35.248
71.901 58.035
95.403 13.052
1.497 57.293
71.756 29.712
2.538 0.281
7.387 25.157
80.414 66.203
81.218 28.093
93.169 55.205
0.777 96.944
44.388 73.17
55.256 81.749
97.26 70.463
89.698 11.2
50.267 60.652
63.388 32.774
64.673 26.681
68.241 0.944
35.239 1.189
26.005 49.603
52.143 36.098
89.684 33.171
32.434 38.169
45.212 60.816
16.302 26.085
70.339 66.097
18.337 96.184
12.04 27.476
35.077 19.597
33.772 8.175
44.632 20.997
36.449 57.489
84.928 50.765
83.991 27.782
38.375 27.042
77.404 76.875
24.037 19.146
76.689 67.576
11.378 61.227
59.75 84.323
77.378 79.513
97.265 85.87
40.41 89.452
58.738 75.474
68.49 25.673
56.833 63.392
65.886 49.531
0.575 44.85
56.195 9.909
21.701 2.302
64.76 60.005
64.252 96.35
83.599 56.083
91.139 91.512
94.601 2.913
99.471 8.743
88.514 49.746
16.792 30.393
5.932 0.88
33.697 90.644
2.658 26.481
77.141 57.293
46.464 72.611
36.749 29.706
93.831 91.868
69.647 12.573
72.768 88.744
25.957 26.407
0.822 83.609
39.854 12.943
94.452 93.355
68.892 67.011
