100 5
50.0 50.0
43.7 6.222
37.27 28.522
57.044 13.568
59.534 1.424
61.846 75.539
87.014 10.848
57.63 19.291
68.31 34.207
1.572 50.936
99.681 60.259
97.249 9.571
26.072 12.914
7.307 78.815
45.213 51.809
87.274 59.164
62.675 62.625
62.549 90.436
45.045 49.776
89.973 86.268
95.742 48.933
67.06 61.853
0.887 16.915
80.801 33.034
93.896 57.268
84.911 3.997
28.198 72.334
2.975 37.766
61.224 53.905
0.825 95.9
37.419 6.145
8.215 70.197
51.572 20.599
26.165 67.663
29.912 62.618
72.748 5.697
10.962 22.948
73.111 86.994
32.945 40.065
86.065 96.959
61.442 48.345
94.984 45.854
97.773 32.377
95.802 6.414
7.097 74.265
88.56 85.86
77.755 3.402
63.71 42.099
71.417 27.272
2.964 15.092
55.569 7.358
57.74 83.623
32.674 16.014
7.49 72.286
67.453 42.98
88.913 41.5
59.578 92.848
45.998 72.536
9.527 52.309
61.68 46.966
56.559 59.442
47.864 52.793
77.936 86.157
93.015 96.267
16.345 60.981
48.406 23.46
98.078 16.161
38.445 85.916
88.922 49.994
83.571 92.29
43.797 3.653
48.216 94.52
27.156 52.837
20.553 32.242
79.71 40.253
61.098 57.032
44.688 18.817
56.512 90.276
62.602 0.408
45.675 75.114
56.847 99.788
75.571 96.443
56.84 24.671
96.126 17.507
40.72 35.692
81.507 7.605
28.973 35.226
47.638 21.589
53.685 66.943
75.92 99.845
68.751 56.913
83.62 18.475
33.411 18.382
33.866 11.903
34.518 62.748
57.554 88.277
96.793 48.305
85.941 2.958
61.658 1.974
69.961 33.543
