100 3
50.0 50.0
25.553 87.59
54.068 88.312
42.865 46.364
16.622 64.104
91.696 93.481
19.379 75.36
15.694 48.917
93.113 61.265
20.163 3.745
98.581 79.874
34.976 89.72
49.232 35.108
57.995 91.032
25.642 31.721
45.109 80.864
41.304 98.831
13.556 35.214
9.363 58.347
37.213 1.856
85.784 97.872
83.275 69.326
72.218 33.284
91.67 6.214
38.741 60.981
83.335 93.931
10.096 22.508
6.084 42.768
67.377 12.785
47.505 26.8
93.676 29.6
59.303 66.088
51.349 60.267
85.582 47.851
36.915 71.184
83.629 3.859
88.76 97.922
71.99 92.531
71.459 64.675
23.849 93.345
4.932 70.318
85.365 49.408
78.06 29.585
61.847 15.726
38.761 32.627
45.139 36.154
1.007 89.013
65.086 45.588
92.84 81.824
71.002 66.361
2.655 59.7
32.397 76.031
18.941 38.318
37.085 12.989
86.728 25.624
53.809 28.802
36.511 81.397
51.192 85.929
51.566 93.917
96.156 86.023
31.129 51.823
82.507 76.669
86.645 65.526
27.595 32.524
46.237 12.74
71.039 57.444
52.586 47.532
7.265 47.021
2.424 57.04
46.504 62.303
46.891 90.886
26.064 33.603
97.122 24.832
52.72 68.382
48.905 68.204
94.748 1.704
65.096 59.699
8.143 58.797
4.593 76.231
17.738 8.221
34.11 95.139
60.674 21.735
52.29 15.565
43.268 21.602
77.874 17.77
87.878 16.415
51.56 33.535
99.517 17.756
45.309 29.343
65.681 87.895
18.532 46.469
27.218 10.278
71.797 52.296
15.081 42.665
50.124 27.706
87.063 37.737
44.49 60.186
69.82 20.474
65.726 41.84
59.375 12.766
