100 5
50.0 50.0
19.283 78.831
82.532 96.04
77.966 0.459
40.189 38.068
46.982 21.412
77.764 95.074
58.108 74.196
81.111 51.724
83.246 87.595
94.542 58.691
68.27 63.004
98.605 4.418
51.976 14.887
13.814 38.733
1.61 71.22
84.172 95.028
77.68 77.969
43.504 10.251
0.693 41.54
62.47 16.653
86.285 23.125
49.229 49.985
78.349 99.962
77.403 7.435
57.588 12.578
31.801 84.463
14.963 97.841
24.783 50.141
88.323 89.767
69.385 83.04
32.521 14.9
4.832 9.766
75.961 27.378
62.556 19.942
59.263 7.685
38.573 19.249
80.416 75.441
4.723 75.339
41.165 94.891
80.6 54.897
93.364 87.012
8.97 46.696
4.387 92.162
55.148 46.949
17.921 31.413
51.318 30.5
90.598 30.892
70.906 98.894
71.113 13.48
71.072 49.857
69.316 6.114
98.969 85.105
67.696 54.297
8.316 97.749
23.683 19.016
65.509 2.656
42.695 86.361
54.489 57.484
62.077 38.306
14.097 76.582
23.906 55.223
6.714 28.137
58.84 62.592
45.192 13.064
48.752 16.179
79.427 42.041
82.789 31.064
32.278 18.735
34.684 50.113
81.048 86.44
77.05 33.235
60.378 26.367
58.965 70.682
58.206 93.693
11.462 75.976
20.444 67.944
37.951 20.821
2.687 43.186
55.125 32.152
66.615 19.967
6.335 86.645
10.554 46.497
25.22 79.256
51.113 96.869
50.577 32.698
68.668 11.371
38.471 84.716
41.807 48.705
3.323 84.777
13.127 10.611
44.152 90.277
52.456 60.172
86.348 51.979
24.572 77.717
11.581 44.04
74.544 62.684
34.567 37.63
86.998 96.27
60.423 60.151
