100 5
50.0 50.0
33.331 0.925
39.079 75.523
28.582 17.336
6.775 46.155
49.936 22.637
10.188 66.547
7.927 44.585
94.997 32.674
99.23 7.101
69.209 23.792
92.295 10.525
87.378 90.93
5.054 21.489
99.773 25.303
46.581 61.333
10.018 94.385
48.526 82.7
30.043 65.68
55.584 65.789
77.062 77.293
7.446 10.209
2.11 36.697
28.671 45.157
78.835 48.216
94.85 38.695
60.176 84.456
83.128 35.079
28.006 66.601
93.389 39.855
25.978 55.844
29.779 1.167
84.166 74.441
57.042 69.491
94.984 13.778
78.591 83.291
34.214 84.454
18.343 40.762
3.262 62.054
80.734 63.606
39.104 75.866
97.997 18.257
52.312 68.799
5.061 84.878
49.418 35.535
5.254 17.82
77.165 74.026
34.021 70.177
83.128 70.482
21.608 1.767
45.305 68.335
13.739 95.505
23.082 37.555
5.79 19.413
12.63 8.589
82.217 69.565
94.501 38.999
18.732 75.351
81.512 25.109
49.303 72.055
45.561 14.992
69.415 19.558
31.281 18.255
3.695 38.582
31.201 85.638
55.428 56.604
64.044 5.214
5.547 45.658
67.913 37.748
92.826 3.559
71.43 61.877
8.478 77.218
50.595 73.172
96.399 58.667
35.962 73.686
1.366 5.983
65.807 17.137
60.061 68.027
80.122 50.592
81.762 94.006
49.817 97.944
58.523 5.892
43.648 55.957
70.477 27.971
9.621 35.032
31.556 18.702
90.083 91.906
96.609 77.708
66.315 63.711
83.291 72.877
54.978 62.475
27.169 16.292
82.453 55.124
89.256 57.48
20.222 57.863
17.936 29.442
94.009 35.73
36.763 53.776
61.426 61.647
99.551 0.879
