100 2
50.0 50.0
27.11 34.943
86.281 35.261
19.305 95.108
9.157 38.949
68.696 77.368
67.612 11.81
25.527 70.673
9.854 90.099
34.27 32.109
76.504 64.542
8.351 34.531
24.824 37.565
19.438 47.078
11.555 87.771
67.005 34.307
32.216 73.245
62.893 8.765
44.152 86.607
55.655 17.874
31.137 92.066
41.402 61.759
17.198 75.038
72.753 96.82
96.881 57.903
88.323 79.245
76.699 4.154
50.915 54.935
94.357 9.421
25.763 29.275
91.3 21.131
2.322 2.603
4.16 27.397
52.43 62.195
61.802 39.377
65.925 50.054
81.497 23.648
13.054 9.899
14.346 51.196
44.985 20.18
18.754 8.272
5.991 79.253
9.899 93.438
88.187 69.65
5.248 14.426
93.864 51.699
25.954 45.239
64.421 73.832
13.282 5.314
72.667 84.568
27.473 45.283
15.738 24.082
47.773 76.439
93.435 22.026
28.773 96.12
5.814 52.315
25.561 70.403
84.789 15.941
28.86 62.853
35.912 62.316
67.296 2.844
1.845 29.202
49.893 63.809
27.845 5.231
68.945 87.09
4.93 90.977
80.658 44.929
41.534 31.899
77.756 64.208
54.939 97.487
93.872 31.512
62.767 71.992
0.742 96.3
27.657 19.572
71.453 16.587
35.408 25.587
52.012 94.773
78.968 25.018
63.552 25.042
90.522 77.437
22.173 99.498
51.316 81.86
71.353 12.938
35.328 71.617
36.55 46.825
67.533 41.963
64.425 7.702
99.262 19.001
28.851 82.005
24.125 92.981
22.264 53.818
92.826 70.902
38.638 20.329
13.405 79.767
60.21 88.847
9.685 54.153
43.22 98.309
9.295 25.888
71.054 23.134
53.797 42.788
