200 3
50.0 50.0
79.293 29.615
49.299 39.277
54.418 50.559
3.992 20.659
11.904 38.088
73.223 93.182
54.554 72.664
43.608 29.538
40.443 89.779
17.884 77.256
40.5 24.347
43.283 67.202
92.676 50.291
93.769 46.499
91.814 95.578
8.589 10.438
55.295 61.88
26.137 41.354
94.619 98.677
76.008 40.682
68.415 90.902
38.952 0.75
43.084 20.117
76.828 72.311
16.716 73.72
22.98 5.72
81.856 55.067
93.312 64.136
8.417 55.978
47.378 83.541
89.178 99.18
68.831 94.376
1.507 66.832
24.061 45.718
98.881 49.77
72.196 61.881
78.892 3.397
76.221 51.468
75.535 67.86
82.928 74.772
16.47 41.732
74.312 93.616
93.703 95.576
6.554 31.203
66.566 52.1
20.914 33.83
31.996 71.967
30.093 68.611
14.171 58.203
58.245 37.924
46.284 28.08
73.414 7.761
48.417 46.317
6.231 60.621
16.876 42.959
40.973 0.952
2.855 2.946
84.896 16.363
21.714 22.137
90.055 62.765
27.163 36.98
33.729 74.58
26.929 25.635
90.868 5.719
77.24 74.745
3.268 7.867
79.267 40.864
40.621 69.446
86.834 63.94
31.499 25.595
34.139 47.051
38.306 16.144
67.441 70.661
0.106 44.022
80.157 48.386
29.813 10.193
6.33 48.555
57.578 81.349
80.279 27.06
22.591 90.389
29.938 9.261
98.785 39.558
60.545 75.664
40.5 51.095
49.59 65.558
13.411 97.157
39.674 52.062
68.911 2.393
17.677 42.999
82.969 47.518
8.429 19.752
70.594 61.326
93.267 78.337
2.179 20.654
34.953 60.191
59.54 57.402
63.683 67.188
24.054 93.547
17.498 91.298
95.196 62.688
63.214 88.188
87.695 83.764
28.378 91.598
30.16 72.799
13.268 45.869
68.444 53.524
2.383 16.706
23.316 72.657
5.188 69.059
63.559 42.99
36.628 28.383
24.857 6.229
12.545 26.284
0.178 21.279
69.582 61.46
25.07 5.999
57.877 23.485
36.117 42.117
30.02 67.56
47.369 7.987
87.329 43.52
45.6 5.583
96.605 34.044
85.949 43.744
65.114 86.307
0.598 4.943
90.473 82.015
52.194 30.745
28.874 54.462
55.655 84.365
86.848 67.768
25.871 83.461
18.712 40.42
12.541 0.794
52.613 68.018
84.203 22.242
97.136 40.754
91.962 0.613
25.562 68.825
21.778 1.662
77.102 26.51
36.016 46.557
76.031 9.589
65.149 46.105
28.469 34.721
70.93 92.796
78.5 76.135
77.749 33.467
22.343 49.22
64.505 13.388
73.231 41.836
67.007 29.9
35.204 7.354
3.735 36.676
67.851 52.172
80.26 81.135
93.044 23.071
7.219 64.447
22.678 37.46
51.053 42.912
97.434 91.705
32.151 6.268
76.783 17.851
66.9 71.724
46.477 33.378
12.979 48.021
79.029 84.881
47.636 5.564
51.276 17.312
82.022 0.283
42.848 81.441
89.834 68.621
10.542 30.607
73.105 22.066
94.23 18.457
91.717 57.766
19.676 22.135
52.76 37.206
58.487 33.253
67.6 45.641
47.066 97.262
8.612 25.064
69.774 99.251
60.901 54.79
41.289 33.028
43.01 73.509
89.425 21.412
47.573 16.55
71.868 49.228
53.052 93.945
37.921 22.118
67.807 82.926
58.316 85.662
30.356 61.845
96.992 40.513
11.368 40.131
29.102 29.643
76.604 12.922
30.552 35.097
