200 5
50.0 50.0
76.186 14.295
79.389 60.097
14.405 31.904
33.733 85.514
24.223 8.588
97.628 63.688
36.466 80.393
58.367 49.247
97.534 52.796
51.7 15.917
53.28 89.679
38.234 5.681
84.26 42.659
92.407 75.465
10.323 73.968
23.719 53.439
27.421 76.327
70.871 70.414
42.421 96.792
95.1 64.339
70.488 75.245
66.167 12.992
29.364 7.555
20.321 39.593
77.73 81.951
4.901 79.936
59.215 93.536
63.085 91.451
95.268 62.978
27.725 89.95
34.317 86.37
95.832 52.837
86.991 78.911
65.637 5.111
17.078 8.167
38.637 40.52
20.65 82.641
91.561 21.739
96.578 81.113
62.736 11.211
60.535 38.523
70.239 61.89
2.579 5.177
52.486 96.382
67.107 76.223
13.956 54.075
86.98 33.906
88.532 51.082
70.624 44.672
74.902 20.872
5.84 58.175
52.931 38.657
13.606 97.101
54.384 6.679
47.143 91.406
42.975 56.59
63.048 62.011
41.642 9.097
46.051 27.506
92.037 80.982
86.649 15.875
99.302 47.363
56.835 92.847
29.314 31.601
47.967 71.085
22.35 74.223
28.017 97.848
37.513 81.205
5.865 74.376
33.452 28.426
82.406 51.319
26.029 59.238
59.057 32.915
70.796 28.288
17.351 41.233
33.654 35.399
30.381 66.666
76.619 2.432
27.542 10.769
34.244 73.987
37.138 11.156
18.082 2.676
70.686 31.103
19.079 1.819
35.262 68.649
2.162 22.916
65.487 87.635
29.225 40.222
62.445 44.144
45.411 76.977
81.248 9.839
22.092 60.724
68.264 99.504
34.473 82.587
27.051 75.59
53.1 51.941
81.848 13.606
34.89 14.895
93.542 29.542
10.169 74.591
31.528 17.265
46.168 32.235
84.745 93.86
69.139 77.576
36.623 25.122
13.48 27.986
92.612 3.567
83.304 51.549
45.61 0.156
94.061 79.771
5.712 3.291
40.634 67.381
73.144 18.969
11.332 19.509
83.515 8.359
31.324 51.761
7.285 28.946
94.402 44.221
55.848 90.872
59.672 66.889
28.526 32.55
70.769 63.667
3.146 26.44
88.475 94.236
65.064 19.346
29.005 74.912
81.733 34.904
15.732 2.206
92.931 15.338
10.245 20.101
53.288 9.234
86.643 9.871
33.875 19.621
80.733 85.988
44.778 26.625
86.415 71.583
48.653 86.48
5.155 1.723
98.787 53.553
56.213 86.88
48.187 14.458
80.596 89.75
26.844 81.424
52.551 50.242
58.539 4.377
51.342 59.957
28.641 47.112
25.722 73.497
11.021 47.822
39.589 77.599
99.614 56.786
4.647 80.653
61.189 39.838
68.025 18.955
69.371 55.931
46.191 78.375
86.817 39.594
12.904 40.584
38.076 38.317
61.228 17.882
41.514 22.55
25.197 36.856
61.913 0.403
16.027 96.403
66.944 21.909
44.37 42.812
79.239 96.806
67.51 73.376
25.821 54.428
38.856 46.689
95.495 33.3
10.676 34.086
86.371 1.994
22.23 31.43
49.066 74.782
49.586 95.037
24.357 68.118
52.653 74.193
75.166 64.244
14.025 66.946
40.645 43.342
95.983 68.533
99.492 30.338
51.485 68.823
42.268 57.121
33.522 7.167
79.849 72.974
38.651 17.589
40.232 68.728
81.886 15.733
75.261 55.944
86.952 95.132
44.586 31.932
33.515 55.449
81.642 98.931
67.398 36.088
20.158 23.094
79.977 92.669
19.64 45.715
