200 2
50.0 50.0
61.357 16.04
98.563 70.249
3.666 46.628
32.557 24.673
24.196 72.978
65.86 96.241
70.579 8.515
80.851 26.801
17.074 79.579
91.457 85.593
75.818 62.617
76.478 95.896
59.669 67.073
10.758 75.177
42.724 19.97
28.724 42.236
14.193 33.647
58.116 90.633
81.564 93.95
54.623 17.11
86.11 66.813
4.309 68.307
15.193 65.789
78.631 44.564
99.093 40.252
87.917 0.46
52.856 63.752
48.439 83.281
26.445 24.771
11.496 91.728
30.49 78.954
72.722 71.155
80.967 17.211
62.05 59.614
83.302 17.542
54.619 7.988
43.509 13.231
42.231 19.854
55.334 97.962
78.728 8.428
21.976 62.841
87.872 92.28
8.284 10.142
89.636 60.493
63.32 88.002
19.734 56.068
13.531 73.117
37.152 35.528
3.463 28.012
51.739 0.427
48.652 9.024
98.232 55.834
28.913 29.762
47.23 78.091
79.685 50.228
57.103 45.05
57.245 87.957
48.961 37.634
95.278 65.59
61.984 39.915
69.229 42.83
56.461 56.975
33.402 76.974
79.29 73.727
48.042 60.657
91.706 29.076
17.6 25.299
53.448 58.715
78.217 60.295
53.921 56.98
34.305 82.625
56.942 95.054
43.861 51.639
44.224 49.893
26.79 55.474
30.427 86.974
99.836 21.063
55.941 28.28
96.248 66.49
85.532 56.39
78.55 56.736
57.144 70.555
73.638 7.649
41.909 4.576
30.702 21.341
40.915 4.741
94.753 65.636
43.858 63.795
99.261 2.671
80.518 27.36
78.13 55.786
52.594 77.083
26.947 64.807
41.893 10.055
87.795 42.225
36.964 99.34
54.208 57.539
60.267 69.64
66.002 87.961
44.777 26.312
55.368 55.085
82.633 80.913
6.065 46.984
28.595 45.413
89.272 34.644
36.389 10.594
5.491 31.242
53.644 82.584
1.099 21.353
34.453 9.429
46.862 49.91
34.105 25.018
19.634 64.903
85.018 48.628
9.155 1.806
17.075 69.37
79.695 47.059
82.913 40.337
90.699 81.291
24.296 89.669
56.757 22.117
82.902 16.538
85.086 12.249
21.981 22.433
23.341 88.933
54.043 53.649
72.3 94.241
79.788 44.343
80.415 74.775
63.771 92.312
77.78 76.647
88.046 51.543
84.046 31.009
10.381 59.183
94.512 54.745
7.287 32.513
20.974 34.981
52.417 96.092
35.243 38.339
60.664 47.876
82.361 88.58
24.332 59.357
2.71 39.002
56.259 29.482
15.278 43.13
35.347 71.891
77.164 65.57
15.387 42.333
82.953 71.594
79.828 60.523
16.911 86.676
65.917 66.081
37.565 79.474
43.735 9.567
18.538 7.359
60.491 6.831
16.849 71.79
58.807 11.627
14.548 51.233
79.981 25.435
64.921 77.407
30.347 3.147
37.352 73.94
75.593 59.154
92.814 66.366
61.635 37.882
27.402 61.151
19.469 9.082
87.968 32.68
96.106 49.27
41.635 75.671
30.984 70.079
95.777 20.607
32.414 12.746
91.653 67.442
16.871 59.496
13.003 51.302
93.194 68.265
45.651 23.593
91.828 39.862
49.356 41.521
93.827 8.422
79.058 13.504
53.576 47.716
35.806 22.316
29.984 8.847
36.041 72.003
24.218 39.524
75.758 41.107
69.132 79.122
33.412 79.357
21.122 7.984
6.557 0.117
86.999 30.158
32.184 84.371
76.657 94.766
65.199 55.139
68.529 27.641
24.898 60.876
