200 5
50.0 50.0
37.995 4.27
30.588 89.926
7.017 54.63
81.39 36.481
45.709 32.723
73.939 26.187
29.29 46.235
29.635 21.167
54.818 70.196
49.306 9.701
78.287 95.723
77.309 92.271
76.209 90.155
56.226 97.155
45.663 47.52
55.554 8.107
36.772 98.884
25.961 13.329
5.769 20.062
59.774 65.832
56.753 7.385
76.234 9.758
58.29 0.427
87.162 4.877
1.92 2.45
73.91 94.855
33.782 8.362
85.658 75.566
72.503 27.104
2.14 68.964
56.815 30.241
68.232 6.272
32.157 0.655
23.391 75.839
65.939 10.88
63.862 88.131
63.976 50.817
33.44 58.567
50.753 41.1
49.416 50.635
44.54 94.438
16.769 14.88
86.056 16.259
84.042 58.297
36.544 28.053
86.514 7.888
17.66 32.742
38.254 59.683
50.427 80.049
81.004 7.298
39.333 62.46
58.955 95.167
94.282 36.678
34.956 32.52
42.754 72.035
17.224 27.234
48.31 91.808
12.75 96.981
0.392 99.522
56.294 19.015
31.409 4.799
29.593 74.313
3.746 97.775
73.589 83.546
57.904 70.272
65.432 39.575
12.0 43.741
2.824 46.941
53.888 73.682
67.327 23.605
22.981 85.009
70.048 31.835
61.893 90.859
19.877 85.688
88.331 92.393
29.212 51.467
34.898 73.361
13.047 85.325
31.947 10.588
15.016 51.406
30.061 0.744
96.589 56.155
74.056 38.979
16.605 87.016
45.169 3.832
16.569 41.828
23.506 19.438
55.253 15.152
28.949 56.187
78.052 49.029
66.058 36.966
11.456 52.875
66.459 56.192
65.56 63.887
43.501 42.588
90.536 59.006
95.012 70.397
63.021 15.222
92.836 42.083
30.511 8.933
69.065 36.302
97.885 62.704
70.604 67.407
27.61 34.549
60.154 40.101
92.483 80.997
85.757 81.936
51.806 5.016
77.067 14.257
38.288 94.907
5.31 0.263
62.995 1.355
47.855 35.374
13.195 36.174
21.166 58.15
7.964 20.545
22.481 15.01
43.505 20.689
17.476 88.953
18.089 80.037
65.478 11.688
34.678 35.694
55.862 88.592
25.589 62.035
97.175 19.245
86.169 47.236
56.108 14.479
21.116 59.11
20.255 98.182
19.237 65.826
12.279 99.143
74.927 95.838
81.396 12.15
92.873 46.881
13.489 58.045
54.481 55.653
21.823 48.825
91.206 59.801
34.879 78.876
46.998 6.298
15.453 67.662
64.248 38.533
87.548 62.668
61.683 9.886
39.368 16.637
96.473 4.846
35.048 47.573
18.358 70.45
5.798 63.574
74.098 67.668
69.8 0.221
12.453 30.84
50.225 1.533
10.699 4.257
40.067 46.503
62.692 15.493
21.452 82.15
37.252 2.572
11.129 58.311
40.082 94.766
72.293 71.817
57.588 46.557
25.059 92.257
94.011 32.817
9.935 83.089
42.92 7.045
99.274 8.098
7.07 0.688
30.584 12.788
80.041 27.641
54.917 13.7
77.108 47.032
80.59 4.887
11.554 47.334
42.839 37.893
91.066 37.852
87.902 32.725
71.103 88.606
8.509 35.103
19.049 47.519
53.184 83.176
8.783 78.839
93.122 34.341
95.581 78.434
8.813 32.388
92.097 58.368
77.716 58.773
13.447 36.262
64.599 92.811
50.791 34.6
93.023 47.343
18.037 85.819
39.467 1.396
85.633 16.15
66.367 50.77
98.686 71.581
40.486 45.63
5.886 79.692
18.951 50.52
