200 3
50.0 50.0
18.006 9.036
64.348 60.215
18.772 18.68
53.947 78.5
47.337 42.414
10.768 1.157
66.986 7.786
78.369 57.472
85.467 72.17
6.91 42.307
56.449 40.268
73.152 18.676
88.738 54.486
8.08 58.179
73.614 55.557
26.708 16.546
36.205 84.777
84.751 36.345
32.335 69.795
79.249 95.621
51.358 37.987
84.309 41.912
51.69 90.489
16.174 3.053
29.837 56.525
11.001 84.859
86.273 76.752
88.098 62.457
12.529 91.237
3.878 34.816
52.552 65.121
29.912 30.282
39.615 31.832
71.74 54.417
39.678 68.176
97.389 7.039
58.846 4.772
19.324 88.047
47.665 36.466
92.021 75.087
29.763 66.221
50.194 72.636
4.341 64.706
9.717 66.941
37.545 68.506
46.193 90.552
61.396 79.306
84.747 10.49
86.29 52.377
63.794 62.127
58.607 18.014
97.763 27.159
75.315 42.994
18.628 74.246
95.034 95.032
92.283 63.433
78.594 50.72
41.609 96.6
72.146 41.366
52.63 17.537
24.044 19.889
22.747 5.033
96.615 59.852
89.33 17.41
30.959 67.744
70.786 76.791
75.72 8.197
91.313 26.177
97.484 79.003
24.21 98.283
87.328 94.31
69.954 12.923
21.986 71.233
46.594 75.257
99.92 72.102
6.155 22.043
84.491 43.932
18.088 75.143
27.289 80.159
70.177 96.972
96.169 95.372
93.35 17.243
61.707 15.127
87.933 13.559
30.641 26.199
0.937 84.22
36.74 0.023
20.89 12.671
58.663 4.63
95.302 8.079
24.618 23.675
3.883 91.088
8.433 39.265
14.23 65.068
68.762 87.483
22.96 65.63
95.869 49.815
1.37 55.67
22.073 13.692
71.087 35.608
16.511 27.721
38.077 69.213
21.15 47.042
20.636 65.984
14.81 61.735
27.103 66.952
27.425 69.531
56.021 67.912
87.088 28.882
60.779 11.96
7.677 22.967
98.495 87.378
19.3 96.948
30.596 46.725
71.603 19.203
24.36 56.87
39.44 2.036
26.996 20.329
58.245 61.466
26.368 86.557
42.975 43.86
67.939 34.416
8.804 56.564
53.903 81.486
67.242 44.988
71.012 65.171
76.702 21.555
42.457 79.358
43.118 41.051
79.426 74.618
73.374 86.251
93.593 71.297
69.961 42.337
41.498 72.152
45.359 12.516
65.275 53.368
25.791 13.012
54.492 61.302
68.533 89.367
65.153 82.175
45.232 49.531
96.931 12.728
97.707 9.072
76.859 91.215
48.149 63.802
8.313 70.894
57.613 96.712
79.509 78.375
73.002 0.28
72.453 86.964
54.136 58.913
64.258 42.968
83.409 94.39
2.967 15.377
37.405 73.213
54.266 56.245
45.767 85.76
72.288 50.136
59.252 32.624
97.603 35.654
70.92 48.623
54.548 53.081
7.32 19.135
77.787 18.369
40.024 84.836
15.123 23.361
20.346 24.42
35.574 46.435
32.224 3.686
29.903 50.409
4.506 23.892
82.596 57.383
63.321 1.734
14.635 11.162
54.813 55.091
12.046 71.202
80.107 10.787
43.768 78.348
2.253 76.065
3.012 95.413
91.237 5.351
42.093 24.106
61.798 40.312
25.71 40.209
18.229 21.745
54.052 70.343
73.688 86.215
37.707 13.447
69.856 20.325
34.066 49.69
11.329 76.291
36.35 3.705
88.008 13.663
70.326 33.247
8.979 36.571
55.617 30.604
9.411 31.774
73.028 95.031
98.704 67.638
