200 5
50.0 50.0
18.0 51.013
68.988 2.334
10.359 43.89
76.214 28.172
75.483 50.946
57.012 83.93
55.265 40.156
47.695 37.08
9.271 38.081
14.585 21.984
15.872 96.552
30.345 35.328
0.083 16.361
9.028 82.063
33.217 73.536
97.11 90.67
80.323 51.792
53.631 92.51
3.938 10.765
33.395 21.61
1.681 53.593
67.202 37.848
57.867 83.282
82.864 85.274
26.58 93.46
23.881 17.846
95.429 2.898
2.096 55.816
57.668 96.786
1.68 52.567
58.632 73.236
63.841 82.329
74.654 80.945
12.776 58.554
88.255 29.54
57.56 50.115
76.231 2.749
43.748 92.085
53.887 85.621
49.525 84.263
33.584 35.236
98.533 96.264
79.864 59.31
63.052 76.363
82.909 17.208
37.626 49.816
83.675 65.757
45.26 37.471
73.665 33.733
2.987 63.472
76.541 65.189
12.615 34.305
85.759 89.315
7.348 97.845
82.622 48.237
9.272 37.145
53.338 16.999
95.021 40.053
10.295 35.567
97.293 55.128
90.66 31.488
12.899 2.461
65.3 10.676
8.762 95.79
87.864 92.152
45.618 44.961
12.123 44.361
89.228 76.018
51.269 7.389
49.962 63.554
72.254 61.74
19.571 85.559
35.295 7.277
99.644 15.725
81.58 95.449
67.994 60.568
89.782 89.637
89.907 12.026
12.368 48.112
41.435 28.265
87.015 3.878
52.38 65.461
98.218 1.493
35.129 58.9
7.359 20.873
18.727 2.28
21.185 27.141
93.291 6.411
8.329 87.524
72.976 42.494
42.087 88.14
72.337 87.973
93.59 44.233
93.327 83.048
23.904 93.108
25.728 31.356
59.5 21.257
12.126 69.348
12.864 77.937
12.592 46.783
65.839 53.682
30.224 3.439
14.572 26.785
97.846 76.427
89.173 61.888
3.69 20.197
47.068 57.305
29.21 13.281
50.696 41.591
6.23 27.071
49.557 88.101
19.616 82.215
57.278 6.722
51.613 9.978
39.679 69.052
72.594 75.077
73.179 54.317
73.426 84.325
74.131 43.271
49.47 78.638
75.835 80.624
20.077 23.448
75.667 42.333
99.126 19.454
22.056 3.655
17.924 48.894
25.057 69.542
83.73 41.262
52.268 65.475
14.325 30.053
82.863 21.555
84.903 54.626
2.959 29.296
40.304 55.999
22.274 33.363
63.304 8.73
59.138 91.371
12.962 33.284
55.989 97.755
76.222 15.988
94.803 7.469
12.261 62.621
0.529 14.513
52.681 23.642
38.58 5.457
31.982 9.428
32.732 52.745
63.105 94.299
61.612 38.607
18.784 28.701
12.472 14.128
51.333 46.499
43.966 75.906
27.889 75.447
69.324 97.595
48.448 62.924
98.875 38.242
6.799 3.078
64.835 56.895
14.286 26.505
69.555 1.841
88.35 14.386
60.333 87.249
31.463 13.832
73.898 41.431
26.254 19.239
13.682 98.896
52.583 2.005
24.651 44.334
73.81 93.909
4.66 55.498
89.909 4.042
34.525 46.982
53.523 76.512
70.493 79.779
3.663 7.628
45.887 89.44
72.894 91.788
33.055 64.85
18.546 83.144
68.812 29.169
7.118 44.4
14.322 51.988
6.825 60.952
69.859 0.42
52.347 96.272
57.998 55.865
48.811 82.12
15.189 33.095
5.881 36.435
33.016 42.092
56.791 33.586
16.142 61.126
4.759 43.789
64.434 42.519
95.728 9.83
29.106 23.032
49.104 3.239
85.456 44.485
