200 5
50.0 50.0
17.163 94.898
65.895 1.186
19.36 50.084
39.89 27.612
32.305 36.08
13.696 6.47
17.157 58.887
37.842 33.765
8.655 17.93
16.331 95.279
50.31 68.725
49.532 88.467
7.855 5.219
58.875 50.019
25.284 68.387
77.649 43.078
60.195 47.624
35.699 69.884
71.244 21.306
94.038 70.874
36.812 83.874
36.375 96.086
81.127 91.398
78.755 71.076
91.831 23.365
86.088 46.971
45.591 92.945
18.479 48.608
88.779 52.201
55.026 94.343
25.126 69.625
89.295 33.877
50.312 70.26
96.987 54.235
42.894 78.011
13.027 11.313
74.293 46.282
74.337 49.987
76.055 4.249
9.785 28.615
89.782 59.222
59.69 10.506
60.295 4.522
71.482 87.233
65.833 53.382
22.436 77.266
10.335 52.965
81.26 42.089
22.117 79.59
98.672 54.276
73.844 47.539
92.547 15.106
93.902 8.959
18.054 0.154
37.667 90.085
38.135 27.79
89.391 19.773
83.085 91.601
47.749 82.932
58.998 63.28
9.74 34.573
84.507 10.297
58.907 30.359
98.371 0.864
80.43 23.88
95.823 21.96
72.559 60.601
31.964 3.006
22.503 89.923
10.929 42.646
70.724 31.979
1.746 14.593
9.741 45.8
78.228 32.27
95.676 26.289
13.529 94.773
1.109 19.569
12.861 97.854
10.649 38.293
10.114 57.736
92.796 32.154
6.065 68.656
64.63 8.291
82.903 87.348
6.719 87.273
90.844 71.283
91.74 93.461
23.948 99.901
20.986 68.957
68.986 89.517
32.95 81.122
32.381 18.216
40.747 83.686
75.253 54.947
49.993 10.376
93.419 42.456
25.4 16.551
94.309 31.198
67.439 52.784
5.276 47.535
43.53 5.889
2.501 67.262
3.537 94.737
44.882 70.261
56.073 88.838
82.607 39.995
5.38 35.71
16.024 47.077
56.571 25.261
17.653 95.272
77.404 23.414
93.611 34.903
8.452 40.208
51.099 34.031
59.469 54.841
96.123 56.24
74.543 95.649
7.779 87.578
56.598 32.15
5.929 41.812
73.344 45.256
29.268 6.463
44.931 86.119
52.792 9.203
55.499 0.228
57.018 18.319
97.335 78.719
6.634 67.657
3.97 66.164
57.397 79.644
6.836 31.606
55.224 78.858
37.173 65.144
99.176 89.716
67.962 41.606
3.895 22.869
53.99 73.956
50.508 41.157
73.989 44.624
84.636 17.48
35.439 0.103
41.616 37.681
48.89 30.069
4.98 12.957
42.921 47.555
40.526 99.229
6.995 47.289
94.87 23.935
7.386 11.173
77.771 21.849
77.296 54.446
26.229 86.31
29.702 38.341
76.963 99.196
11.502 59.466
79.728 58.716
41.219 31.847
67.423 26.028
91.859 21.934
32.247 90.437
36.538 80.47
68.178 54.415
93.517 62.726
13.618 16.49
94.327 8.945
27.006 33.144
32.976 10.796
18.246 86.587
72.149 37.752
89.646 26.652
18.771 10.418
79.605 48.555
66.819 54.112
93.072 66.141
25.902 15.628
82.76 45.422
95.399 55.448
82.575 76.919
48.239 54.25
96.001 16.966
13.194 54.889
84.795 27.109
25.934 83.861
61.38 39.869
10.927 53.408
55.021 71.323
43.753 61.702
78.748 98.003
82.711 72.582
90.069 50.953
91.468 7.421
60.72 23.523
63.213 87.939
22.981 19.278
53.35 12.958
75.691 17.087
22.292 90.126
31.824 54.601
48.057 68.938
