200 2
50.0 50.0
70.941 85.295
53.966 61.334
74.325 53.363
94.363 99.064
35.101 15.815
43.639 20.571
26.353 13.589
26.598 30.658
46.346 32.94
53.174 17.869
25.711 47.594
22.887 23.155
2.071 47.182
88.588 61.919
16.959 62.925
43.148 70.077
61.665 10.674
51.75 46.804
55.12 75.462
37.708 36.177
44.961 91.628
57.133 38.345
35.487 42.562
25.866 40.393
65.064 57.138
37.8 81.085
0.613 86.292
82.702 78.769
37.429 86.794
65.923 64.295
55.814 34.201
32.839 25.921
56.843 4.318
75.841 43.745
33.369 38.249
30.813 17.151
47.923 73.678
36.78 11.722
76.679 44.472
28.827 29.773
95.178 92.802
9.363 50.816
23.311 90.122
22.362 3.409
21.085 92.8
59.855 16.318
12.065 25.95
51.125 10.333
29.451 35.362
51.623 3.282
86.054 45.841
92.714 29.898
23.866 15.385
53.999 74.797
17.049 56.646
47.953 6.182
29.082 7.928
51.163 90.07
8.717 78.989
98.619 64.977
20.922 57.567
62.265 25.477
98.757 50.228
75.264 96.689
88.192 18.646
82.508 28.709
82.814 11.107
53.993 48.981
58.522 8.969
93.176 0.926
25.362 43.592
74.019 24.265
32.413 48.873
83.845 63.176
28.753 64.688
29.831 22.081
86.877 77.369
93.27 10.277
17.302 63.879
53.843 12.431
94.697 73.761
64.007 12.608
87.957 19.769
93.344 19.614
59.119 79.6
31.937 79.36
44.125 98.518
85.967 87.548
93.416 23.78
53.774 82.997
91.272 52.694
99.106 59.332
59.286 39.13
73.683 61.732
40.45 13.187
69.293 25.036
99.223 36.479
36.108 14.678
99.034 37.513
91.379 14.056
75.805 77.519
63.436 72.176
25.151 19.04
55.936 67.771
89.676 94.756
86.925 8.115
94.449 69.517
12.625 61.594
28.05 91.536
5.544 70.48
75.044 74.27
53.107 5.114
45.15 79.856
11.42 9.23
38.279 50.655
79.138 15.893
44.865 63.932
32.02 52.934
15.427 87.459
33.798 14.581
62.829 46.507
17.828 31.904
21.245 56.044
71.822 88.58
7.046 78.978
4.938 37.524
93.594 99.476
6.564 90.025
83.941 65.51
0.872 33.762
57.374 5.032
5.57 97.737
42.169 37.833
67.855 69.634
45.823 36.582
47.401 82.458
36.079 1.135
42.206 96.56
50.65 87.245
83.303 52.096
86.933 52.469
0.401 33.781
41.443 55.075
44.411 79.359
84.761 20.81
60.886 92.253
36.906 7.169
46.681 17.483
9.291 84.326
98.859 77.884
79.206 7.983
44.569 29.677
24.333 85.743
93.259 47.586
52.133 5.39
6.421 88.774
59.49 26.152
8.424 57.094
68.378 70.237
24.981 65.343
93.792 36.569
78.94 88.644
80.251 42.18
33.183 5.834
47.225 69.683
90.646 87.758
81.517 77.61
75.616 72.14
12.425 1.685
43.756 16.714
11.407 41.386
65.747 7.833
46.611 16.955
80.461 61.483
53.449 67.901
83.743 58.592
31.988 47.964
38.621 17.546
79.17 92.126
33.425 49.289
51.426 62.972
36.44 71.876
46.699 98.101
16.118 92.598
75.725 23.685
19.324 87.15
26.07 37.302
9.675 71.387
44.468 11.278
20.546 41.811
89.191 71.47
71.545 22.082
60.004 74.895
5.016 23.631
57.266 50.351
44.193 54.541
89.751 63.828
70.818 95.287
1.503 98.577
