200 3
50.0 50.0
87.666 7.276
59.635 60.091
18.448 47.586
75.208 79.382
57.934 79.417
79.632 2.95
19.348 9.861
59.685 28.227
65.339 90.619
0.705 40.687
20.735 0.326
37.262 50.335
75.535 27.48
14.257 11.688
67.161 76.161
55.42 57.018
48.063 60.002
61.599 23.473
13.845 53.684
63.388 0.194
99.728 40.458
37.168 92.122
85.617 14.856
19.413 72.508
7.025 33.062
3.706 23.67
94.401 79.167
0.629 7.518
16.629 64.81
74.435 3.609
65.055 47.576
55.235 10.123
38.645 68.764
79.236 53.934
76.38 31.836
29.48 85.932
30.029 1.78
24.516 86.184
9.936 36.318
53.618 29.917
95.958 69.046
86.128 61.956
7.895 58.896
2.886 13.824
90.867 14.14
20.574 27.212
1.947 14.744
9.375 90.723
55.513 39.335
49.296 50.807
67.216 60.552
6.551 97.672
14.237 82.673
98.311 35.544
1.21 97.319
46.549 53.682
14.987 33.94
66.493 85.301
16.632 52.568
25.834 80.434
92.344 66.936
53.212 14.258
90.319 64.053
25.294 60.907
88.945 40.826
19.833 25.342
4.023 2.156
25.109 17.679
83.81 65.194
26.891 72.408
88.224 99.774
89.984 83.48
0.307 39.498
34.425 31.958
95.375 78.753
42.509 76.298
77.574 66.028
78.7 52.201
30.338 31.01
22.475 67.75
38.283 75.456
84.103 6.932
93.171 13.145
53.073 95.708
25.538 79.218
19.308 13.435
63.13 91.901
57.693 13.574
32.738 59.706
21.141 18.311
2.789 17.093
18.564 13.108
50.537 17.14
26.233 85.258
82.51 11.113
13.229 2.926
21.95 27.342
32.504 73.507
38.287 1.803
24.392 40.923
79.831 28.315
23.574 16.943
64.13 88.548
55.849 16.109
34.06 50.782
74.193 12.498
16.552 31.224
66.387 33.558
95.244 98.584
34.854 22.024
43.974 90.919
96.247 11.915
35.678 14.942
28.278 17.844
66.501 42.219
39.282 43.239
54.724 75.711
22.606 44.918
80.48 71.101
58.026 90.546
5.345 4.504
87.383 42.238
38.174 85.588
71.138 78.521
64.873 2.419
28.733 54.377
60.175 94.162
42.753 68.022
22.409 89.08
62.469 72.905
76.664 0.889
9.529 16.833
16.576 98.392
41.431 89.807
1.849 21.083
98.239 48.826
95.761 13.729
35.188 29.598
15.201 84.238
6.853 66.264
82.722 75.92
78.084 53.33
62.833 6.949
84.886 15.871
93.83 44.492
48.57 57.631
3.518 15.308
34.472 39.894
63.615 0.218
50.146 85.599
82.92 43.816
53.777 46.565
55.641 41.626
35.095 35.257
22.462 11.71
78.145 84.192
75.184 96.112
4.005 58.868
16.181 34.036
87.268 94.699
23.708 18.241
4.273 16.52
96.543 72.292
96.914 4.875
85.782 69.748
60.712 38.439
7.751 35.037
54.394 69.561
48.528 12.231
99.242 10.536
8.449 90.952
65.724 60.269
97.421 73.685
80.744 64.541
85.323 17.438
41.757 9.475
67.396 21.052
5.451 28.499
51.869 91.069
42.694 63.006
44.011 76.378
17.5 24.546
2.547 85.297
88.767 80.68
40.683 60.594
72.88 2.276
42.986 73.929
54.333 74.476
27.293 90.509
48.309 25.415
19.807 82.356
81.142 89.932
74.072 52.544
58.194 30.316
23.301 52.681
13.88 79.064
69.784 35.494
81.079 11.691
88.936 15.031
