200 2
50.0 50.0
46.164 76.919
36.05 7.967
63.652 15.608
49.09 35.456
51.693 13.64
42.671 23.336
87.437 80.772
79.296 54.081
86.634 9.614
53.415 62.63
29.494 17.012
6.585 3.131
17.793 85.036
20.224 55.065
16.364 77.189
63.03 4.15
28.512 68.301
60.118 26.125
51.42 8.634
34.114 26.62
68.756 84.537
13.8 72.859
91.095 83.933
18.935 83.727
69.18 69.237
16.149 82.096
29.46 6.69
92.726 57.873
27.853 80.65
9.088 46.191
54.039 80.801
10.494 2.063
67.473 25.95
48.322 27.23
11.237 88.783
20.397 78.367
77.156 72.533
4.873 56.541
92.059 21.153
87.843 94.815
43.165 29.309
66.196 77.18
61.57 84.474
48.82 88.681
66.175 44.185
12.227 32.449
90.979 12.985
45.489 36.093
66.901 6.07
96.805 72.018
83.073 97.749
65.976 0.097
64.35 97.748
55.822 2.761
52.62 63.098
91.694 50.244
91.26 16.093
27.995 72.636
82.131 40.224
36.392 98.609
65.959 96.874
61.529 35.092
94.226 27.117
44.71 34.861
19.824 5.845
64.455 0.682
99.093 57.279
20.284 12.614
30.375 89.645
61.698 3.409
55.365 72.678
83.439 89.861
70.35 51.628
59.433 50.173
24.234 23.144
10.632 7.136
83.1 58.357
28.485 19.344
16.733 29.408
40.822 68.347
74.37 61.386
67.516 33.969
56.961 64.135
62.191 57.13
49.675 72.247
96.28 12.695
22.728 41.045
20.083 67.853
29.676 68.227
79.372 26.356
58.745 93.416
38.33 72.925
60.683 52.639
69.266 21.611
19.624 38.54
35.091 12.296
89.181 1.572
92.451 11.658
6.137 3.0
19.933 60.7
50.07 0.529
83.919 68.42
95.035 0.987
26.27 52.631
98.459 28.375
69.835 76.99
97.216 30.872
45.231 40.359
88.378 75.481
98.607 16.229
23.495 60.249
77.351 44.086
93.658 3.447
48.386 53.989
7.522 77.814
71.111 35.995
72.401 5.973
51.145 67.896
7.398 11.011
57.11 62.708
89.978 95.864
51.78 4.084
44.322 69.775
3.451 19.629
57.205 24.075
38.966 96.506
64.55 84.411
38.958 10.367
12.184 4.782
17.139 4.596
38.617 32.64
23.549 66.606
69.884 67.504
14.213 12.751
46.494 31.776
59.995 3.839
90.363 45.677
88.581 40.369
91.765 15.525
13.918 93.025
86.859 28.133
12.894 2.177
92.746 7.907
27.637 38.016
71.013 1.128
86.334 0.53
34.164 13.14
67.677 68.926
33.389 79.432
44.636 58.633
15.575 28.706
66.33 54.957
73.014 96.361
45.368 78.754
79.883 90.533
94.094 44.072
14.12 43.335
36.254 32.391
33.081 17.515
46.427 7.428
60.537 94.771
46.38 45.096
13.38 3.799
63.893 49.566
8.357 75.927
33.569 20.235
75.924 8.711
79.894 69.568
34.034 50.969
68.877 24.416
63.436 98.874
40.505 42.157
92.829 44.787
88.23 94.091
60.712 82.753
31.978 48.952
32.278 56.354
58.902 47.618
59.67 65.655
43.088 76.204
71.729 1.088
57.114 48.758
63.068 43.898
53.928 53.072
2.699 27.635
56.828 53.449
64.809 79.304
8.283 70.897
70.324 7.208
31.102 57.861
47.418 20.776
81.773 49.039
45.442 25.648
0.265 33.66
23.712 99.998
17.539 46.354
32.302 31.589
71.9 5.133
58.704 11.675
