200 3
50.0 50.0
14.414 70.25
41.118 14.436
2.002 42.348
27.161 64.627
46.692 10.866
36.643 15.415
79.225 62.945
38.904 47.798
14.591 59.702
75.775 14.799
26.121 66.717
86.176 9.084
2.08 3.246
30.43 10.248
71.805 59.51
51.752 15.519
88.734 62.264
13.328 27.32
56.393 78.373
82.973 77.439
89.604 94.699
36.41 34.438
13.429 96.368
79.575 92.452
91.803 49.662
45.795 0.161
7.407 28.471
34.562 62.778
92.012 83.938
71.789 95.507
52.931 85.637
2.117 77.205
30.314 1.442
68.963 80.709
65.614 19.251
34.96 54.341
63.978 44.111
31.315 44.705
56.714 65.822
44.46 52.154
86.438 48.889
3.263 79.598
52.417 30.877
39.622 54.601
35.827 86.409
7.565 84.644
29.031 90.432
11.885 59.522
29.737 86.974
62.447 25.42
85.748 87.343
64.733 33.37
50.146 52.767
42.801 70.827
96.715 47.122
56.989 47.616
88.066 24.957
93.149 14.44
5.027 21.689
38.941 77.953
40.842 90.134
11.54 92.756
85.062 43.66
28.395 84.052
64.481 28.631
92.972 70.963
94.635 42.343
47.261 68.428
88.59 28.939
25.263 65.947
39.359 94.833
11.182 87.917
80.714 0.687
39.343 46.735
28.375 99.477
23.962 23.506
41.323 9.911
1.692 88.308
4.188 71.389
56.872 83.446
73.175 71.813
94.458 4.646
2.499 64.439
7.151 9.083
75.673 97.036
1.209 34.874
82.262 27.047
54.306 96.485
72.777 54.933
1.937 88.83
32.419 87.559
45.552 78.361
98.534 34.376
48.203 89.798
48.995 4.155
17.747 10.441
74.864 77.439
12.482 21.828
77.696 74.294
5.285 58.107
53.297 81.174
14.109 39.212
76.623 42.388
19.547 4.214
64.708 73.142
44.752 79.108
89.081 49.233
52.962 75.332
46.374 73.811
44.523 79.932
51.363 56.215
20.353 89.836
48.576 71.68
45.687 50.826
55.292 18.397
35.39 74.637
35.955 2.037
64.031 50.879
50.905 12.208
62.593 84.804
20.372 16.279
14.526 51.404
1.185 0.307
8.058 84.875
5.656 0.176
28.825 74.083
46.715 20.318
41.058 5.976
4.766 74.922
81.311 10.992
93.784 23.052
42.343 88.34
13.607 55.256
76.544 74.6
94.734 64.316
78.418 65.168
58.885 12.45
80.885 47.119
72.889 47.464
2.464 85.434
37.176 77.562
54.208 91.987
6.991 90.362
37.345 95.501
18.618 4.554
0.075 31.672
25.976 61.98
0.782 65.212
10.605 45.449
51.299 35.81
93.055 29.271
78.689 99.965
74.817 60.702
67.93 59.17
32.019 69.11
27.189 77.743
43.631 2.893
92.483 96.559
63.872 73.814
3.372 14.962
68.341 83.568
85.602 73.821
34.645 22.001
70.457 84.345
11.79 65.171
37.066 88.141
2.186 3.885
9.87 22.619
0.27 30.69
8.132 41.079
54.17 51.007
69.173 94.676
94.029 64.992
42.832 33.281
21.224 38.172
38.942 29.176
96.893 14.069
81.185 31.695
13.379 70.544
2.45 65.544
33.669 52.678
84.584 20.035
90.452 99.518
8.434 51.633
85.534 48.0
58.829 28.232
95.965 48.299
12.3 18.345
91.902 70.076
62.188 66.082
93.795 17.459
73.866 7.092
95.696 15.03
57.769 14.005
18.678 25.685
57.197 53.033
16.332 42.771
99.367 63.748
60.231 34.048
