200 2
50.0 50.0
90.509 82.085
7.259 1.926
7.791 68.031
68.446 69.312
61.386 62.901
26.437 43.18
2.886 78.418
48.085 65.435
66.281 38.741
69.864 89.786
31.747 13.887
48.776 37.784
94.184 80.086
33.565 12.265
55.345 31.857
26.135 76.166
29.837 19.704
7.735 77.293
65.389 53.257
98.493 97.896
11.431 31.294
90.0 24.867
16.036 98.714
34.52 98.962
43.72 81.938
24.125 14.124
14.611 50.047
19.946 68.598
30.175 73.485
37.051 81.698
32.694 17.518
45.518 75.065
88.598 8.846
23.057 73.602
13.406 9.968
24.727 46.175
3.937 79.493
39.735 45.687
44.432 0.518
85.046 58.155
53.062 69.99
73.45 2.822
25.523 3.124
48.738 90.342
89.523 43.906
22.852 23.925
44.014 2.09
90.127 34.725
90.183 95.848
6.382 54.308
61.983 13.402
71.635 15.683
78.719 11.344
54.025 97.334
10.979 53.567
84.97 76.397
99.695 61.795
63.582 25.628
49.329 61.673
76.406 3.062
7.434 18.096
94.465 39.311
67.64 5.592
32.108 63.068
35.818 93.468
88.122 64.795
32.195 76.259
97.492 62.879
33.63 22.778
10.121 81.113
75.336 4.9
49.86 63.888
68.605 48.838
46.625 26.812
17.785 66.536
52.89 60.236
64.611 85.444
80.772 67.273
28.768 26.398
98.075 28.713
45.979 57.855
94.829 15.967
12.18 99.159
7.882 96.8
73.637 98.053
29.789 31.465
22.553 89.399
6.403 41.729
36.855 35.298
28.926 84.626
81.638 89.956
43.383 4.066
7.303 97.044
86.974 18.679
85.291 52.975
58.873 31.883
79.633 24.767
44.633 0.976
8.764 52.473
99.783 32.466
3.387 6.242
64.257 41.55
4.303 34.551
47.735 85.528
5.296 2.059
41.084 28.134
74.937 24.407
12.847 64.883
91.422 82.523
79.26 14.067
36.312 56.431
91.654 97.853
95.639 85.777
33.126 83.999
72.114 83.458
24.206 84.255
49.379 58.163
24.107 17.01
19.055 44.342
5.422 25.555
58.323 14.455
69.721 57.072
78.272 28.526
36.33 88.207
33.554 15.63
45.948 87.151
0.714 46.189
38.403 57.579
45.899 36.824
48.083 27.452
35.477 23.946
28.614 35.715
79.471 85.027
59.548 43.057
51.853 95.394
75.088 90.495
51.63 85.248
7.832 57.687
12.385 58.765
85.19 63.889
48.247 2.251
3.198 44.739
90.97 73.835
22.867 22.117
64.146 9.795
31.692 98.603
11.556 78.79
88.197 45.828
57.193 75.635
46.822 14.13
20.559 12.079
44.629 27.993
13.992 21.607
71.641 16.074
67.844 87.217
65.321 95.913
30.949 34.455
26.224 30.064
53.977 32.664
70.332 13.207
20.24 19.065
85.911 52.497
80.154 88.457
98.882 3.456
55.8 59.997
25.452 5.481
19.255 75.25
84.952 33.881
66.755 88.531
24.937 69.223
9.472 34.867
87.618 44.728
13.511 9.785
94.274 9.417
97.055 15.449
61.183 10.238
38.672 39.081
26.287 69.375
81.769 75.31
32.556 43.252
51.196 17.935
92.107 57.599
90.451 64.168
69.452 63.839
66.795 91.434
36.587 25.743
57.733 65.779
46.366 61.862
88.113 31.449
5.343 54.895
5.603 39.729
21.49 77.244
34.925 3.031
62.472 82.614
39.818 65.303
85.587 45.957
6.704 87.047
83.466 20.686
88.606 9.233
