200 5
50.0 50.0
83.718 79.178
46.84 11.707
50.695 44.834
67.555 19.747
6.556 80.238
30.336 61.666
89.66 13.305
30.692 93.575
69.87 12.479
96.559 60.713
70.468 2.11
31.612 73.757
33.87 49.915
69.81 93.11
17.516 75.866
56.876 26.726
94.397 90.186
59.195 9.693
58.186 74.91
2.191 18.093
48.025 38.291
73.122 0.212
44.597 43.485
5.408 58.937
68.773 13.377
99.864 5.359
32.4 63.373
48.589 74.31
37.62 70.348
92.061 77.975
48.539 33.726
75.407 95.233
24.692 96.089
25.099 66.846
64.103 8.02
42.581 62.534
1.801 36.853
4.559 2.118
71.227 19.676
23.395 45.571
4.052 8.964
5.768 41.933
85.839 50.463
4.953 4.267
30.83 12.387
18.312 41.361
4.674 85.856
48.812 36.287
15.069 85.799
70.968 26.389
31.633 14.492
85.792 6.814
44.01 55.208
36.443 53.227
33.152 46.558
25.567 25.135
61.519 19.488
53.48 5.277
63.253 4.629
89.709 74.399
42.149 59.505
71.763 65.595
42.159 0.745
29.814 12.49
7.093 69.855
43.518 51.421
20.854 2.488
74.724 56.673
45.252 34.981
79.331 17.44
4.427 53.172
97.83 83.349
70.484 24.56
18.608 7.485
84.804 95.686
74.376 41.993
23.265 36.288
36.609 53.675
36.629 79.868
12.285 11.754
86.404 27.376
57.614 0.621
3.356 51.603
76.105 96.484
84.944 38.73
88.962 51.739
55.575 78.736
76.396 30.869
69.346 36.236
60.352 13.507
74.434 76.745
12.719 17.283
50.942 44.448
1.196 98.9
64.118 88.694
96.614 69.583
94.057 23.991
49.957 87.012
47.218 44.73
26.569 63.676
74.919 54.435
91.051 1.911
6.776 8.622
1.912 7.916
50.555 63.179
35.393 63.488
2.62 14.873
18.147 25.171
46.418 38.941
50.292 53.458
21.91 2.816
61.965 2.971
26.55 69.335
45.367 54.577
62.818 73.624
19.755 59.989
9.023 97.33
45.123 6.143
13.542 1.245
86.564 13.462
49.682 90.515
45.211 79.132
53.287 28.371
67.613 32.975
43.55 24.178
22.469 62.477
97.347 98.233
98.605 63.714
31.638 67.432
30.86 50.499
76.648 14.789
73.897 5.151
84.26 1.896
86.252 89.036
93.334 70.519
31.656 88.074
34.373 22.161
99.088 60.222
42.041 5.037
18.889 94.46
32.018 64.053
71.801 95.71
41.736 11.942
57.17 93.326
13.606 25.612
86.641 60.977
46.085 50.689
72.531 40.975
90.647 94.599
92.783 63.371
6.825 32.31
32.364 53.932
62.683 66.471
62.686 49.773
32.479 11.137
80.782 99.4
5.086 56.427
20.694 74.492
64.575 17.36
35.935 85.633
17.681 29.636
53.963 29.45
7.211 85.661
76.916 95.734
87.751 33.262
93.829 74.1
86.153 31.277
30.654 66.701
37.267 28.954
91.109 42.593
0.909 48.955
92.568 12.235
42.276 25.784
24.812 64.53
73.303 67.265
39.917 55.531
71.353 76.407
93.848 67.858
74.93 45.98
52.432 24.467
82.797 1.375
92.269 34.324
6.207 44.354
0.35 92.013
4.826 32.779
77.377 64.59
50.382 27.548
29.41 47.662
53.912 76.24
40.257 30.54
72.038 79.135
88.704 41.539
15.784 72.442
43.521 0.597
26.669 59.267
0.87 64.144
53.474 42.727
53.67 63.791
97.316 39.901
