200 2
50.0 50.0
54.493 65.29
43.078 19.87
91.484 25.019
85.539 8.947
45.658 52.205
54.26 26.183
19.41 57.547
36.255 83.965
83.281 78.024
8.62 89.948
60.057 44.447
4.399 66.048
43.555 24.907
49.176 46.008
59.483 66.048
78.488 26.453
98.98 41.169
23.168 27.558
99.239 20.204
73.352 83.991
53.28 11.817
87.0 68.305
69.285 58.553
1.646 31.773
69.146 26.043
20.693 67.632
26.954 80.783
12.067 84.762
46.45 16.622
52.145 80.738
98.226 85.152
1.563 91.144
15.272 11.385
47.097 10.168
43.933 41.87
71.191 26.769
31.406 96.797
32.479 66.021
5.055 67.016
46.034 69.159
15.474 98.168
46.694 8.393
77.681 91.862
40.44 71.055
26.006 15.475
80.438 59.693
80.666 2.483
40.672 13.057
19.019 19.296
48.826 79.035
39.702 25.902
20.414 42.036
36.817 76.446
25.779 28.205
46.608 75.348
26.992 74.372
75.837 46.69
10.379 61.266
33.304 31.757
12.354 80.363
60.679 54.792
44.408 54.176
90.985 52.513
16.71 74.589
52.656 9.427
52.276 66.229
4.031 36.802
9.706 61.201
6.451 46.32
3.431 91.157
10.792 89.802
88.423 9.406
4.915 72.368
39.246 87.481
59.133 7.503
7.386 61.666
82.692 55.124
83.032 49.798
8.044 17.547
83.76 74.619
67.922 79.137
60.018 98.504
56.215 94.364
76.017 70.384
51.191 52.459
1.979 58.75
76.967 59.196
41.73 7.789
2.564 68.26
70.43 31.104
95.706 29.782
36.225 33.48
91.403 59.091
33.88 47.477
58.11 2.87
37.797 45.12
44.094 89.34
28.682 33.251
11.744 3.231
95.65 65.276
21.31 9.099
41.017 9.956
51.938 34.173
38.918 5.476
67.595 90.433
52.467 1.836
71.266 62.565
49.63 20.414
58.729 61.385
66.14 82.476
87.325 38.454
5.878 74.015
90.313 21.157
64.614 73.557
76.336 31.576
20.29 96.486
21.081 17.177
63.772 8.125
97.018 89.449
54.293 27.747
20.744 64.182
8.913 37.294
30.602 87.513
17.759 35.173
18.156 82.838
85.48 18.356
76.2 48.926
27.824 65.222
76.549 17.986
30.527 99.029
88.241 83.93
0.93 7.762
73.278 88.312
19.513 23.948
75.198 49.659
15.189 60.329
67.178 34.44
56.627 14.965
49.254 20.691
23.307 3.23
54.1 91.345
32.572 43.079
6.718 33.391
60.274 14.335
69.866 56.408
7.057 91.57
44.438 1.149
43.349 19.652
67.355 14.059
54.688 39.722
77.242 72.406
74.698 82.868
32.279 59.747
45.181 5.866
15.616 61.048
46.269 22.05
96.348 15.588
23.655 71.923
72.554 78.146
75.696 20.458
18.676 60.552
89.54 94.562
95.658 32.051
69.894 8.008
72.596 1.222
54.566 6.376
71.893 51.073
34.16 26.369
86.11 20.634
81.541 21.96
95.801 25.665
72.187 77.293
88.637 55.5
27.061 86.043
45.98 19.741
45.222 68.813
0.865 26.437
12.298 89.463
19.111 40.742
5.097 50.806
45.651 3.44
39.972 60.249
63.393 79.065
89.496 46.888
25.365 34.457
82.409 61.402
81.312 8.055
7.892 98.72
68.849 49.564
96.331 21.982
86.621 18.186
31.206 85.264
16.053 92.445
23.922 79.474
60.872 56.727
82.538 6.78
73.354 35.925
65.456 81.778
39.89 75.076
