200 5
50.0 50.0
90.596 7.695
28.644 24.715
51.681 51.564
77.36 90.805
26.571 16.125
8.702 0.04
58.895 38.032
14.319 98.353
6.262 76.418
54.786 12.445
80.061 30.825
73.131 27.872
93.86 44.831
11.529 79.464
51.267 33.27
3.226 92.062
33.169 5.565
57.888 17.008
4.189 17.776
98.122 5.505
74.674 47.536
58.42 91.055
3.931 78.315
26.066 97.052
18.797 64.305
65.179 98.987
6.831 27.114
97.185 15.254
30.194 80.602
0.28 32.153
13.687 0.164
37.158 1.455
17.29 86.147
57.601 56.304
45.334 6.033
63.962 3.598
44.877 43.891
23.179 69.032
57.528 92.651
89.773 44.824
67.428 67.196
35.855 29.523
57.958 29.582
45.999 48.07
2.772 46.841
59.173 10.586
78.885 60.365
80.717 13.788
58.869 0.469
36.527 44.225
26.778 78.136
7.327 83.948
2.65 18.094
67.659 61.779
42.073 87.876
32.507 39.797
98.852 15.186
10.813 85.62
5.2 31.928
89.042 65.113
24.993 12.414
2.795 36.18
43.838 51.553
29.312 14.041
2.284 39.262
25.041 41.784
51.186 76.427
33.997 53.468
11.528 46.581
28.644 48.084
6.338 47.62
99.228 23.921
43.07 95.723
10.405 69.914
55.806 50.555
5.456 52.611
53.003 50.346
7.48 1.46
5.708 6.751
59.349 54.075
91.641 64.865
70.485 61.265
20.224 49.649
67.356 5.91
70.884 64.645
37.714 41.958
40.644 52.836
0.448 34.177
85.382 64.027
80.404 37.74
43.842 27.38
37.756 55.599
4.429 53.556
81.004 47.838
46.518 70.615
88.011 73.732
15.435 91.202
42.415 3.726
88.258 51.573
84.01 26.879
56.664 59.156
25.294 38.738
7.91 55.183
52.886 12.721
66.764 42.801
41.347 56.878
27.444 74.159
99.598 13.573
39.219 97.353
54.79 92.025
73.205 17.739
85.499 78.896
93.193 10.495
19.64 34.085
22.778 55.458
59.729 67.783
79.599 76.753
19.51 44.0
5.356 13.951
49.309 43.712
78.126 23.0
62.445 88.481
83.169 91.968
48.053 35.217
48.874 7.667
72.304 42.781
55.884 83.522
90.209 14.881
21.697 91.814
8.195 48.19
59.275 6.448
0.254 36.132
98.322 91.492
85.497 42.219
29.83 75.519
50.319 69.284
68.784 28.54
21.131 54.609
40.209 29.957
29.845 2.31
96.643 40.593
10.117 32.427
79.656 94.219
27.045 53.139
19.211 34.223
47.894 60.891
14.317 33.449
22.393 92.915
8.003 76.839
29.526 17.18
16.961 7.142
27.173 50.976
30.951 8.729
87.142 35.325
40.814 2.83
11.009 33.242
33.129 21.949
93.845 38.516
22.394 42.204
20.234 0.089
31.449 51.952
40.632 20.276
69.576 4.653
34.28 32.858
53.075 18.935
10.429 5.109
51.042 3.704
2.101 76.728
34.068 2.112
94.133 25.409
53.349 64.326
63.282 11.093
77.204 16.064
15.425 43.342
43.041 67.119
79.385 71.193
59.091 64.936
95.503 23.669
45.34 74.608
42.052 63.753
71.762 53.226
22.921 52.95
3.308 97.351
3.003 44.339
88.564 56.071
32.559 87.986
59.773 3.744
79.075 83.558
68.989 57.79
54.442 5.166
24.009 35.189
0.411 29.603
74.134 21.778
65.183 47.187
30.87 71.202
9.105 23.134
91.338 97.964
64.031 1.516
0.688 83.146
