200 2
50.0 50.0
90.382 62.284
82.039 55.611
6.457 25.673
14.487 34.64
53.165 4.356
25.722 73.103
19.784 83.6
30.688 3.196
35.685 47.894
97.187 15.778
6.174 45.293
52.042 53.438
48.757 17.201
79.756 3.095
62.141 27.662
99.372 54.82
33.221 6.174
44.569 27.39
46.099 70.494
17.405 15.87
11.67 85.079
98.861 82.711
56.31 64.888
77.238 85.046
18.652 40.608
86.377 18.497
59.322 33.003
5.038 22.428
98.36 84.189
79.416 39.69
10.344 70.166
51.12 71.237
77.851 12.335
64.374 20.07
34.634 83.213
6.881 37.104
64.425 54.708
12.77 13.672
17.493 63.675
60.75 87.693
35.586 73.988
96.866 7.173
75.167 0.756
20.204 0.173
93.096 78.719
58.887 34.924
72.005 12.589
16.006 25.455
97.059 84.775
33.983 48.123
65.817 83.184
42.304 87.598
52.928 77.927
32.272 42.904
27.302 60.221
74.887 4.193
61.244 76.904
71.75 70.091
44.779 94.676
42.189 25.123
94.581 52.222
73.16 92.905
95.275 48.857
96.409 87.605
37.623 26.562
93.711 45.826
88.76 45.899
56.653 3.357
23.565 42.352
75.059 64.318
53.514 88.817
23.992 12.932
61.966 9.936
33.147 14.729
61.501 83.627
90.66 83.502
37.085 76.829
18.309 90.027
43.623 66.47
68.211 69.011
32.438 32.775
9.787 22.403
80.974 51.351
64.63 39.013
53.024 64.256
26.212 45.407
78.536 67.01
34.803 72.021
48.724 33.957
66.054 79.184
54.061 22.78
16.429 42.448
45.106 80.33
23.544 55.679
91.62 72.129
44.092 19.689
16.739 47.075
88.559 69.713
32.994 58.469
20.652 79.19
28.352 50.508
13.249 39.464
8.47 53.678
77.603 39.641
4.07 14.182
39.855 68.375
35.799 87.371
15.191 17.083
49.558 60.058
52.689 38.867
13.354 67.056
83.449 4.245
28.005 89.342
79.576 36.14
56.374 40.656
96.706 34.096
77.57 32.756
33.453 46.4
93.535 2.785
89.708 9.895
29.68 90.381
29.924 72.741
6.871 83.706
53.847 14.435
4.969 52.207
55.554 74.717
83.928 29.383
26.538 4.74
68.288 9.052
59.278 95.257
24.074 23.487
37.774 95.047
17.254 17.287
82.354 65.123
95.788 91.474
82.241 19.556
31.487 71.141
2.365 44.97
29.112 38.173
59.334 15.335
39.913 85.945
89.396 13.275
5.49 78.787
88.474 40.588
27.33 24.024
50.284 19.524
96.863 55.181
57.381 52.595
47.782 7.155
93.437 41.854
33.215 6.362
0.436 22.083
49.042 39.688
36.334 55.595
50.058 41.659
94.863 84.684
15.696 4.362
41.514 30.976
67.998 98.064
71.84 38.461
59.718 58.007
29.629 63.983
8.047 13.653
10.961 43.528
27.957 20.799
59.733 30.31
72.403 65.673
82.632 23.493
92.143 76.434
7.375 87.996
93.023 22.302
90.048 86.684
49.797 46.998
36.656 66.36
65.033 94.727
82.486 15.145
78.199 56.674
28.176 20.919
86.249 88.572
81.358 45.714
48.574 74.698
88.125 56.795
95.078 72.524
77.599 26.639
60.146 17.578
65.878 44.127
63.286 18.602
54.689 82.542
97.238 79.025
62.311 29.472
62.009 27.599
16.128 2.457
84.294 40.948
39.024 96.284
59.407 29.442
29.505 67.973
93.466 64.134
64.023 71.634
81.389 2.235
