200 2
50.0 50.0
45.774 43.17
5.739 39.966
95.182 16.938
71.589 74.49
29.342 53.68
22.718 87.567
65.393 12.503
22.59 55.367
78.106 87.51
13.835 59.32
52.324 95.226
25.881 88.745
81.145 28.332
26.516 0.774
78.074 84.616
5.558 19.489
36.697 1.507
51.712 0.478
87.119 50.534
23.871 88.332
7.785 24.098
13.553 16.023
5.676 90.385
54.015 25.797
82.223 41.102
98.604 50.006
18.325 70.862
66.863 61.201
80.983 15.582
24.757 52.377
20.849 69.992
32.733 71.02
10.314 49.369
52.834 37.752
52.578 65.784
26.891 27.452
53.134 10.369
50.683 92.633
79.779 35.689
99.921 14.223
85.474 89.594
64.831 17.752
71.868 80.8
77.124 86.196
40.363 84.908
5.96 7.592
41.421 77.341
46.923 59.921
89.255 14.566
65.32 14.933
84.639 66.597
28.779 33.664
70.354 5.352
80.722 5.05
46.721 35.292
94.4 16.704
6.133 70.205
91.89 97.728
22.616 81.787
22.656 35.183
91.216 89.36
90.934 45.934
27.512 45.075
27.789 83.535
1.604 8.41
48.502 37.974
6.502 30.075
21.469 91.782
9.032 65.182
50.953 12.363
47.361 87.674
88.367 68.592
99.082 39.921
32.542 3.719
53.473 76.146
97.091 3.07
62.04 13.869
80.766 49.473
29.71 65.739
74.734 60.661
90.402 90.496
18.057 61.647
0.213 84.81
12.656 62.185
70.503 20.113
15.892 63.849
42.222 96.219
29.72 72.378
27.786 70.754
57.626 76.298
71.26 52.093
17.908 57.77
41.59 26.728
86.648 52.886
9.548 22.79
42.336 49.084
57.237 23.001
17.558 97.686
75.546 54.513
44.015 89.51
53.956 31.062
81.575 41.967
69.283 16.259
37.138 23.413
55.978 87.301
28.073 78.099
8.296 24.349
4.104 92.159
24.403 80.047
40.539 38.085
97.678 68.798
9.624 10.291
94.695 28.379
54.614 78.606
66.672 37.412
39.037 94.058
98.712 95.138
92.053 68.431
64.539 68.258
44.94 26.975
26.815 92.02
88.836 46.594
96.793 53.116
39.444 2.605
50.63 99.592
92.778 29.098
55.085 11.632
2.806 70.709
38.906 35.329
4.645 89.8
18.205 94.998
88.227 65.75
65.647 75.645
90.806 48.675
79.834 89.117
4.067 90.665
62.869 89.518
60.762 30.378
85.413 69.101
76.715 4.374
62.567 37.323
93.915 42.626
25.114 38.76
46.199 20.14
41.016 38.364
6.216 23.6
40.807 77.223
16.821 81.114
13.751 95.215
21.997 9.796
67.321 21.078
67.283 56.535
20.93 48.772
8.125 26.809
74.979 59.477
61.225 58.776
89.228 27.479
48.334 45.693
6.691 37.606
51.823 10.013
58.513 5.034
43.564 69.354
4.972 63.846
14.784 43.031
9.58 82.331
47.312 78.765
49.058 41.58
76.653 20.441
94.521 67.82
51.375 80.917
85.288 15.809
17.26 15.735
77.987 60.214
81.625 15.263
90.408 27.762
47.269 93.304
39.519 66.365
42.71 24.219
75.0 59.526
11.106 83.534
42.689 0.415
47.476 99.046
73.476 7.972
34.56 26.334
64.242 29.052
25.137 38.544
63.393 73.147
15.721 42.981
6.855 86.33
46.701 94.944
47.221 58.906
52.575 33.12
93.351 10.198
68.994 1.86
6.708 14.49
68.359 68.19
71.971 64.866
89.828 76.806
39.921 7.927
