200 3
50.0 50.0
95.281 90.33
15.335 49.03
42.902 2.027
21.571 29.73
90.857 40.817
77.309 41.291
72.859 95.009
60.625 98.459
5.868 15.849
1.401 89.447
8.375 1.381
87.219 29.184
36.032 46.919
78.538 66.119
53.586 65.121
21.093 42.47
11.768 55.377
19.24 56.064
28.988 71.749
44.279 51.803
37.5 35.794
0.093 50.822
55.097 25.127
37.212 50.564
41.824 41.594
9.103 84.918
92.922 70.773
94.453 27.115
75.256 81.547
57.098 13.837
68.413 97.584
50.024 93.319
45.861 89.124
6.124 68.302
50.849 85.709
18.73 63.875
0.456 43.501
12.047 63.33
56.092 69.164
54.338 28.894
80.642 6.987
79.892 12.447
83.292 75.928
32.563 12.467
64.236 87.248
61.55 77.421
99.319 46.016
49.432 4.225
82.362 31.214
18.388 98.139
37.367 2.649
64.335 48.85
79.07 42.831
34.887 20.244
34.277 0.242
23.248 94.103
45.981 31.821
24.298 63.055
20.589 81.487
63.191 21.908
73.747 38.263
19.92 18.195
55.607 41.22
67.595 43.081
2.565 7.719
12.848 10.678
71.012 74.924
84.206 99.232
34.659 52.599
44.343 2.273
16.719 6.161
15.29 62.929
46.122 75.706
57.149 53.191
89.903 33.627
0.676 6.632
33.97 84.133
25.318 9.401
74.262 88.537
87.481 0.487
54.517 67.671
66.764 77.939
93.233 48.492
92.172 73.788
63.651 95.647
70.645 11.887
39.074 85.675
44.107 14.073
97.951 36.854
24.339 39.355
97.453 5.499
51.289 95.777
77.936 13.468
86.72 18.724
6.089 30.151
4.376 54.378
92.335 95.238
89.989 18.618
97.118 51.945
32.33 94.221
17.764 89.311
72.482 82.375
36.812 97.259
3.306 56.47
76.718 4.142
22.682 8.846
48.816 62.571
35.75 23.707
56.405 74.599
56.289 43.423
21.791 46.467
80.151 67.784
15.931 8.625
58.261 75.699
16.321 93.469
58.703 21.667
25.954 28.938
31.085 35.888
50.374 57.329
56.602 51.678
11.796 14.896
59.696 57.366
31.067 59.842
80.109 1.973
24.675 89.351
72.187 95.72
5.627 34.705
48.097 89.353
71.983 82.443
47.327 34.277
24.947 1.003
66.87 19.574
41.969 15.334
52.661 3.498
77.815 51.979
72.462 89.907
4.397 69.407
19.581 25.707
20.319 74.769
93.952 69.034
59.462 92.005
95.638 79.181
78.578 54.141
87.961 77.677
89.858 23.245
83.939 71.415
76.969 76.523
83.848 25.371
24.776 96.752
72.983 96.992
26.038 30.911
14.044 52.121
78.494 69.424
65.481 89.914
43.891 5.81
99.726 90.391
25.07 23.453
70.183 41.174
52.895 28.237
7.054 42.425
91.556 22.091
10.594 48.365
70.623 15.569
2.194 29.241
86.995 51.412
60.308 57.002
4.399 40.638
83.14 42.869
6.967 82.534
65.273 59.418
56.178 43.582
39.555 45.478
85.85 88.999
14.795 16.887
89.329 91.742
72.49 8.981
56.033 94.508
2.881 80.148
67.18 26.034
24.962 37.548
67.196 25.033
93.804 73.944
32.822 74.243
90.385 14.685
71.762 0.979
76.727 42.766
52.365 37.839
76.918 12.796
19.54 51.866
64.242 99.994
81.461 94.321
35.537 2.543
82.651 23.099
65.36 96.124
32.004 92.761
38.268 94.888
24.852 17.558
50.75 69.548
2.553 23.1
