200 2
50.0 50.0
65.444 21.387
48.153 76.206
61.226 82.286
13.99 94.008
82.312 31.837
49.624 7.997
1.04 26.118
3.635 26.929
71.946 30.288
33.682 67.898
13.67 91.5
81.695 98.08
22.633 32.115
37.785 13.178
22.268 82.168
85.278 65.433
39.064 17.638
17.944 65.598
48.249 54.803
47.982 88.876
45.326 11.966
99.947 87.64
8.05 70.673
43.784 61.096
60.395 20.001
7.955 64.398
82.797 85.863
24.892 70.684
95.331 24.514
50.727 37.776
89.638 50.436
25.058 99.692
65.145 61.438
65.581 56.916
49.777 45.43
67.938 57.042
14.681 72.977
98.714 82.659
48.065 93.596
73.454 46.345
75.695 79.098
58.752 36.646
70.096 30.495
46.725 10.953
6.302 4.784
19.546 83.875
29.061 97.904
99.439 71.721
79.168 24.276
0.86 62.428
6.154 80.887
34.596 97.47
66.862 4.872
43.373 27.12
70.225 50.398
71.619 81.722
67.422 53.307
30.388 84.297
10.744 45.631
27.55 38.343
58.261 82.68
80.537 87.371
99.789 40.933
42.666 17.585
17.938 3.48
98.756 25.019
93.568 74.272
28.851 77.176
98.468 64.615
42.967 2.336
79.704 12.395
29.556 70.997
68.502 15.307
79.879 94.867
52.786 58.568
19.221 4.582
87.201 28.65
72.37 75.94
24.194 33.805
75.442 78.112
78.544 1.965
24.478 53.09
5.909 59.294
1.476 58.35
51.271 75.276
7.97 12.602
58.168 29.275
93.959 7.142
52.451 39.686
35.119 2.641
79.195 91.344
13.21 62.847
7.886 24.807
39.887 70.578
17.341 59.669
49.656 25.083
76.353 80.347
34.45 52.973
28.202 81.132
26.713 6.413
94.864 38.381
64.34 82.024
57.713 89.14
7.432 28.858
98.552 76.499
8.547 49.758
16.598 35.342
86.837 55.865
64.56 8.797
30.859 84.382
11.567 36.381
86.325 15.995
40.495 30.75
27.431 46.539
4.031 13.503
69.249 39.403
77.503 69.44
1.666 79.165
72.064 97.436
25.782 85.38
27.475 41.524
60.09 95.198
18.058 98.795
21.422 98.075
93.815 65.803
28.008 28.297
92.78 35.653
91.617 3.217
42.152 84.924
94.643 90.297
80.171 18.371
10.334 90.411
46.405 73.734
6.877 18.204
9.651 28.095
60.852 69.521
97.944 81.484
75.113 61.667
7.227 16.852
39.165 92.46
41.276 15.107
44.746 60.012
37.639 34.355
9.289 51.582
52.533 99.404
31.272 79.451
97.916 22.028
93.126 25.606
16.727 31.452
23.895 96.669
1.252 95.864
48.413 98.559
82.758 99.557
56.163 43.342
74.876 71.783
49.624 61.43
57.038 47.052
9.798 97.913
97.574 51.975
42.094 61.592
28.009 95.837
97.32 8.442
8.2 95.986
69.641 42.241
2.314 12.152
14.943 34.252
92.484 63.086
46.753 45.114
88.358 61.464
27.907 2.834
30.687 87.581
31.212 10.029
98.224 54.705
35.674 59.99
32.02 60.377
94.324 5.889
22.672 85.569
2.146 40.078
2.185 91.614
63.081 24.855
6.357 21.753
19.983 40.545
20.163 1.288
47.965 20.512
55.533 81.493
89.606 16.737
86.841 90.035
89.99 83.217
49.926 62.861
48.054 40.301
54.806 85.774
46.084 12.259
15.551 12.705
96.089 43.352
38.349 8.391
45.232 9.373
85.53 91.926
0.343 38.0
83.975 68.519
