200 5
50.0 50.0
60.442 48.698
98.452 91.669
12.983 12.977
71.566 98.993
10.191 60.818
72.615 5.426
0.569 86.017
34.909 22.644
84.369 42.944
85.88 52.207
54.119 82.938
78.772 51.132
96.365 61.953
72.739 21.31
98.794 46.597
2.332 65.563
47.174 65.389
4.636 19.234
38.383 37.198
2.675 83.157
38.849 84.473
1.113 80.704
35.891 0.831
12.664 68.815
22.706 51.912
58.342 5.804
49.047 55.471
11.241 55.525
65.562 86.56
18.383 7.88
95.236 30.95
29.747 11.538
16.248 46.683
1.997 57.424
22.747 26.751
10.258 81.256
3.698 50.455
6.615 11.016
63.989 64.863
89.58 38.405
91.015 31.035
70.63 82.172
2.27 63.668
65.317 54.971
3.434 45.042
1.718 48.022
64.54 65.32
52.148 94.007
36.192 87.709
81.869 8.151
92.828 29.587
19.651 52.721
13.375 63.659
64.292 99.057
86.618 38.048
20.686 29.046
53.492 47.735
14.462 25.606
68.087 85.298
6.213 19.84
57.257 29.626
85.954 40.891
93.45 31.637
58.023 36.771
98.075 21.317
87.641 97.33
45.319 36.44
59.105 72.097
67.334 96.593
44.397 97.035
58.461 51.641
21.909 24.112
25.622 4.486
82.717 60.715
47.522 31.486
87.498 11.519
44.461 69.444
48.804 14.233
83.954 0.617
28.468 42.834
89.925 40.516
42.03 61.019
91.254 12.159
66.819 90.929
2.037 47.422
60.082 66.137
63.359 17.587
26.094 4.278
77.217 96.051
13.767 20.239
79.746 72.808
86.324 0.503
71.397 5.748
46.772 27.931
8.543 3.807
68.692 45.846
42.281 12.718
90.848 3.879
53.558 14.816
37.697 4.409
24.676 38.033
12.028 76.39
58.424 3.538
42.026 42.357
40.673 15.155
76.717 7.366
23.647 69.093
47.567 60.331
11.975 61.748
48.061 48.345
65.049 63.206
19.283 43.875
48.013 6.219
45.759 78.597
37.156 36.797
8.0 25.782
94.448 13.9
60.133 44.415
28.945 52.052
33.867 3.209
0.941 75.648
0.838 75.718
97.645 8.54
74.326 30.621
55.783 91.936
78.708 14.512
8.577 57.761
40.307 96.323
45.318 19.448
49.033 1.524
17.114 86.728
9.633 29.058
95.125 88.19
32.395 4.707
95.566 0.097
73.407 92.83
61.621 5.916
65.213 83.402
57.703 55.461
25.784 13.412
6.799 3.822
56.75 72.744
72.933 94.211
54.308 28.745
79.074 58.108
99.064 57.75
21.628 67.584
52.448 11.447
20.3 44.565
97.57 48.755
76.378 49.013
5.204 91.15
54.697 20.578
34.785 40.751
21.243 24.386
43.539 0.831
89.023 31.16
36.008 35.404
3.585 74.168
93.269 61.151
40.614 77.347
1.649 39.272
47.508 16.079
78.234 39.076
51.699 36.553
87.583 56.885
26.601 15.406
66.526 60.953
11.426 13.085
68.17 41.178
60.54 42.292
35.745 22.867
39.989 13.078
52.816 93.3
59.517 74.676
79.375 42.886
49.671 91.008
26.423 19.451
10.268 70.964
24.035 85.986
43.496 60.089
41.085 47.818
32.245 80.055
88.944 91.972
71.508 49.308
57.559 82.145
28.198 98.851
6.0 41.412
80.666 70.066
57.889 52.224
63.742 17.509
97.083 3.079
96.026 21.047
63.55 12.788
41.65 24.771
65.702 95.881
65.137 25.272
86.69 39.068
87.048 36.408
