200 2
50.0 50.0
8.822 8.433
28.887 29.417
14.012 66.435
48.393 63.446
84.413 46.785
76.136 99.323
55.109 26.993
23.759 93.823
20.347 83.246
51.78 6.393
86.324 82.775
25.218 58.373
86.974 51.323
13.95 22.973
61.178 83.537
37.728 73.44
43.16 96.105
6.325 87.246
41.77 91.775
12.127 22.214
50.151 13.66
35.231 44.385
7.967 30.519
12.262 94.431
50.403 74.381
45.747 31.827
84.632 29.276
14.211 90.641
54.389 76.624
57.18 54.926
95.746 80.775
88.919 46.587
76.536 14.154
38.878 75.048
97.253 71.448
15.651 1.059
30.898 61.141
64.173 71.295
33.893 13.552
25.741 49.634
50.631 94.694
71.031 25.394
73.829 17.13
37.265 70.187
84.523 95.241
67.144 79.698
17.755 8.938
33.165 12.995
84.253 2.304
51.279 52.23
75.153 58.064
83.533 60.123
53.152 82.94
3.277 71.119
71.505 21.715
7.33 17.85
82.202 84.371
47.747 26.668
62.733 19.617
26.81 8.45
73.878 15.301
94.528 97.96
66.896 26.531
99.496 21.488
28.553 41.262
78.473 61.933
97.038 88.759
85.87 71.687
7.213 80.867
10.842 53.024
95.109 79.203
36.199 34.511
53.549 48.347
26.465 98.328
57.792 36.219
50.894 95.604
26.464 61.6
99.718 29.427
50.713 51.605
9.356 80.079
28.324 15.986
63.878 82.484
43.527 34.1
76.472 45.491
58.393 21.223
53.724 21.753
48.575 28.141
33.682 47.835
82.817 76.552
90.88 14.913
91.873 27.194
11.434 20.78
9.14 49.942
52.14 30.45
40.415 46.679
76.825 79.435
61.546 48.353
59.39 50.092
42.192 17.677
8.249 29.108
8.155 55.877
13.388 14.007
66.726 89.529
99.821 7.642
53.352 40.85
24.167 34.342
97.237 48.679
96.926 53.214
28.597 98.687
66.9 85.9
57.833 6.801
32.588 35.923
58.747 87.041
61.775 24.583
60.771 34.762
71.454 5.182
64.51 27.083
12.703 24.048
51.297 67.937
56.932 86.258
45.54 24.853
11.339 89.861
84.278 28.691
27.39 47.74
89.372 23.979
98.918 79.668
99.915 13.422
55.634 3.705
12.215 34.987
52.947 73.247
51.267 73.407
92.719 48.669
91.006 89.742
75.816 73.523
69.343 77.783
4.999 4.879
39.33 52.384
12.739 25.762
84.507 14.792
86.414 37.588
32.693 84.753
45.018 64.337
68.744 12.72
1.121 25.782
10.812 81.49
64.833 53.18
62.466 47.367
62.029 48.59
52.46 13.649
50.136 87.988
33.939 45.07
29.902 95.373
27.333 14.026
67.867 55.066
17.812 91.654
69.865 30.835
6.632 73.096
11.835 38.305
35.932 14.618
72.17 42.452
68.953 75.34
20.346 66.011
32.508 29.591
78.499 69.136
10.176 14.523
41.622 96.225
64.567 1.798
60.683 86.706
5.049 56.397
60.753 32.908
73.573 75.387
88.742 75.125
86.666 28.667
61.176 47.132
60.752 61.374
20.522 2.318
51.992 86.96
41.534 4.712
83.865 8.412
79.571 6.238
81.569 11.17
39.176 76.589
4.721 33.547
36.304 67.237
56.634 2.376
10.863 66.996
71.04 74.204
63.39 61.07
34.637 90.674
4.032 37.277
60.157 36.77
65.759 79.52
37.394 51.5
38.451 66.892
91.09 42.104
7.127 71.886
79.798 59.36
9.022 63.089
71.593 96.475
