200 3
50.0 50.0
30.841 59.419
91.744 89.289
59.967 82.019
41.197 4.794
88.138 80.513
31.907 30.392
5.69 15.641
93.469 50.884
36.267 35.147
41.547 27.394
91.014 60.594
47.446 39.725
19.582 76.275
38.843 59.485
59.597 39.454
78.83 95.013
26.406 23.76
55.655 45.214
84.523 30.972
71.454 29.977
86.558 6.861
81.968 90.331
36.459 10.909
89.238 85.602
33.043 24.465
95.324 28.206
88.499 16.53
56.551 56.612
90.809 47.739
24.691 70.184
35.352 5.876
18.932 44.195
1.212 27.477
54.158 11.706
37.983 54.002
21.58 23.194
79.88 30.405
13.318 72.796
86.755 92.275
49.153 39.972
3.553 78.063
71.802 67.98
48.131 57.597
0.687 49.357
38.84 10.63
6.825 38.459
26.904 79.395
0.759 43.868
15.196 29.099
7.408 32.486
2.423 37.515
75.152 99.581
0.981 34.454
16.332 34.809
25.048 94.451
64.382 66.987
88.835 18.949
0.576 81.736
52.728 41.974
25.132 61.901
27.625 55.421
93.982 20.935
41.516 27.218
84.988 29.19
83.309 62.738
56.742 70.131
25.705 26.446
15.832 57.179
3.817 20.333
98.794 6.77
35.701 59.309
42.704 99.225
73.961 33.575
24.725 93.033
34.076 79.005
50.642 66.792
76.753 34.143
65.539 98.209
81.954 74.231
40.49 65.206
63.886 58.69
4.925 66.727
99.391 24.531
38.786 31.379
22.987 18.275
5.497 2.003
80.666 99.217
42.681 68.538
49.188 95.421
65.781 86.758
31.031 31.918
76.186 71.558
49.359 41.747
70.077 58.797
82.628 63.406
21.479 72.1
94.304 72.398
1.702 12.005
93.57 44.776
57.115 88.803
64.626 1.032
19.804 20.204
50.225 59.078
34.572 66.782
12.017 55.169
5.442 22.866
79.526 96.793
24.287 56.074
75.177 83.281
63.914 48.77
90.782 25.602
47.247 64.446
20.046 16.751
67.306 43.658
96.701 92.991
95.171 20.471
28.121 97.508
28.99 56.996
70.381 42.705
19.836 55.008
26.285 67.416
29.499 69.617
43.32 53.331
85.067 82.291
59.961 53.05
6.72 76.425
95.064 87.205
24.539 77.293
6.892 27.676
72.566 95.109
31.515 39.925
8.362 34.239
30.981 29.959
31.347 86.243
25.676 26.79
14.006 56.543
22.694 16.355
18.525 86.931
7.639 21.115
76.875 48.706
23.292 14.593
40.941 69.178
7.797 97.968
68.601 16.109
69.607 16.916
37.229 93.855
32.926 84.318
34.957 99.563
54.743 30.344
72.138 37.591
42.299 76.481
83.571 35.997
58.633 42.948
83.653 36.04
29.884 97.212
15.772 61.277
90.254 10.013
14.506 1.871
2.407 89.444
42.397 59.62
17.018 68.842
56.772 69.871
84.438 10.874
97.463 27.335
70.677 44.756
29.464 24.995
31.39 36.959
88.349 51.408
69.731 60.245
89.076 44.696
84.526 27.387
57.42 90.926
76.18 99.55
52.311 47.461
74.591 32.467
26.177 12.497
65.848 36.641
72.221 62.74
26.188 47.685
92.824 98.227
55.065 5.919
77.616 96.34
56.035 8.062
63.719 57.955
5.799 85.107
97.157 9.313
65.932 59.381
46.6 89.938
27.733 42.386
2.982 8.39
69.985 1.384
95.148 5.307
77.922 73.53
85.804 95.328
52.354 29.902
67.261 3.52
47.77 72.211
94.446 67.163
54.82 67.279
