200 3
50.0 50.0
59.843 29.628
56.055 50.126
46.902 67.519
40.889 70.585
3.293 3.184
97.911 80.466
35.326 24.306
47.697 85.054
51.69 42.781
71.584 65.265
85.455 45.3
5.492 10.114
80.188 75.519
42.618 72.784
11.993 92.049
16.692 50.615
31.515 60.351
48.128 95.27
70.891 35.868
7.433 37.882
15.765 88.717
5.515 85.895
7.817 31.0
96.762 42.356
2.706 77.267
6.796 63.14
12.636 90.201
41.341 14.571
78.634 27.817
26.541 41.281
27.162 34.013
17.793 1.236
68.193 70.466
79.618 67.227
26.029 23.61
39.608 65.394
99.444 66.39
15.205 7.077
42.445 9.413
86.257 6.939
78.289 57.683
54.154 35.42
40.634 78.418
39.695 19.067
84.496 8.952
13.752 37.563
21.474 62.537
91.72 25.329
9.493 86.293
76.38 24.657
73.21 38.074
74.525 1.245
96.447 71.663
12.189 79.64
31.056 1.083
59.123 33.154
73.928 94.966
45.673 60.361
9.684 6.559
91.614 24.066
78.624 25.44
45.515 61.612
72.051 74.539
66.526 92.916
93.574 78.39
17.079 51.279
68.147 27.527
16.928 62.174
68.282 32.194
8.192 27.763
23.604 54.772
44.805 42.714
84.052 85.105
42.246 94.469
46.874 87.3
33.474 51.117
91.314 15.65
51.078 33.206
76.643 63.956
90.64 85.934
51.442 1.805
67.994 90.11
15.904 47.934
82.933 20.344
53.971 1.95
22.664 96.213
9.466 1.481
74.831 66.651
18.656 70.88
2.316 79.422
14.845 12.666
67.253 68.167
78.018 44.796
3.886 75.601
33.61 8.607
71.815 32.989
97.285 98.428
70.667 19.386
19.192 99.582
55.519 73.966
61.782 46.812
59.487 22.849
72.057 49.073
35.33 13.374
65.534 55.944
91.32 74.696
73.298 58.279
58.644 26.378
73.266 89.386
35.342 15.24
3.665 7.809
68.831 69.884
21.958 8.694
91.164 35.251
98.116 43.444
6.236 4.448
2.309 71.87
32.164 28.536
9.827 29.015
1.627 85.187
1.169 7.855
28.516 26.434
50.766 8.934
44.282 78.549
50.261 56.898
76.711 29.487
74.424 13.272
61.093 24.434
66.825 24.901
52.566 40.256
40.838 2.709
28.069 16.455
39.359 68.644
79.497 47.437
60.124 19.039
10.593 17.26
80.035 40.918
52.249 38.809
84.94 89.798
88.55 53.004
39.106 36.349
63.601 59.154
89.828 93.073
27.622 85.711
76.255 16.482
84.942 98.221
30.947 11.916
14.461 67.394
81.197 20.11
63.067 56.991
55.901 35.562
39.964 19.19
30.098 28.791
74.146 60.087
10.072 98.058
29.668 46.521
1.218 62.853
91.781 39.83
62.542 21.593
89.126 20.161
71.986 95.545
27.157 77.439
18.392 75.767
23.469 55.72
70.597 47.945
49.799 78.985
77.648 63.729
8.546 29.339
56.845 5.404
42.905 83.318
64.503 44.217
21.665 15.219
65.419 50.602
79.199 92.821
28.162 61.931
17.672 5.677
45.885 85.749
25.372 95.231
20.172 55.134
14.253 76.461
83.523 88.059
6.486 52.515
34.113 11.981
22.723 53.489
36.841 71.15
44.599 2.185
30.985 34.613
97.519 96.294
14.941 93.584
42.487 74.313
70.861 54.603
25.606 8.411
54.404 59.049
55.602 62.533
20.316 65.509
25.625 63.376
42.82 30.641
81.538 48.752
35.356 18.439
