200 5
50.0 50.0
35.822 96.62
88.185 71.171
31.602 44.842
55.579 8.071
98.279 55.321
41.88 71.622
23.014 48.648
58.6 0.84
26.614 18.139
46.456 23.492
16.557 87.197
64.113 74.495
3.778 75.719
62.527 43.151
21.744 44.751
37.606 65.765
97.851 31.594
74.226 41.781
80.997 43.673
55.278 81.4
72.754 18.354
60.318 43.45
81.906 9.791
94.44 28.666
67.787 14.873
18.602 18.999
85.013 39.129
4.46 8.03
57.205 4.782
37.376 55.261
68.252 34.158
63.476 94.965
80.284 12.622
57.329 70.789
82.074 41.339
35.129 79.203
3.174 2.351
2.233 25.028
16.333 55.578
93.69 74.504
63.346 53.599
0.968 59.919
53.552 39.067
78.799 76.719
88.556 17.992
82.469 69.23
86.949 7.3
40.093 14.865
30.944 17.439
13.047 32.801
18.286 83.262
42.859 89.452
49.647 55.909
83.531 77.963
4.446 81.19
12.562 68.688
21.878 73.065
98.555 57.171
39.811 35.493
0.013 8.015
88.775 98.443
54.179 26.232
63.088 95.974
82.214 3.759
67.848 21.141
98.33 97.476
91.953 31.741
78.009 20.396
97.331 68.204
87.067 23.981
27.919 18.591
2.945 82.256
35.348 74.254
33.747 29.24
55.065 36.402
76.043 29.345
31.051 15.568
91.091 15.516
56.448 42.334
73.646 56.158
23.288 22.495
50.15 42.61
86.182 90.539
44.878 1.574
18.904 11.194
68.827 73.137
81.049 86.457
28.313 9.954
64.357 49.643
78.481 70.535
79.076 28.691
2.379 5.302
48.414 62.608
62.309 7.719
52.818 51.283
47.547 31.287
35.168 53.263
10.647 27.055
16.442 24.745
2.184 58.857
43.428 61.351
2.324 5.86
86.913 57.029
37.684 75.119
84.554 0.796
57.561 96.642
51.46 91.046
73.914 18.198
86.145 92.106
57.513 62.057
46.145 65.233
31.523 1.637
32.924 75.163
93.731 2.66
44.163 93.868
26.765 82.246
23.838 60.005
39.255 89.375
60.2 80.844
45.763 63.777
26.259 98.627
18.777 58.124
49.284 88.113
3.771 84.818
11.7 57.667
53.686 54.188
89.393 44.031
6.831 79.438
14.973 80.455
5.672 24.785
8.101 58.194
97.62 0.7
70.89 54.81
57.126 8.564
88.677 78.353
1.321 3.396
4.951 29.256
44.697 40.74
82.688 71.008
58.982 20.87
79.96 35.252
46.601 65.909
43.396 49.269
76.953 93.065
57.475 97.658
18.631 39.316
79.108 41.28
69.87 59.037
95.553 70.16
10.95 74.532
28.752 88.531
84.558 95.366
72.015 93.334
36.216 70.405
69.509 82.238
41.189 31.159
30.421 25.955
90.882 2.019
49.521 9.533
81.662 48.317
72.889 6.125
32.045 9.302
8.162 17.72
56.03 46.948
97.531 40.207
56.454 98.073
91.695 10.034
99.204 68.077
60.013 46.416
52.287 49.377
93.948 31.825
23.547 82.764
80.681 21.105
69.443 5.143
14.05 41.541
58.066 8.723
95.778 31.38
26.226 95.18
38.97 69.925
64.252 23.237
57.466 37.739
5.779 72.753
43.679 11.8
60.415 3.698
29.651 39.739
29.468 42.162
37.478 54.438
3.683 37.227
10.529 37.075
63.921 68.666
2.355 98.914
28.804 65.032
18.381 84.805
34.35 0.361
21.942 65.734
41.888 23.887
74.115 29.519
80.685 38.684
47.705 76.788
