200 2
50.0 50.0
69.204 2.999
39.384 67.717
70.8 50.862
45.624 25.658
88.119 64.574
12.393 30.328
13.181 96.843
15.148 69.249
51.59 52.031
39.032 58.335
97.129 35.737
74.993 39.26
82.312 84.125
5.643 47.136
66.322 74.466
57.793 97.287
51.354 11.59
48.97 68.089
40.216 47.25
68.756 17.702
55.185 34.991
94.795 43.384
91.915 57.3
76.929 79.531
37.927 81.97
87.841 15.353
86.385 30.005
29.891 67.785
98.265 79.797
20.56 36.18
0.344 74.876
86.034 33.379
74.253 93.62
58.634 7.25
47.856 52.595
11.121 6.228
93.469 0.484
66.928 13.562
55.76 16.706
93.481 33.171
91.099 94.646
95.771 32.611
7.447 68.754
35.953 75.952
38.501 59.186
52.608 1.258
44.783 87.256
70.592 31.624
80.501 95.295
1.378 84.223
88.084 20.785
53.878 7.206
50.3 82.165
51.109 43.267
9.925 37.924
60.208 94.941
3.022 59.405
48.481 99.361
75.622 4.54
7.328 42.998
74.817 46.918
79.405 13.877
72.321 10.153
94.816 21.691
4.417 81.131
81.156 57.899
26.062 71.349
38.444 57.689
70.281 14.757
99.917 57.762
99.868 45.439
27.68 72.761
80.588 0.16
85.244 63.487
14.54 79.643
48.982 57.537
23.862 10.872
81.124 77.515
44.699 2.866
81.408 96.872
97.734 52.621
89.992 5.539
17.539 84.52
39.918 19.846
47.152 95.327
96.956 56.875
26.37 8.013
70.206 41.572
7.419 50.439
18.217 85.708
70.631 65.062
99.744 50.244
72.278 81.648
67.607 83.441
71.061 62.195
47.494 49.713
67.176 51.201
53.798 51.683
8.067 41.113
94.847 43.45
3.344 71.223
34.168 60.789
82.957 70.503
10.929 95.224
16.309 29.804
71.824 2.296
13.068 43.547
83.602 96.726
2.662 19.783
46.733 7.943
91.095 11.13
34.045 74.341
50.007 75.299
49.847 54.255
14.041 1.451
64.926 7.192
35.116 46.867
87.843 1.302
9.427 39.826
72.574 79.648
53.057 23.999
63.029 95.086
41.709 95.321
1.244 87.335
85.018 93.242
28.423 41.004
73.885 85.204
80.465 94.3
79.905 6.63
10.268 49.444
79.799 36.1
12.9 52.138
85.222 85.443
88.139 71.887
7.1 55.161
77.223 72.159
99.648 70.983
8.774 66.316
64.066 60.135
4.02 23.813
78.203 65.529
27.511 8.689
57.295 18.446
50.546 87.582
45.951 9.107
69.308 81.958
93.593 58.097
80.522 94.031
2.74 93.262
32.521 58.08
17.725 92.847
25.739 12.623
38.928 34.242
55.876 96.761
23.732 69.995
27.074 88.08
52.093 50.604
89.423 83.388
21.999 83.012
24.139 80.998
50.673 86.8
0.341 96.558
40.721 95.836
2.972 29.254
62.484 41.035
89.236 23.062
16.468 18.104
64.612 2.556
2.945 66.023
11.521 91.123
66.183 10.126
90.441 26.746
40.921 5.425
19.306 31.838
22.725 35.656
29.614 99.476
98.855 56.16
57.11 68.728
49.356 54.316
85.339 65.11
25.31 67.302
22.969 9.546
1.321 59.935
38.24 62.998
21.658 20.396
58.11 79.866
0.838 79.19
58.006 13.583
11.24 83.835
78.191 22.895
52.401 66.198
91.221 77.353
64.781 71.369
67.937 81.9
57.804 30.511
18.709 46.808
66.395 50.277
36.169 80.48
8.259 32.539
