200 3
50.0 50.0
79.732 68.811
90.908 74.676
75.145 32.278
26.751 31.155
32.37 15.682
63.483 25.06
3.72 1.387
63.089 9.114
30.618 68.719
59.182 65.379
94.396 63.026
17.632 49.275
68.474 62.467
64.268 49.859
46.059 23.797
59.409 63.962
1.699 57.162
72.871 50.933
17.876 42.873
73.108 62.26
5.501 21.213
37.549 65.988
48.087 67.886
78.569 80.461
16.168 12.17
75.629 16.721
64.451 40.516
0.387 90.639
92.831 93.444
84.584 45.902
66.582 31.134
37.639 47.482
99.607 93.487
89.327 93.658
89.359 64.105
46.622 12.278
69.151 22.685
30.992 51.043
67.732 1.127
88.46 29.515
50.096 2.495
4.723 2.149
0.263 27.382
49.397 33.782
75.166 12.957
2.317 31.702
79.876 94.278
33.338 96.41
74.88 77.944
2.346 97.915
31.475 71.708
7.48 24.819
73.39 96.107
15.452 92.379
58.371 30.922
19.789 2.321
65.646 82.649
26.29 62.412
42.553 32.094
36.091 45.131
88.317 25.092
68.048 29.165
62.571 6.193
4.547 58.152
72.052 78.372
89.023 30.104
42.152 42.853
45.641 0.706
91.578 32.996
52.506 3.716
91.489 80.97
83.726 31.704
71.454 55.185
61.748 14.62
98.713 92.102
59.407 50.419
22.455 3.936
61.305 92.628
57.172 6.715
66.386 96.545
74.27 85.896
45.252 16.829
38.581 44.113
61.599 93.923
38.946 62.249
65.824 6.787
79.965 3.403
52.789 4.558
38.042 85.773
60.086 99.779
79.108 32.976
88.888 96.345
79.564 53.26
82.225 12.74
43.7 57.584
81.003 61.502
57.509 43.556
86.144 51.018
97.567 57.142
37.305 99.058
99.391 61.708
58.919 5.617
29.532 9.671
11.388 1.457
60.648 87.217
14.472 97.092
5.533 6.958
14.205 44.788
20.171 50.896
7.497 50.148
38.74 13.109
38.467 60.499
6.821 56.428
25.088 59.742
1.169 31.076
48.476 52.831
97.857 67.915
60.466 0.584
92.036 70.083
49.864 13.139
82.742 66.152
67.026 61.316
54.197 80.929
79.391 2.429
39.255 64.876
25.162 2.631
19.172 13.248
27.604 50.573
8.782 6.278
95.051 28.05
10.664 96.272
48.979 43.922
2.486 61.501
94.265 60.67
96.386 29.89
67.761 93.583
83.778 36.639
70.862 51.328
60.33 77.254
82.129 85.893
43.025 69.33
87.998 94.046
65.583 14.834
25.884 35.262
29.581 36.838
28.971 91.445
76.781 73.062
98.973 39.269
31.591 39.843
39.755 22.292
98.104 68.503
53.254 51.056
25.002 25.52
89.524 9.917
18.03 76.205
87.822 94.754
39.118 50.323
50.526 87.73
97.862 82.66
66.2 95.786
39.443 44.182
33.669 85.908
13.054 49.426
37.403 27.376
74.948 76.061
70.069 73.783
91.227 37.566
47.562 19.163
36.905 17.469
83.611 22.603
32.39 33.446
54.97 39.614
53.154 15.121
77.514 3.038
50.887 95.748
47.391 69.83
43.701 42.384
89.421 82.503
83.727 37.769
63.127 33.225
23.776 99.497
6.563 97.498
42.348 66.237
97.622 35.796
21.552 49.668
38.144 73.983
26.776 21.415
67.018 46.441
22.338 16.743
24.417 64.319
10.758 91.948
54.752 92.61
61.768 43.873
30.606 8.234
45.74 80.062
45.15 5.706
19.988 12.199
66.84 40.442
22.596 13.22
