200 3
50.0 50.0
12.094 37.706
67.348 56.599
73.285 62.533
18.579 91.241
50.054 36.224
36.547 12.206
31.93 67.097
78.727 87.261
60.557 40.124
25.223 73.54
5.468 31.542
36.275 8.876
30.994 98.232
61.922 77.503
84.351 75.597
96.796 60.776
67.332 34.336
72.325 95.57
67.151 68.985
29.909 38.484
72.723 51.13
25.965 13.121
85.654 66.328
61.12 15.418
60.853 53.804
68.335 75.713
97.029 3.12
79.226 82.123
30.323 18.398
33.999 16.49
1.453 68.422
70.311 92.589
8.868 52.968
70.567 55.009
61.768 25.771
34.443 8.546
13.816 6.773
73.112 89.05
14.62 98.992
40.788 44.543
93.275 79.03
5.561 69.474
48.609 38.221
13.843 33.505
64.414 38.873
70.938 39.134
44.542 20.946
48.686 64.129
36.339 60.2
89.767 6.613
58.729 53.138
82.877 35.636
64.034 10.44
80.837 61.223
5.44 3.992
88.287 19.876
35.812 46.353
52.713 74.566
33.31 7.728
49.783 8.809
15.686 20.066
58.619 71.581
67.085 23.506
25.449 67.793
8.951 55.853
22.002 61.224
43.05 84.749
76.554 23.791
87.675 68.617
85.574 52.22
92.43 30.688
12.071 2.129
31.702 33.089
32.552 97.608
44.92 46.128
56.281 82.284
66.643 37.757
72.982 54.917
55.48 87.046
99.839 50.337
13.216 26.416
81.823 7.292
46.423 82.114
21.58 3.937
84.352 40.236
50.074 14.65
37.621 64.586
40.5 30.669
52.025 80.393
59.285 14.11
39.079 74.218
67.204 51.02
85.447 18.439
26.6 95.374
36.062 80.442
54.875 92.787
84.416 73.217
90.61 64.308
60.924 47.902
55.171 31.025
99.804 89.946
53.082 47.669
48.79 50.335
68.828 64.53
62.0 60.803
23.552 54.673
67.095 31.103
98.275 32.759
81.457 40.657
40.695 94.03
17.245 54.231
10.59 62.717
65.862 47.257
16.754 53.219
23.89 68.707
28.596 18.546
30.72 70.417
72.693 39.072
20.455 23.09
59.54 46.789
13.261 57.001
68.901 60.022
5.224 25.88
83.958 82.011
71.1 1.72
81.484 33.368
89.297 32.203
86.333 85.517
12.563 37.302
60.314 77.734
81.678 81.448
10.933 77.012
49.363 66.069
44.034 62.0
36.291 18.867
3.095 18.008
0.507 40.573
6.942 17.218
71.447 4.55
59.11 2.45
36.274 78.109
84.634 19.625
33.398 16.285
39.633 91.56
26.459 99.055
90.252 16.623
94.942 48.644
19.845 82.932
91.473 73.676
88.444 45.235
54.648 15.378
28.764 29.983
33.469 48.362
48.219 97.879
27.715 43.364
2.374 59.42
83.485 88.979
97.91 73.187
61.872 33.397
72.246 7.901
45.275 8.31
3.257 20.315
79.469 29.13
67.912 52.208
32.766 95.128
14.023 44.844
56.654 97.368
50.933 59.892
28.797 36.366
84.911 38.633
80.466 85.777
65.949 13.78
14.236 42.021
11.628 58.211
59.791 29.955
95.653 45.702
3.916 14.609
89.24 66.262
8.256 82.955
70.083 34.35
80.976 51.043
61.187 97.638
1.671 15.176
52.534 18.964
43.731 10.059
17.83 24.808
32.707 99.045
77.114 79.534
48.468 72.563
37.123 65.29
18.836 87.82
47.736 77.211
40.847 16.406
94.77 52.111
83.448 83.97
31.421 76.343
84.568 25.064
15.483 73.443
78.542 77.138
