200 5
50.0 50.0
77.736 52.688
10.786 84.717
92.13 71.745
13.297 78.801
38.088 63.547
51.393 11.861
5.015 78.346
88.499 23.0
52.342 50.678
55.052 25.261
3.961 0.431
39.108 82.738
16.737 23.912
8.249 24.227
37.081 15.35
68.935 20.893
7.472 61.757
5.806 38.238
88.931 92.246
93.209 27.454
11.625 95.025
44.714 14.069
5.358 94.823
3.698 22.39
28.054 82.912
71.872 23.746
71.209 61.429
75.161 53.593
44.102 72.641
0.019 89.486
14.042 28.451
92.895 49.362
72.774 16.083
67.483 38.564
40.847 1.456
62.127 87.522
31.459 33.058
9.176 67.543
44.773 70.814
74.829 96.39
47.38 23.713
16.367 13.699
66.914 45.47
46.811 96.208
44.156 49.292
92.566 41.22
95.646 92.363
65.411 74.473
54.17 74.442
54.568 18.165
47.01 41.899
28.98 99.838
46.317 26.118
88.047 84.307
66.823 92.939
56.447 84.029
61.041 68.025
0.372 61.434
34.16 61.241
2.877 32.278
99.283 27.691
95.529 72.166
6.902 42.368
96.407 24.556
25.616 27.338
48.955 71.635
74.106 55.632
82.055 46.245
71.284 44.155
76.715 4.349
32.102 52.55
76.896 70.489
62.386 93.235
3.565 66.886
10.753 75.87
71.779 4.307
8.487 92.282
10.852 25.513
2.393 35.455
48.954 43.452
1.323 11.965
74.98 32.003
50.331 99.361
35.649 38.555
18.338 80.513
1.42 92.695
28.743 77.712
54.014 4.844
82.256 67.987
78.002 72.389
94.831 38.596
57.392 50.267
23.847 98.525
83.717 36.611
30.929 32.361
17.771 39.886
76.586 58.472
60.63 16.89
62.673 82.767
44.663 86.255
39.1 62.367
26.173 93.165
96.821 73.557
87.678 25.509
60.75 51.992
15.064 9.048
38.44 64.854
41.464 26.11
46.083 60.299
19.539 66.823
1.173 61.718
60.876 3.148
64.955 77.384
94.231 73.29
24.872 95.906
91.173 11.831
82.491 70.528
57.987 15.72
42.18 97.128
35.532 11.563
68.872 89.719
11.925 17.526
18.468 87.915
41.221 73.447
53.271 86.867
12.548 23.271
92.141 58.813
1.338 31.147
31.6 54.14
49.687 41.262
39.008 18.736
30.617 20.621
61.705 51.689
84.075 21.933
34.564 31.188
92.909 31.702
15.226 42.69
0.53 58.004
29.643 8.702
92.436 92.775
18.276 96.712
28.606 51.395
34.735 94.851
41.711 70.643
99.453 25.074
61.252 30.14
29.945 47.904
99.336 38.721
93.818 74.478
5.689 43.827
92.667 39.317
45.117 14.326
4.019 12.474
63.537 31.997
0.417 40.969
62.087 14.239
56.482 53.399
89.466 14.707
89.746 82.757
96.517 62.737
76.239 67.068
23.282 8.385
78.226 63.746
74.619 4.245
74.961 53.203
53.922 7.146
35.453 41.992
7.073 38.59
26.594 29.029
62.067 70.877
99.082 81.354
7.101 61.33
97.964 0.907
59.511 32.343
78.834 20.883
72.101 15.567
75.417 24.085
35.737 31.033
23.704 35.361
12.429 25.896
89.499 96.124
29.312 89.489
51.622 6.178
9.555 38.825
46.378 18.744
5.596 54.91
86.546 70.49
64.429 40.711
61.435 80.999
67.529 22.561
26.207 78.852
76.951 26.526
82.887 44.666
44.729 78.725
26.768 97.015
31.589 71.618
83.21 39.196
23.592 60.999
1.587 62.009
