50 5
50.0 50.0
36.096 19.742
54.468 44.458
85.614 11.708
22.738 45.252
30.995 98.591
91.328 43.716
87.115 68.663
9.052 14.543
63.995 32.561
89.512 14.308
75.634 12.117
40.385 88.573
64.561 10.416
14.569 44.691
41.549 63.624
59.043 86.891
18.893 2.205
49.412 24.847
94.412 75.131
13.282 30.77
50.541 94.662
46.022 7.515
12.231 48.714
66.212 89.512
79.908 23.398
84.644 76.158
64.793 20.268
9.699 4.735
23.153 53.838
19.07 57.483
6.665 11.982
61.173 32.943
7.941 80.354
31.358 61.366
28.696 70.626
36.041 86.221
5.84 80.426
18.251 46.942
78.307 2.355
46.696 19.774
86.597 25.383
67.531 69.428
48.985 75.313
54.969 59.227
6.307 46.562
47.479 92.349
92.632 49.073
52.182 40.922
92.547 91.903
