50 5
50.0 50.0
26.386 8.678
9.1 34.449
41.786 85.373
95.173 65.003
76.008 26.089
33.78 48.963
61.976 46.967
23.382 17.979
66.183 74.429
87.965 47.777
64.557 4.809
38.925 89.155
43.87 30.129
87.936 5.236
53.623 56.33
63.94 45.654
82.953 95.638
98.639 23.157
25.034 41.838
72.422 50.348
63.579 75.72
84.821 9.117
99.134 59.623
91.71 32.428
90.034 41.382
38.796 4.698
64.583 7.51
44.014 71.81
82.232 36.382
30.853 49.612
96.684 94.522
14.716 96.981
82.65 43.837
20.623 86.924
6.894 76.302
6.036 19.939
50.887 42.857
33.282 8.599
67.344 10.725
87.475 73.674
47.835 4.791
7.159 4.34
91.422 35.469
53.239 25.651
71.679 71.009
47.254 52.773
71.329 63.407
3.395 23.008
20.207 87.352
