50 3
50.0 50.0
19.594 5.978
64.372 0.985
96.604 55.873
3.74 19.272
76.696 74.725
5.83 37.627
81.117 47.483
44.099 8.77
13.385 12.938
21.072 96.527
98.105 73.289
85.562 92.185
65.935 35.009
24.467 84.31
9.023 65.475
93.947 3.976
6.791 82.281
93.968 27.188
25.672 61.237
5.461 59.276
65.67 0.442
62.656 97.126
24.56 68.083
93.69 38.237
43.997 11.64
53.415 74.578
27.059 74.523
4.097 88.737
4.719 13.472
31.644 21.121
81.808 13.736
78.581 48.912
30.687 51.077
96.15 31.068
4.579 34.665
34.488 94.997
23.814 50.963
60.996 90.062
16.58 38.927
18.966 84.515
39.34 63.006
79.931 49.338
71.658 11.838
44.033 32.099
48.883 19.952
65.691 51.381
18.888 68.598
51.458 14.075
30.167 89.969
