50 5
50.0 50.0
14.579 64.829
80.617 48.44
24.781 39.429
44.987 0.038
91.456 84.063
23.433 71.512
69.129 56.438
90.273 60.264
65.679 46.311
87.045 91.544
76.986 14.841
24.044 63.558
87.199 79.959
94.824 56.981
80.312 26.715
80.469 18.077
33.732 97.186
3.713 10.164
84.161 10.267
52.259 71.948
61.525 31.298
62.222 82.109
36.689 91.344
16.993 36.799
30.106 84.445
54.237 7.653
16.092 66.549
56.794 3.447
98.429 51.727
75.511 0.089
56.488 30.624
73.085 40.649
70.938 50.392
72.963 85.142
99.293 76.49
24.488 3.857
27.838 93.436
58.927 14.338
59.7 24.774
28.544 96.647
95.72 94.04
0.771 31.261
5.527 67.867
47.419 30.986
4.543 7.601
79.589 41.192
63.993 6.126
25.136 25.089
10.206 72.434
