50 2
50.0 50.0
13.514 38.717
15.367 38.135
15.448 98.51
8.056 15.91
48.548 30.187
22.058 38.636
70.041 45.846
85.644 35.352
62.852 47.943
48.882 84.458
28.723 92.176
99.744 1.354
69.742 72.564
57.626 56.879
56.342 44.164
97.854 41.617
30.917 54.839
17.181 52.332
62.399 53.517
17.468 39.318
70.363 71.64
76.177 53.659
21.9 63.642
78.307 33.786
61.22 82.975
94.275 47.716
54.832 76.216
85.838 19.7
18.191 63.972
17.182 86.56
22.314 31.681
89.897 98.658
35.22 28.512
69.698 38.767
57.997 35.657
22.852 32.843
69.107 73.518
83.638 34.481
84.093 14.107
86.758 62.522
36.493 94.822
21.042 24.828
90.601 3.296
33.543 25.179
5.674 89.081
54.112 78.85
69.894 44.89
82.173 79.933
64.238 46.912
