50 5
50.0 50.0
34.584 9.431
16.102 68.356
72.927 89.777
41.838 39.224
22.623 95.315
41.277 15.691
15.905 32.012
14.498 71.196
63.06 36.574
63.838 67.272
6.243 6.174
26.181 22.92
54.775 38.088
1.184 71.561
51.044 30.336
84.416 93.494
76.41 75.308
94.784 83.897
53.251 96.901
49.27 14.317
12.119 56.202
40.959 16.125
4.953 15.311
20.993 48.005
18.586 95.197
49.481 12.395
91.633 85.496
94.978 93.204
61.009 13.073
25.426 78.559
27.12 79.823
23.452 14.188
19.716 11.418
59.755 56.183
61.64 23.946
12.802 69.449
53.051 38.738
12.675 27.287
92.92 28.092
12.007 9.936
44.181 63.196
54.207 39.463
69.071 97.9
29.802 76.953
95.614 45.769
49.808 19.953
64.558 61.567
52.906 35.463
19.483 78.434
