50 3
50.0 50.0
15.773 65.424
22.947 47.29
68.21 22.339
90.578 71.511
35.193 17.782
0.357 44.507
38.361 8.333
80.418 65.488
7.795 31.123
28.968 85.675
92.047 34.542
7.863 88.218
60.979 71.901
22.24 33.94
0.412 65.343
23.592 52.999
24.488 13.307
66.555 82.164
75.41 75.935
28.617 80.141
14.012 63.485
58.802 42.057
81.216 8.122
32.765 46.634
53.299 82.933
65.924 28.533
57.165 16.134
85.621 99.542
86.75 47.156
87.171 61.31
2.036 64.614
99.079 57.782
63.855 89.59
93.41 34.842
2.349 85.95
59.554 91.316
70.587 29.993
1.336 65.532
63.864 62.885
17.708 57.412
57.287 77.339
0.584 77.923
12.184 53.092
72.303 17.703
93.759 80.087
51.501 93.645
4.568 97.843
54.816 2.404
86.301 96.185
