50 2
50.0 50.0
4.488 65.413
64.906 54.402
3.516 81.12
81.585 25.988
55.407 57.46
66.033 21.368
6.005 69.737
60.437 89.039
85.411 80.51
59.026 90.34
98.303 20.676
98.892 35.427
7.054 45.836
47.724 89.415
81.289 28.438
72.755 25.247
51.579 75.322
23.014 37.443
64.366 89.601
43.84 41.084
63.087 9.004
83.875 36.598
37.061 60.223
94.058 7.353
81.113 19.966
68.508 68.448
18.191 19.179
38.297 34.768
78.214 10.956
63.61 86.955
38.48 92.286
3.517 46.373
18.412 27.916
12.311 99.205
26.87 76.138
61.773 2.115
57.805 8.87
94.915 12.497
9.178 21.9
67.6 69.746
89.754 86.718
87.251 85.305
94.998 80.883
31.637 9.804
32.015 36.628
37.753 65.92
5.829 97.282
47.604 25.942
80.421 65.113
