50 2
50.0 50.0
86.691 54.976
15.464 20.495
60.33 39.262
34.978 90.617
44.325 4.349
78.805 29.199
12.129 81.17
49.101 99.532
16.405 82.2
77.592 69.728
46.321 14.393
50.712 45.953
26.131 61.745
18.931 36.666
19.32 37.34
53.262 11.982
43.905 90.951
99.393 17.073
6.377 75.946
34.374 9.384
9.209 42.107
54.624 11.115
54.928 1.678
28.324 74.419
66.718 53.426
4.743 37.601
89.428 88.89
67.095 2.566
26.513 0.034
45.703 83.331
45.29 58.401
14.23 76.604
1.177 50.557
87.588 95.932
41.107 85.0
13.514 97.56
91.74 71.244
49.206 41.95
79.364 47.053
56.616 63.512
8.14 78.262
2.667 93.13
33.109 4.274
3.776 17.183
95.259 39.019
53.154 42.56
37.596 23.399
67.056 93.588
30.053 91.8
