50 2
50.0 50.0
24.885 42.547
92.761 65.695
29.679 14.825
51.203 97.771
51.567 97.997
27.458 63.282
54.5 72.291
6.972 44.481
26.946 18.362
25.297 85.349
99.4 89.041
73.627 1.354
41.532 14.983
46.173 54.969
28.722 14.654
57.817 70.885
99.604 25.97
44.393 2.115
22.671 74.929
34.658 35.145
85.152 5.389
56.879 46.824
79.807 41.408
17.99 7.294
48.91 27.446
40.194 47.457
67.407 31.451
95.894 55.676
12.062 38.94
11.088 19.938
6.913 42.193
86.286 75.377
76.602 67.533
74.228 42.22
80.765 96.541
63.803 40.576
23.511 69.417
50.514 73.402
56.093 72.804
89.513 20.75
39.776 24.395
76.26 69.638
82.82 80.583
21.599 18.545
73.639 94.943
65.875 84.21
12.72 56.907
10.205 12.584
37.024 43.192
