50 2
50.0 50.0
82.826 21.061
3.324 8.999
46.051 65.593
82.572 84.408
36.748 64.583
49.94 50.236
39.76 48.426
34.821 9.139
22.627 37.925
99.478 34.91
57.236 67.982
52.246 26.162
46.242 62.895
63.1 96.601
82.075 64.962
55.164 55.339
32.556 6.275
63.38 87.054
50.916 87.851
87.87 91.716
27.551 71.7
48.493 10.24
33.052 68.973
46.882 27.781
19.792 44.686
55.612 49.566
69.11 91.63
9.745 3.225
94.85 44.258
98.659 18.954
73.908 72.65
89.232 0.916
40.706 4.688
68.263 90.221
7.167 76.607
10.39 45.215
29.305 3.023
98.815 45.056
6.587 96.555
74.919 83.962
97.854 44.854
49.447 84.392
43.63 79.864
31.984 81.937
37.316 65.924
1.801 44.663
90.101 33.262
19.512 21.162
58.777 71.635
