50 2
50.0 50.0
93.115 70.196
16.852 82.688
94.533 89.396
4.884 50.899
79.764 73.191
64.252 93.647
53.492 29.465
36.829 64.451
50.097 96.958
61.124 7.715
39.92 31.481
16.843 97.384
69.629 91.723
76.403 68.796
77.621 83.795
61.447 51.581
31.787 4.051
0.24 64.759
66.895 85.567
14.692 36.768
31.558 31.571
85.658 64.632
64.077 26.078
66.01 37.557
87.355 4.974
51.684 64.792
47.682 83.764
3.44 48.472
10.504 43.927
56.398 18.036
27.803 19.719
10.377 35.915
23.97 69.549
57.338 36.805
28.281 36.098
85.516 98.918
33.051 37.401
36.56 20.466
18.835 42.722
6.698 29.24
36.333 12.57
72.492 93.678
5.539 36.769
33.306 53.003
7.853 64.367
75.647 19.167
4.107 34.592
60.961 7.547
33.645 22.122
