50 2
50.0 50.0
11.625 22.498
64.839 42.949
52.221 46.749
48.988 8.709
34.41 41.849
27.648 39.078
88.736 48.761
27.66 62.029
32.469 0.642
56.569 8.38
90.858 36.158
53.155 33.691
11.559 48.825
30.526 18.161
23.199 71.856
33.312 3.562
85.713 55.654
34.537 77.848
10.141 31.234
44.937 32.915
13.115 93.019
49.016 77.677
3.544 63.346
94.436 68.031
53.037 38.838
57.642 13.904
7.967 73.076
9.398 65.821
89.016 67.268
42.405 39.118
82.183 15.53
50.878 36.128
48.991 66.673
81.732 52.558
59.471 61.043
26.869 38.61
78.647 45.051
86.432 38.28
16.761 23.233
86.361 38.144
91.826 91.332
7.492 31.077
85.849 78.108
68.16 85.965
1.673 95.705
61.339 78.663
48.603 99.422
76.041 41.491
22.559 29.756
