50 3
50.0 50.0
44.829 22.763
59.519 85.073
9.044 87.35
28.757 6.94
18.117 2.923
83.322 67.736
10.3 57.873
70.724 76.288
50.393 37.638
45.021 70.517
0.348 79.263
93.516 22.981
60.527 17.793
50.672 52.717
53.011 14.963
85.904 29.262
98.182 12.119
47.733 77.037
94.583 80.868
42.371 20.322
48.627 18.145
2.584 48.336
98.184 18.986
86.145 90.234
83.012 48.833
15.801 13.386
72.885 8.582
66.417 18.23
44.113 58.447
98.176 91.071
74.034 74.455
69.477 95.284
65.571 98.892
50.758 67.995
63.58 49.17
90.783 47.989
20.195 17.017
87.791 75.268
13.166 77.165
36.141 24.131
76.918 52.046
83.244 5.003
35.672 92.007
19.241 91.248
15.274 3.791
57.822 4.374
52.98 22.78
69.944 26.951
53.763 39.403
