50 3
50.0 50.0
99.37 57.949
56.7 45.893
19.341 38.634
44.665 26.451
11.297 84.159
38.912 8.001
69.372 71.931
34.093 35.914
2.357 71.137
13.37 9.934
36.44 81.227
31.949 88.362
92.156 70.727
6.325 88.9
71.66 47.51
36.413 42.661
90.898 62.699
95.404 65.881
11.848 91.346
46.245 21.862
87.583 37.837
12.686 84.097
37.89 68.742
37.716 55.248
95.174 58.252
15.075 28.583
26.166 64.774
89.983 20.006
40.403 36.729
13.739 62.017
90.839 93.052
83.544 73.603
22.839 45.913
45.088 21.703
46.829 51.377
46.504 61.822
71.232 34.682
73.42 59.509
38.764 3.724
3.995 21.075
33.443 3.027
15.818 97.29
65.905 6.49
83.333 97.506
59.383 71.042
88.649 49.226
93.167 1.398
51.693 79.432
98.396 73.63
