50 3
50.0 50.0
27.888 14.625
48.772 84.357
44.068 89.711
97.23 24.714
65.697 63.006
34.544 48.325
42.868 93.239
23.589 85.306
91.535 36.705
31.818 35.794
32.357 11.237
45.566 25.739
26.135 93.731
12.892 90.503
11.375 17.268
67.583 12.773
97.703 52.839
95.916 21.47
41.94 75.381
21.643 64.315
12.711 44.813
44.818 76.935
74.893 86.854
35.252 13.841
55.225 22.957
87.464 45.525
71.179 36.848
81.983 4.965
55.54 7.125
89.019 11.462
11.189 46.418
33.955 37.413
74.123 27.914
93.065 24.267
66.923 85.516
45.728 0.611
12.024 55.362
25.046 10.821
72.109 45.434
78.084 67.623
39.509 61.331
15.862 26.922
27.278 39.029
5.938 99.128
35.52 48.368
71.137 40.564
81.577 91.958
5.588 46.87
31.838 26.477
