50 3
50.0 50.0
56.244 93.809
96.806 2.548
23.623 84.222
72.069 0.163
94.137 4.626
12.736 42.355
75.928 6.251
64.773 43.327
45.701 47.533
96.015 84.973
81.396 58.15
3.543 48.105
75.066 96.71
52.86 64.956
81.519 62.119
71.574 17.189
2.218 49.761
26.6 97.933
20.429 61.156
27.485 31.46
80.592 5.196
70.0 35.484
2.578 45.752
79.428 49.206
27.019 61.412
64.316 41.519
68.29 14.267
20.942 46.678
89.854 23.107
56.541 95.541
43.384 25.163
87.971 85.598
51.212 60.666
42.062 39.515
14.345 96.644
57.37 57.464
99.926 78.453
63.728 4.45
74.798 54.744
64.227 41.276
39.969 8.42
88.298 70.378
93.362 17.418
34.055 6.476
11.374 19.613
49.893 50.946
55.31 96.084
85.506 38.787
86.325 85.101
