50 3
50.0 50.0
35.009 5.68
49.953 90.834
10.489 85.776
55.789 7.515
35.705 63.436
29.882 91.331
4.174 28.376
27.869 47.115
42.161 14.535
56.398 58.213
94.328 83.481
96.935 94.637
75.518 31.137
18.615 61.361
20.819 56.688
99.682 5.246
6.953 42.916
0.999 77.919
30.943 14.654
53.081 51.771
44.628 16.628
76.945 17.23
86.238 78.95
12.879 65.725
71.197 94.287
9.88 63.797
25.409 52.245
69.844 74.827
91.231 40.684
72.061 20.621
94.332 22.042
24.426 0.365
17.5 1.499
87.334 9.047
19.598 1.276
33.29 85.746
56.374 21.117
52.468 68.877
59.489 67.484
4.267 44.014
37.556 58.283
91.664 10.842
92.953 30.027
90.189 39.936
44.296 48.188
38.656 74.15
90.284 45.333
76.881 50.457
17.524 14.858
