50 5
50.0 50.0
53.217 14.373
29.338 31.341
45.901 16.22
42.687 87.626
98.864 95.431
93.776 83.896
75.458 44.505
33.105 71.404
25.19 16.189
72.227 33.954
12.02 79.855
89.913 75.701
53.82 96.35
60.504 68.668
66.127 74.056
82.916 2.976
54.02 42.218
25.55 63.933
64.926 61.926
15.736 12.394
57.225 91.054
16.31 67.953
2.383 58.761
55.791 77.763
77.8 62.0
37.623 81.813
38.657 30.746
62.681 3.131
84.689 92.779
16.995 75.0
66.142 97.274
33.053 48.375
28.494 15.967
10.051 94.866
91.707 28.083
49.684 78.663
61.74 55.583
87.199 80.666
97.192 48.71
32.794 42.866
32.953 46.463
75.974 28.832
29.686 83.043
69.128 73.126
74.143 71.044
39.951 22.844
33.088 88.582
19.034 22.139
62.154 14.489
