50 3
50.0 50.0
87.158 39.662
9.53 9.536
16.102 92.68
43.092 4.411
67.479 42.602
23.296 97.105
64.565 44.201
74.022 76.243
52.571 54.739
27.814 66.852
67.752 46.746
52.802 90.265
43.539 5.845
66.032 1.326
35.912 42.076
66.625 76.94
6.561 67.722
14.346 43.553
25.893 92.449
96.091 82.778
32.358 56.249
68.926 48.719
82.009 89.81
92.098 42.976
49.328 26.022
20.583 12.192
68.725 9.268
43.023 88.306
66.351 9.873
91.577 38.242
92.374 4.745
13.063 24.097
0.675 0.838
52.145 27.65
56.074 52.765
92.428 26.217
31.491 6.961
84.288 29.576
90.606 4.286
35.96 4.11
24.308 61.677
57.057 37.286
15.93 12.293
71.103 22.653
5.704 78.625
26.919 13.084
46.039 52.395
34.837 20.037
80.955 66.418
