50 2
50.0 50.0
81.503 29.863
53.669 69.294
49.474 7.588
33.731 3.673
75.608 54.39
91.434 10.739
17.774 26.171
74.981 63.924
87.124 66.235
68.148 70.82
64.57 11.258
33.919 43.26
9.846 19.919
63.19 45.459
61.123 13.922
44.403 35.426
92.443 28.94
9.986 23.889
83.128 49.484
33.412 36.256
97.288 15.595
63.354 24.851
86.221 96.252
15.358 41.729
68.582 39.497
81.325 45.485
15.937 51.611
46.027 54.661
83.551 54.912
36.857 93.367
22.13 66.485
85.458 40.967
2.429 29.227
99.823 88.119
87.552 63.407
58.524 77.566
21.607 35.472
6.371 11.325
62.847 51.431
10.78 78.501
34.235 55.799
90.729 74.639
22.772 21.827
88.194 39.181
15.233 81.931
49.586 71.8
37.451 36.408
67.264 36.53
49.498 31.13
