50 3
50.0 50.0
85.17 96.671
15.178 73.308
80.789 71.123
66.954 29.799
58.86 58.293
16.579 14.293
41.503 36.523
51.169 63.405
84.909 34.526
46.987 12.901
56.428 40.08
96.121 53.536
60.726 1.098
94.218 51.987
83.313 80.552
26.449 44.937
80.903 64.507
13.058 40.962
25.575 33.775
68.016 56.56
83.214 87.576
48.928 99.344
85.584 66.625
8.667 73.801
27.128 3.441
64.79 82.533
93.363 40.958
25.137 60.954
53.136 8.835
30.733 64.325
57.215 48.679
20.801 25.755
60.128 54.983
74.11 4.909
48.848 20.349
33.107 74.857
58.297 41.785
35.086 59.706
21.579 73.219
72.013 11.684
40.594 76.2
35.703 37.168
2.325 22.721
21.336 70.889
13.741 19.116
21.42 97.52
36.364 98.493
8.387 84.698
53.345 85.824
