50 5
50.0 50.0
90.077 76.594
20.153 18.264
35.712 60.653
89.743 0.574
25.261 59.01
65.386 66.757
59.987 98.674
98.701 98.127
52.629 88.706
68.435 35.789
1.167 86.499
0.886 86.798
57.933 83.979
53.133 7.342
98.638 26.274
19.233 47.369
53.044 63.743
17.582 92.246
95.543 69.953
3.263 34.927
11.303 86.804
60.461 66.223
88.104 6.96
4.557 29.962
6.518 19.941
87.41 87.339
61.927 96.095
60.655 27.031
11.611 33.429
34.634 70.287
26.376 51.665
52.466 80.708
84.069 21.371
5.012 17.137
57.527 82.478
88.672 66.452
9.214 37.195
64.649 3.495
86.899 31.807
80.169 70.451
20.884 38.211
97.712 23.576
96.058 68.177
62.855 75.765
96.585 26.823
49.97 82.322
69.119 19.642
16.838 17.003
39.134 0.112
