50 5
50.0 50.0
54.25 63.584
44.802 83.485
40.791 42.004
92.409 26.264
63.981 41.608
91.681 19.594
94.768 8.346
48.491 18.403
81.181 19.545
54.709 44.958
17.154 70.976
47.592 37.079
11.86 33.952
24.457 0.711
83.353 86.244
80.988 82.202
10.505 10.118
31.953 14.952
98.438 38.279
67.563 10.237
97.52 28.632
7.137 66.519
21.274 61.384
65.729 53.774
4.258 57.709
36.511 73.569
52.355 66.043
65.375 98.591
30.26 80.618
77.725 95.537
65.661 37.737
99.012 22.733
4.096 74.798
88.38 68.054
2.973 11.295
15.003 8.786
40.199 95.318
54.614 13.717
41.884 64.16
70.677 83.0
41.326 12.974
36.571 11.921
78.031 89.357
13.558 1.001
66.833 46.174
43.244 99.05
41.572 48.134
20.262 18.994
20.056 35.113
