50 3
50.0 50.0
66.108 28.506
54.619 24.335
49.654 44.9
92.785 52.255
50.872 82.153
38.989 79.275
34.62 77.027
38.62 9.104
82.951 23.509
34.767 13.718
34.452 2.105
64.524 44.093
85.247 55.735
2.531 12.607
14.165 49.432
37.404 89.281
51.515 96.658
46.526 93.609
52.191 48.445
75.977 50.558
7.878 69.842
20.452 47.611
71.293 2.295
46.898 15.734
39.741 10.766
64.833 96.013
71.616 37.293
11.311 13.319
42.302 67.891
95.383 94.853
25.152 74.503
91.199 10.165
45.328 47.297
64.346 71.054
0.329 94.376
87.701 10.32
71.921 35.158
89.26 61.895
54.095 70.233
40.854 3.607
77.278 24.266
49.942 83.346
47.1 97.745
92.685 40.515
13.172 82.572
26.601 73.565
29.514 4.114
76.594 46.912
92.389 79.749
