50 5
50.0 50.0
24.089 45.717
45.669 8.033
18.897 96.732
8.68 76.933
73.716 85.326
64.996 2.07
16.756 42.611
20.47 42.223
18.035 86.711
23.124 57.251
42.297 25.868
61.075 39.143
66.448 38.35
57.661 30.78
6.274 3.134
56.85 86.497
50.119 81.423
40.287 30.614
84.111 80.44
27.353 85.162
95.641 78.692
7.403 12.678
82.98 67.1
4.094 82.409
62.124 78.541
43.728 31.11
22.952 35.642
79.889 5.55
78.545 33.302
56.186 29.453
89.494 75.696
37.99 48.117
50.924 77.963
25.308 2.175
33.017 10.604
8.951 80.623
32.896 22.339
58.072 32.297
75.576 32.465
0.774 34.589
35.137 81.808
77.451 1.542
63.869 11.243
67.197 14.601
39.562 6.231
17.823 45.545
98.303 96.958
98.933 13.635
39.519 62.534
