50 2
50.0 50.0
68.808 15.726
16.013 68.832
31.817 9.33
49.681 72.987
7.073 99.834
53.937 71.486
46.246 89.329
65.903 90.341
25.121 41.272
2.212 76.95
52.936 16.906
94.444 42.89
0.654 69.079
13.98 78.593
38.206 52.88
66.179 17.163
78.437 45.899
58.947 53.009
68.543 14.124
9.741 89.892
65.261 12.572
10.736 59.534
47.751 12.424
22.865 95.065
82.1 32.973
56.545 51.094
81.786 3.288
58.712 29.818
49.446 38.645
85.347 16.178
14.618 98.777
3.46 13.722
63.583 47.039
90.084 38.573
36.746 62.649
19.173 77.547
31.088 47.28
28.945 90.741
1.824 52.566
16.024 35.742
80.058 73.718
29.045 19.111
88.06 71.853
72.617 21.406
6.934 51.178
77.849 56.225
6.504 62.875
38.953 7.796
53.234 32.302
