50 5
50.0 50.0
59.142 55.816
58.928 9.5
58.036 12.064
5.973 51.573
20.56 41.308
34.422 99.567
17.327 2.187
6.042 68.562
87.221 43.48
16.242 16.589
32.082 62.476
16.159 44.669
87.311 23.577
95.101 81.545
10.191 80.227
88.117 71.65
41.786 64.034
2.219 71.659
39.136 41.771
45.1 63.122
57.363 82.893
45.815 38.102
14.543 59.233
94.766 17.539
69.793 13.755
18.985 77.722
41.946 77.555
3.488 13.529
26.363 91.04
16.207 36.525
2.201 38.741
86.479 7.567
20.433 8.582
5.262 66.176
90.866 96.571
28.036 10.542
64.733 23.334
66.982 81.944
79.839 77.845
5.315 64.185
3.622 75.873
69.341 84.218
34.289 75.883
90.307 87.703
42.689 15.644
93.143 37.045
58.546 29.826
73.478 89.058
38.809 67.621
