50 5
50.0 50.0
7.425 76.774
18.586 30.014
90.4 99.086
76.584 87.592
93.722 89.903
54.223 98.497
29.551 97.895
75.978 37.087
53.628 87.305
8.998 6.012
64.722 25.323
3.041 96.101
85.871 73.743
15.184 88.874
16.295 75.267
60.536 80.788
62.101 20.319
64.42 17.62
32.293 91.342
15.98 59.823
83.26 57.214
6.959 46.973
28.872 8.846
51.026 21.942
79.604 77.036
32.302 22.018
34.21 84.733
48.206 65.148
1.083 88.953
39.675 6.293
30.584 50.6
35.869 36.088
59.328 30.391
35.526 44.609
2.049 52.973
38.347 73.11
41.737 54.323
82.917 97.506
72.248 77.863
75.218 11.365
66.78 13.43
42.792 8.487
1.906 39.582
56.649 47.339
66.307 84.485
2.704 50.053
79.862 20.418
70.976 12.261
95.642 61.707
