50 2
50.0 50.0
11.416 92.078
91.462 20.848
52.406 22.021
89.65 28.749
79.544 42.36
6.777 10.734
13.477 10.116
40.975 42.543
18.548 15.341
94.267 17.583
66.109 32.265
50.565 14.477
52.311 92.591
67.405 33.348
27.137 55.559
69.178 65.969
13.193 63.276
39.625 44.014
39.172 64.484
62.334 91.926
84.692 60.996
50.494 77.096
87.627 72.657
22.997 70.805
21.33 10.011
13.514 53.218
20.716 53.865
17.536 16.655
66.955 33.744
95.263 31.197
76.782 75.723
1.456 34.225
61.69 97.569
27.815 58.173
66.575 93.575
41.818 6.702
27.501 12.436
52.275 77.241
97.089 8.041
63.249 2.869
43.698 16.666
50.542 63.826
11.91 81.05
42.878 45.839
35.648 89.979
54.704 94.65
17.999 6.201
29.88 64.163
51.26 44.893
