100 3
50.0 92.0
69.673 71.509
62.911 30.196
38.15 75.193
73.011 32.053
65.889 75.19
53.418 78.395
20.6 71.657
78.204 79.783
23.667 86.587
7.249 64.645
15.67 66.286
71.376 14.409
78.763 5.724
23.868 80.233
77.589 87.858
62.353 84.853
81.518 67.821
24.513 70.011
24.376 63.882
76.659 23.618
82.716 69.459
63.714 81.4
61.231 76.774
28.513 61.717
77.115 20.875
85.678 70.232
72.607 65.305
26.219 60.297
20.676 65.533
69.597 76.224
79.84 26.195
15.986 62.926
83.447 27.063
92.307 33.026
20.195 65.58
17.656 66.543
40.457 54.685
69.692 72.344
22.152 76.876
81.878 37.997
72.27 28.823
84.263 83.541
81.53 15.346
64.49 37.496
20.06 70.441
58.019 76.844
22.079 63.918
66.92 37.896
83.311 35.4
76.984 30.546
18.264 70.589
75.649 79.38
60.647 69.326
20.844 52.098
67.654 83.648
80.369 75.879
19.97 55.198
28.872 69.256
14.125 62.227
72.739 30.437
13.214 56.927
79.028 30.825
12.497 76.544
74.339 85.636
28.373 68.646
79.636 48.463
29.845 80.563
76.848 26.363
82.164 32.885
75.624 25.128
73.808 17.085
62.366 70.349
60.746 76.55
23.878 68.775
90.978 77.435
18.465 60.57
42.953 58.88
86.847 44.376
14.769 67.103
63.597 77.562
70.834 78.261
79.262 30.019
42.591 71.26
73.572 85.88
67.881 85.976
73.875 69.373
26.848 66.392
58.929 68.057
67.198 84.601
30.067 82.065
78.271 26.78
23.853 78.052
32.073 74.691
87.105 30.567
29.241 79.188
52.485 74.1
11.367 52.776
18.733 69.47
62.007 77.621
