100 3
50.0 50.0
80.431 25.099
56.603 35.02
79.146 47.19
48.863 22.212
58.569 74.874
73.801 43.403
51.511 37.113
37.877 67.524
55.089 70.538
91.574 34.652
42.684 23.465
67.867 35.394
55.682 23.453
72.434 49.068
74.814 24.221
59.602 26.33
90.744 37.766
61.333 33.719
75.44 35.347
38.844 29.705
58.058 59.667
58.415 70.469
54.596 34.198
74.415 45.286
60.357 58.968
84.992 26.467
59.969 15.917
48.705 71.763
74.873 41.554
50.65 34.618
47.905 78.135
66.543 22.214
54.626 68.135
74.177 41.637
57.369 65.089
78.433 44.487
48.788 19.242
58.449 17.231
89.961 40.158
56.975 57.869
74.635 37.396
86.47 31.185
78.701 26.771
70.247 40.311
60.242 67.542
72.419 26.738
43.633 73.897
52.362 71.66
55.485 73.691
69.423 36.796
67.743 86.841
59.318 19.904
60.269 28.669
53.611 65.417
70.987 42.586
70.037 46.127
65.989 74.073
65.721 80.19
63.221 14.328
56.102 69.076
44.188 59.879
49.596 31.542
54.846 74.549
61.281 30.418
71.163 45.519
64.269 62.416
55.514 62.426
57.186 76.224
60.812 69.087
74.367 47.83
61.891 16.431
53.211 68.196
79.475 30.912
62.985 23.337
67.54 23.344
69.286 38.008
54.935 76.576
78.228 34.723
68.345 30.334
82.607 37.128
67.403 73.613
54.536 29.074
94.533 25.454
50.077 67.293
56.795 31.324
56.656 73.385
74.393 37.466
80.089 44.142
53.077 63.489
65.501 25.132
70.154 33.924
76.043 34.591
58.059 22.998
58.25 77.331
64.031 41.486
65.28 19.944
51.181 7.011
90.902 44.824
58.825 21.557
