100 3
50.0 50.0
11.734 99.836
64.676 71.416
46.124 24.497
77.372 19.062
45.528 17.99
73.912 27.758
68.833 66.968
50.808 94.338
77.223 39.032
35.903 1.703
34.468 20.299
51.08 23.392
69.348 42.735
3.493 87.983
68.79 50.398
4.104 62.571
53.606 55.777
2.765 9.661
4.856 15.517
80.863 25.016
78.224 21.954
79.731 52.117
61.696 32.999
74.398 60.995
58.195 48.735
75.953 63.238
44.056 25.296
70.44 55.046
78.772 22.953
38.812 15.26
69.458 77.702
67.812 29.771
24.245 97.083
53.324 57.173
72.405 52.17
60.248 92.811
74.722 19.117
66.569 54.064
52.189 16.41
43.592 21.037
73.624 49.562
45.519 20.603
79.416 68.11
58.966 56.414
68.71 65.882
77.033 30.742
73.738 16.571
46.878 18.872
77.536 31.335
56.085 17.141
76.849 26.351
58.768 63.019
69.115 30.008
11.084 12.317
80.715 15.107
38.908 93.522
72.381 95.813
67.907 50.17
10.507 64.921
73.767 23.484
59.397 54.842
60.983 38.855
72.487 27.314
43.983 7.507
3.931 53.185
51.705 14.677
76.85 27.531
78.708 65.089
67.606 57.936
61.146 21.309
4.857 99.267
66.117 49.918
71.359 54.095
82.762 56.317
42.382 13.322
34.604 29.807
53.465 47.822
28.79 20.807
43.617 30.9
81.803 23.743
67.055 54.74
87.095 29.624
43.389 32.922
82.013 24.439
67.57 24.931
55.863 12.625
57.01 14.7
8.638 6.625
91.435 96.613
74.229 51.208
65.04 52.567
34.652 19.9
40.395 20.813
65.468 19.432
98.502 94.585
77.985 54.129
80.407 68.016
72.472 24.65
68.096 53.589
