200 5
50.0 50.0
7.248 41.77
63.604 75.577
25.21 39.565
82.866 39.249
74.401 61.056
50.498 94.748
30.969 25.249
21.684 31.405
65.586 55.545
63.425 15.557
58.836 50.831
41.946 20.302
87.968 67.921
61.393 89.493
89.041 82.412
5.618 57.792
25.626 86.945
2.992 58.553
57.135 60.324
1.68 66.692
44.713 96.249
70.751 1.062
66.421 20.017
50.966 55.213
94.697 28.122
89.03 62.224
5.003 57.738
4.504 75.267
51.883 93.277
52.258 66.288
97.545 91.438
16.844 59.906
6.419 63.012
83.533 72.323
70.691 38.933
67.876 4.108
5.991 98.012
4.969 12.887
50.29 68.884
87.736 21.302
79.219 4.181
89.893 68.229
25.789 76.985
47.302 42.742
49.74 87.631
21.321 22.393
5.847 15.055
17.187 40.37
77.1 46.34
64.965 28.628
10.109 84.662
25.261 72.645
13.791 5.198
98.762 55.89
61.162 75.518
66.277 66.94
37.438 34.959
7.495 71.789
27.376 76.306
13.4 21.321
81.772 83.074
90.86 82.342
38.752 74.709
6.948 77.225
23.688 68.661
79.845 89.195
48.47 48.839
12.701 48.709
82.94 56.876
93.336 21.702
54.44 77.117
77.128 26.677
51.863 32.257
54.938 26.062
53.845 19.038
67.006 8.809
91.866 32.857
20.926 94.846
0.512 18.884
53.661 19.127
10.239 60.157
61.328 98.644
34.661 3.482
13.166 95.753
54.373 49.172
65.794 83.406
59.581 50.641
93.902 2.812
69.079 32.099
3.976 76.601
68.313 3.749
56.948 7.305
12.217 70.081
87.787 61.438
13.453 32.263
56.439 9.529
22.658 67.411
31.437 99.837
23.304 28.864
33.304 80.696
26.374 48.67
22.736 83.268
38.455 41.909
94.999 91.925
13.848 3.177
20.806 16.912
92.155 77.918
86.332 90.73
20.885 67.488
67.025 24.601
70.486 0.679
5.346 52.525
1.081 51.719
65.201 69.586
37.408 94.983
88.119 84.395
8.577 18.376
62.505 91.539
47.867 62.517
96.131 55.573
43.12 95.688
99.421 95.05
16.718 61.29
54.196 60.426
77.17 9.053
77.999 90.21
72.559 64.504
72.548 77.256
4.909 78.264
7.113 19.381
34.573 98.605
70.608 13.79
5.096 49.763
81.216 93.246
41.278 16.416
16.821 90.044
46.431 39.596
91.058 60.662
92.601 83.589
88.068 11.854
42.571 63.656
12.291 53.501
61.845 95.339
25.654 23.522
27.949 50.512
64.899 46.256
87.621 23.661
97.171 92.533
9.755 97.429
1.427 87.644
83.927 61.672
65.987 63.417
49.019 97.75
88.18 30.059
53.972 91.796
8.468 74.127
94.214 81.87
15.949 67.628
59.772 65.201
93.926 43.649
93.497 19.359
17.941 41.702
46.829 37.79
52.595 60.824
60.325 54.137
51.79 27.762
23.462 53.105
51.557 86.652
70.594 96.661
11.026 53.601
97.291 51.92
25.331 85.247
50.458 93.851
56.294 36.496
56.195 21.906
36.45 47.785
71.33 68.996
78.861 45.876
69.445 27.279
85.355 13.372
73.472 21.432
47.584 68.222
34.904 76.734
31.254 26.047
18.208 68.793
17.659 98.171
74.081 53.335
49.23 49.642
6.851 76.248
73.966 21.857
0.331 59.752
40.999 50.692
4.289 65.694
93.055 62.086
82.871 65.261
95.641 12.35
67.145 88.553
54.197 53.991
81.527 4.948
