100 3
50.0 50.0
76.913 59.969
23.941 26.38
49.366 58.19
16.36 0.878
30.879 46.946
83.453 51.044
14.478 75.763
91.276 83.946
67.53 77.142
87.757 48.612
97.874 76.215
6.749 43.761
57.643 62.003
66.476 52.614
88.37 51.066
43.179 62.609
22.787 81.036
4.836 48.663
8.656 27.592
74.76 72.3
22.122 56.634
44.817 50.92
93.831 4.677
21.4 47.084
75.209 20.511
8.559 87.14
66.508 54.659
82.23 19.433
75.488 19.918
79.937 93.175
80.23 28.643
96.84 94.745
43.826 96.324
72.514 70.525
32.029 81.66
54.793 44.376
43.091 89.528
98.875 20.19
37.482 9.754
33.277 55.349
92.428 11.071
31.648 62.477
79.366 85.721
50.796 59.92
57.726 6.21
67.616 46.4
25.689 33.684
18.203 99.628
46.85 24.664
12.446 87.207
75.32 56.976
90.001 7.512
57.975 24.646
11.068 69.787
45.206 25.479
41.111 94.128
36.577 93.794
64.036 37.155
0.893 44.469
92.352 84.19
69.296 85.217
28.117 27.313
66.785 3.062
60.176 19.18
96.962 69.647
25.88 4.958
68.946 39.346
66.023 96.758
24.735 48.113
53.64 91.246
75.79 65.139
81.911 74.791
90.192 56.221
92.661 60.739
64.875 3.851
48.4 2.347
0.386 77.133
80.293 67.347
43.342 50.643
89.444 84.407
16.681 39.401
64.401 69.52
17.201 23.551
96.388 60.223
25.822 33.598
39.406 36.592
1.453 17.435
79.763 60.96
58.625 89.664
47.023 77.01
89.357 72.123
36.953 81.76
75.622 93.544
94.904 42.682
98.353 19.299
7.624 0.691
24.639 85.33
65.384 46.556
32.282 18.021
