MTSP_BASELINE, Cost: 0_8524092
The tours traveled by the 100 salesmen are:
1 7460 1 (#1)  Cost: 21130
1 1478 1 (#1)  Cost: 22546
1 522 1 (#1)  Cost: 24114
1 7106 1 (#1)  Cost: 25032
1 3594 1 (#1)  Cost: 25208
1 3062 1 (#1)  Cost: 25480
1 3618 1 (#1)  Cost: 25782
1 4991 1 (#1)  Cost: 26504
1 2113 1 (#1)  Cost: 26530
1 7269 1 (#1)  Cost: 26760
1 3878 1 (#1)  Cost: 26908
1 8302 1 (#1)  Cost: 27820
1 6074 1 (#1)  Cost: 28456
1 9773 1 (#1)  Cost: 29112
1 7724 1 (#1)  Cost: 29128
1 4613 1 (#1)  Cost: 29358
1 3989 1 (#1)  Cost: 29644
1 8564 1 (#1)  Cost: 29698
1 3040 1 (#1)  Cost: 29796
1 293 1 (#1)  Cost: 29928
1 4792 1 (#1)  Cost: 30326
1 1353 1 (#1)  Cost: 30830
1 634 1 (#1)  Cost: 30976
1 8667 1 (#1)  Cost: 31272
1 9912 1 (#1)  Cost: 31386
1 7488 1 (#1)  Cost: 31734
1 7650 1 (#1)  Cost: 31760
1 93 1 (#1)  Cost: 32104
1 5982 1 (#1)  Cost: 32194
1 7890 1 (#1)  Cost: 32280
1 4487 1 (#1)  Cost: 32562
1 6548 1 (#1)  Cost: 32870
1 4295 1 (#1)  Cost: 32872
1 57 1 (#1)  Cost: 32894
1 4607 1 (#1)  Cost: 33010
1 718 1 (#1)  Cost: 33030
1 8365 1 (#1)  Cost: 33196
1 676 1 (#1)  Cost: 33290
1 580 1 (#1)  Cost: 33382
1 5179 1 (#1)  Cost: 33422
1 2511 1 (#1)  Cost: 33536
1 1012 1 (#1)  Cost: 33620
1 1261 1 (#1)  Cost: 33820
1 3615 1 (#1)  Cost: 34068
1 6758 1 (#1)  Cost: 34106
1 258 1 (#1)  Cost: 34128
1 6740 1 (#1)  Cost: 34490
1 7088 1 (#1)  Cost: 34660
1 7387 1 (#1)  Cost: 34660
1 8034 1 (#1)  Cost: 34852
1 2683 1 (#1)  Cost: 34858
1 882 1 (#1)  Cost: 34954
1 4432 1 (#1)  Cost: 34970
1 5574 1 (#1)  Cost: 35118
1 6775 1 (#1)  Cost: 35122
1 9424 1 (#1)  Cost: 35160
1 219 1 (#1)  Cost: 35520
1 5764 1 (#1)  Cost: 35584
1 7024 1 (#1)  Cost: 35648
1 5362 1 (#1)  Cost: 35728
1 5096 1 (#1)  Cost: 35898
1 8807 1 (#1)  Cost: 36100
1 8986 1 (#1)  Cost: 36206
1 9137 1 (#1)  Cost: 36216
1 3821 1 (#1)  Cost: 36360
1 1684 1 (#1)  Cost: 36416
1 2440 1 (#1)  Cost: 36456
1 2233 1 (#1)  Cost: 36498
1 4702 1 (#1)  Cost: 36522
1 1784 1 (#1)  Cost: 36612
1 841 1 (#1)  Cost: 36822
1 2264 1 (#1)  Cost: 36908
1 4559 1 (#1)  Cost: 36948
1 8574 1 (#1)  Cost: 37094
1 5818 1 (#1)  Cost: 37124
1 237 1 (#1)  Cost: 37144
1 9836 1 (#1)  Cost: 37294
1 8169 1 (#1)  Cost: 37304
1 2042 1 (#1)  Cost: 37326
1 854 1 (#1)  Cost: 37558
1 4326 1 (#1)  Cost: 37776
1 7353 1 (#1)  Cost: 37862
1 1436 1 (#1)  Cost: 37870
1 5349 1 (#1)  Cost: 37904
1 9405 1 (#1)  Cost: 38148
1 296 1 (#1)  Cost: 38158
1 375 1 (#1)  Cost: 38288
1 6950 1 (#1)  Cost: 38322
1 8687 1 (#1)  Cost: 38384
1 4736 1 (#1)  Cost: 38486
1 2081 1 (#1)  Cost: 38644
1 6267 1 (#1)  Cost: 38698
1 9181 3324 5161 6189 9436 2154 8809 2449 2097 4043 7283 3499 789 1754 15 1352 4556 5376 5563 96 925 1 (#21)  Cost: 74439
1 9596 5342 9498 5414 6704 1300 2566 1008 9426 2588 1388 1 (#11)  Cost: 44514
1 3947 8277 6576 8116 6760 2162 8932 5528 8636 2442 4080 6016 8712 6700 8138 4683 1709 2390 5410 7239 5979 2582 3513 7202 2986 9457 2139 9733 7415 750 2970 5501 891 2312 6741 4900 6514 2771 6414 7697 2489 9835 4333 2189 2631 9676 7639 4154 2667 8567 303 4729 2599 359 6966 901 6035 9903 7528 1598 5702 6029 5197 4112 9889 3801 5151 91 1539 8351 1935 8344 8996 7165 4418 6945 8844 3916 2650 3330 4594 9624 5089 9782 9207 5417 9388 4421 3796 1510 1295 5919 768 6639 4939 9247 3751 9677 9063 6236 3251 2884 4205 3151 1488 5159 5857 2863 3090 4170 6635 8649 7765 439 4811 47 4030 2309 6301 6708 8635 1075 4639 2690 5335 7116 5683 9004 8563 9514 7021 7555 6011 4395 6779 5560 7911 7108 8657 8222 8810 5547 5740 5149 2944 4174 7715 3685 2451 2591 4738 9882 4963 9184 9858 655 7429 265 5433 2982 563 3142 586 4268 6232 4513 3527 5067 6709 5776 8151 2636 9513 2064 4668 6636 4215 6346 6882 9595 2760 9759 1820 8622 1258 367 2152 3656 1981 201 2215 8478 6607 2669 3829 4651 156 4606 4079 5190 3640 5591 7336 5384 3632 4115 4655 3852 8801 3845 5051 4348 1835 132 5399 4894 1660 1139 7285 1232 3426 5510 5992 8181 5132 2396 7973 5201 1730 8990 2575 9348 3791 583 5315 6263 8781 2888 5484 7767 7161 4062 225 5040 899 5653 9512 6381 8553 4077 6439 9002 6488 6294 5043 1375 7430 1613 4431 5436 4715 92 7687 6221 5411 6244 9496 7298 7612 919 7248 1385 736 3131 1917 3714 8888 6209 7981 9847 7870 1193 1616 3095 8886 7171 1836 8458 5321 5632 1094 7990 8257 9336 2684 6555 7181 3986 6472 6751 7227 8094 5943 7746 7730 3642 6155 9937 5950 8368 4129 2654 4336 9029 8473 9265 971 5808 2975 8911 8552 8146 7628 7291 7396 708 746 9024 595 7190 4539 3540 2804 9021 6378 2593 8208 3163 2232 3266 101 9778 3002 2185 968 9323 2788 5929 3759 8025 3636 8803 1547 3556 6352 9940 7787 484 9972 9811 2087 2710 7949 4932 8366 4493 5 6815 5559 2373 7254 2085 1636 406 2393 7511 6778 9329 550 3779 4579 1421 9772 5221 426 6026 1365 2536 8561 3399 6917 7742 9838 4555 8740 3429 3599 1446 30 3317 1043 2912 1301 7980 5294 6213 585 6943 3581 3516 7789 327 9570 8840 8410 3672 2770 4440 2280 3449 9636 3290 6376 7094 5374 4251 4695 8186 1921 7525 8689 1340 4701 5531 878 6250 7469 9209 2812 7905 5689 9925 747 4608 4117 3367 2181 4031 9451 4162 3788 1764 9239 3063 5275 6278 6477 3961 9617 4248 4424 6243 4860 1584 3934 1387 2795 5729 7231 9319 7089 7506 8518 3200 9938 9296 2873 369 6618 4610 6858 3016 1517 4108 3080 9188 7281 8935 206 4627 8867 3976 7630 8895 6124 1284 7656 6571 9702 565 2693 1656 5880 1125 9366 7011 2199 610 1861 7230 2203 2045 3736 6590 4237 6649 4582 3663 2116 7932 2082 212 2719 1885 2260 3493 4779 1623 3604 7461 3865 6094 1162 8822 625 2496 9909 4776 7401 724 5822 9335 3060 8805 6853 761 1778 9528 3576 805 6295 3126 4284 5325 6411 9234 602 6851 2647 4275 1956 9873 7772 8284 8672 8176 111 4148 737 7602 2137 1818 540 4826 2022 8974 9438 6077 9611 6589 1648 9071 8959 9117 7045 548 2937 9164 7292 3189 1555 4583 3583 4216 1349 2662 2604 9210 480 6135 6492 8024 6188 7771 5842 4049 74 3265 8106 9470 8049 4917 8558 6668 5639 6432 3769 168 1941 5032 3749 843 2529 7671 4098 4403 8096 2820 2216 1164 8464 2856 3416 8612 7683 4367 221 7063 2763 7991 2872 3097 1503 2359 4525 409 9037 7349 1878 3586 9639 4492 6727 5305 7600 65 141 4477 4389 5730 8784 9966 7780 455 2240 6087 8619 147 263 1056 9910 5709 4270 4672 7043 3295 3802 7451 9102 4590 9619 1165 2044 3305 7466 1701 107 7482 9156 68 3326 5403 4955 2490 5178 3949 6051 7468 6802 6597 6239 8760 8557 4256 5383 7473 1107 2077 8902 3098 6532 8055 4914 4524 824 9839 2157 6598 288 8020 6745 6455 4693 8183 9585 2945 1740 5021 415 9792 1800 2368 2003 9578 8999 1150 97 3486 9433 8440 123 498 2475 3010 9635 3313 6044 9831 9458 2619 3871 7400 6041 3575 4971 6337 419 5276 4855 2854 52 5082 4385 9062 594 9131 2870 9019 2934 3679 2835 3675 7775 9867 3901 8287 5611 9200 3533 3851 5779 1393 1487 4240 6796 5845 3428 1029 5450 924 3681 7483 1612 333 2350 1390 3108 5394 7040 1238 5100 7061 7543 810 6538 1230 8610 4574 4423 6272 9469 8454 8845 6814 4713 6315 6895 9899 7900 7718 8818 4969 2713 9968 2175 6946 142 1919 7791 2775 9553 5679 935 796 8393 1943 6217 7074 3135 1032 4766 782 4366 5241 5412 3619 4952 7145 5823 1036 2976 4840 193 433 9288 5665 71 1254 6898 1806 5838 3125 3071 656 2712 176 9580 3573 7407 2319 5348 5864 2310 8766 2687 1382 9232 1161 2211 153 1681 5448 5827 8321 5739 5701 4458 4721 1217 9076 963 9422 1429 9735 6703 9649 9256 6986 7343 9058 2220 898 7510 3214 7218 2504 5892 7820 4785 8681 6631 6108 4291 6287 6711 637 6207 5909 5761 2184 8923 3454 1831 4339 7887 7295 733 5123 4288 6362 717 6951 4741 939 709 7962 2198 227 9605 1407 7039 581 2117 1769 6729 4509 4885 8466 126 7080 5881 4269 6471 1039 4073 643 5492 2741 5918 3614 7706 4928 1073 7485 6537 7308 7743 321 27 5606 377 3995 4254 855 3144 6156 3932 9511 2254 2967 1267 9423 5539 9543 5158 6827 8588 1651 1703 9317 5727 5908 7965 767 24 7733 946 5373 127 7712 6948 2784 1731 1982 7443 5177 9159 4289 6954 5675 7454 7129 3653 8706 309 6159 346 2860 6143 6176 1768 8762 8380 7356 9052 2327 2852 4414 3148 5981 8946 7502 5023 4730 8989 4698 6803 4392 5357 7135 9985 7093 9359 7797 4203 2661 9765 2377 7588 3600 5272 8488 2114 7347 8611 7552 4915 5095 7055 2224 7177 8627 8281 4557 7904 6620 9410 8394 5572 3823 110 8255 6089 2564 2815 2953 6811 4954 5936 8231 79 5242 9154 87 1705 102 2314 9404 5298 3199 6818 5401 7741 2749 2523 1336 7079 9142 5330 8311 1395 892 4576 9381 7686 2994 8602 3260 3782 1785 6976 7989 967 7736 9684 9760 2124 1442 5533 9092 9249 4453 499 6265 7465 6784 1477 8371 1104 4663 421 7216 3682 4058 8899 7501 85 3881 7069 9449 9494 4622 520 6968 1191 874 2051 7504 8924 6920 3116 2802 3448 3347 7696 4044 3637 881 6410 5219 4306 4114 4905 6699 3836 9643 2021 887 2421 6212 8538 7340 3405 1949 6030 7304 749 8710 270 9453 9998 6795 4825 1802 7615 5296 7729 5588 3207 9011 506 2747 8686 1718 3842 2834 365 5174 3332 1545 9042 2924 3870 6344 72 766 9913 447 5813 7565 5408 7324 6753 473 8452 1891 6106 2207 1895 9357 4633 5233 3435 7385 6324 6312 7302 6697 6577 5862 9887 7147 1635 865 1558 4141 2430 7519 9957 8470 7030 431 9432 666 4459 282 2329 4899 9582 8482 4573 4737 5607 5480 3408 3703 9878 319 2429 9485 744 5536 6478 7071 9832 4669 2819 5519 2929 848 4533 438 2147 143 531 6808 4616 6178 9393 9874 355 1018 671 1614 5153 7036 2301 4447 6436 4279 6738 6419 1884 8235 2129 8115 8514 2830 1342 8598 6990 8513 217 7968 7632 4343 6746 7545 4719 6125 9815 2538 4053 3228 335 6197 6608 1588 4497 5715 9367 3130 1617 6723 2105 8527 9078 5253 6465 7252 1343 4788 3572 7826 1610 3733 3179 6147 4746 4874 604 8543 5995 444 2557 7988 1115 7367 5218 41 8654 9656 8992 6541 238 4653 8069 2078 7886 2266 9481 933 8965 2191 8012 8064 5784 408 2104 7731 2020 4551 5724 8240 8167 7858 7804 6752 1005 953 6764 4744 1009 8022 4798 5154 9881 2548 3987 8046 889 8296 7341 1096 4411 1627 8356 8537 1971 4910 2550 8983 8536 8720 6105 1201 3692 386 9870 7496 1815 8631 3000 7323 9922 9927 9525 7678 7333 1817 6233 2567 3292 285 9297 4242 3728 2638 9378 2121 5337 3518 2292 329 1814 3753 2968 8425 7798 2703 2285 965 4620 5737 6215 6905 6617 6412 647 9576 4554 9059 6111 3212 8690 384 5249 4183 5990 9740 2954 6854 1773 8508 4857 1175 8806 7855 7556 7662 8224 244 4210 9312 7320 4168 9263 9372 7547 1984 2125 2851 3431 977 4388 1190 139 9133 4506 9917 1377 719 3893 7640 5809 4488 1019 2481 1821 8237 2928 6318 3226 4892 603 720 3876 1993 544 5316 4921 7422 1174 4152 7916 7849 3965 3372 6841 4352 9315 2751 471 4397 8541 2980 2323 4739 2707 4691 4617 9956 4961 3957 4572 2503 8498 17 9939 4878 5407 6940 3023 6518 7825 9186 6391 7944 8519 6082 9507 9361 644 7828 5814 7393 9334 1490 4849 5369 3874 7522 7241 623 3975 1497 3985 8479 8995 912 5691 1794 1825 4656 2061 7647 8970 2762 9147 1065 3719 8156 8523 7708 4722 9674 6757 5463 8783 7258 8328 1062 6997 4456 2441 1587 5006 2513 7376 4121 5047 8238 9971 9012 7635 2803 7365 1371 4066 3152 8874 7217 8605 8931 612 1399 9669 7603 931 1223 3180 5906 4406 5234 9640 6369 689 8422 5545 2395 6912 3564 18 2515 89 7253 5726 1411 1206 7130 9768 7111 7173 8930 2891 9060 6012 3337 61 8674 2287 2140 5371 1668 3699 4752 6800 9729 3269 6062 8732 7808 7382 677 2925 3043 3738 6447 1845 5548 5592 1876 6599 9044 9665 753 5147 6939 1435 9857 7776 7019 2483 6792 4809 1431 2798 9687 809 9472 7508 2655 7994 1892 726 2545 5697 5924 3122 833 2590 7038 927 4667 524 8595 2169 6833 679 224 1563 3530 8749 6165 7160 6166 4763 4725 4407 9480 8477 5872 5243 1034 4371 6587 8743 804 8184 9343 8922 4762 3042 2436 1847 7497 1540 9259 938 7931 3592 6340 7967 8403 8858 8788 9700 6755 2867 7034 1797 6924 806 1805 4135 6091 4006 5922 8201 8632 2909 167 6692 1765 1727 9795 4191 564 5416 4287 9277 5464 1969 861 9593 1057 8378 2060 7424 959 45 2142 3764 3236 7306 5228 641 1642 3128 4499 9025 816 94 6406 7969 9523 8940 9932 4959 5940 5135 5449 9027 2073 5239 7118 8604 8580 4767 3793 6573 8744 3917 5856 3847 5843 1021 6844 6363 7699 286 6442 2 5585 4419 9267 6901 4356 8152 130 9738 4949 1710 9783 7610 2048 8042 8392 2015 5741 5131 9474 9083 7391 8540 9641 9979 4728 7307 857 350 3369 9724 3771 539 4304 633 5695 9245 2357 915 5983 7781 4665 3752 8856 9715 8337 3480 7643 7578 2274 8268 9634 2283 7842 5094 9235 5010 4890 7245 7760 8239 6725 3383 370 8702 6126 8688 5280 5966 1559 1189 2811 9382 6544 9573 9806 8881 9420 6722 3160 7495 7872 400 2413 7748 6739 5441 6039 2943 6059 1970 3489 6174 6713 5551 6034 8205 568 3941 4204 7993 2247 7374 2921 6304 3459 821 629 7150 3588 3011 5133 9829 2345 7029 5830 4091 7251 4133 7409 3253 4867 4838 9552 2628 5758 8373 2206 8113 5265 3020 5542 4001 9612 6967 8212 8730 4400 4374 5063 1370 2416 6001 4805 6669 9774 9354 5046 1102 3535 9861 578 6167 5794 8882 1142 834 113 75 8324 8520 2933 6761 7379 8787 1087 4365 8381 5570 336 8100 8174 9992 3345 3974 1995 3119 2249 1923 7745 5720 8967 339 3457 692 1779 627 3430 631 4012 4532 950 6916 2255 7819 1937 6643 9269 44 1481 6906 3628 1458 7149 427 5251 7633 5429 8562 191 7970 4841 8003 5229 1001 7487 8060 742 8555 2825 9517 9401 818 1409 1527 5157 3602 9442 4996 8511 4873 7889 5882 5139 6919 8322 2806 1933 1155 7132 8243 5353 3831 9616 2810 7885 4068 9798 1894 5502 3187 6648 961 6319 7761 5826 5013 4578 8975 9991 6276 2146 3763 8033 9040 3017 3112 4362 7832 2456 9338 4717 1698 3794 1040 5972 6129 6190 879 3875 4473 7233 4232 4280 9818 5971 6523 2355 2678 926 4813 537 2801 9396 392 7366 4290 95 1706 7121 9844 7290 7229 962 3797 7952 8795 7529 67 8419 9793 4764 6609 1030 5434 1006 6952 2543 2761 3815 4060 3475 440 4735 179 5819 2752 109 434 9895 2948 1689 2816 7983 6748 5849 8525 8761 2767 9563 2865 6100 4358 2302 9920 3315 6766 8364 4714 1979 7427 6290 2829 1985 8166 7721 8449 6870 8197 1317 6483 9136 6262 8510 1652 6027 166 2709 7779 6090 7098 660 4560 5110 1283 318 721 1557 1187 2697 1475 9761 8607 6894 1799 2612 4552 7783 9113 9706 7986 5396 1090 9039 3634 7570 5356 4359 9600 6798 9191 8526 6984 7136 1299 659 6210 8665 2554 5031 2715 3766 9124 8278 781 5485 2748 5106 4370 5797 5905 60 5443 1646 7419 5603 7613 2251 2832 507 5397 8756 8716 3210 2431 9659 5903 9850 9559 2165 2474 9489 4976 232 8507 5854 6138 8696 6970 7617 7041 8427 4161 4593 7679 803 3157 3706 2969 4519 5896 8500 5261 1010 1118 1448 4929 7594 3294 4906 1994 2248 2230 1592 7629 7022 3300 3585 3041 8430 5277 3885 9384 7559 917 9069 4571 4611 7246 3280 5696 3933 2622 8920 5867 8234 2881 985 542 8189 7128 1811 5562 6674 4536 3579 8140 8581 2425 4750 2898 5793 8032 6311 4516 3386 5300 3730 8249 3716 1907 3086 2464 3396 6559 3818 7948 279 2908 1234 7764 4120 6014 8159 1857 2615 8737 3998 8790 780 9970 7314 3438 1048 894 1735 2461 1532 6140 4621 1053 9698 5569 441 4071 4661 6308 6907 4029 4704 9965 6690 5576 6379 5928 1441 2374 5716 1704 4042 2699 3168 7436 3641 6568 1224 5887 5427 9891 243 8456 9744 9305 2997 4842 3117 864 8105 5746 5419 1523 3161 7363 6329 9614 8388 638 3319 4496 3621 7020 7674 5307 3145 9082 5143 7432 4305 1309 8748 7196 9053 5188 8778 958 6024 1574 6628 7682 9594 2226 7232 1749 1273 1117 9461 9182 6640 2580 8660 9962 8693 2727 1179 2939 7815 982 9800 4786 4345 1260 164 7513 3937 5869 7913 1205 1654 2797 9465 6884 3219 5007 3946 698 4967 3909 5915 1680 2737 7183 2988 4568 4975 5341 7816 7368 6837 5594 6393 9308 4866 2915 7838 8927 614 9862 3113 1827 1512 4330 2558 5883 4588 3006 8386 6558 3455 7031 500 1456 6876 9376 5125 528 7476 43 8463 6928 2773 6469 5965 3609 5732 7362 3032 8121 425 5391 457 4217 5610 8988 8220 5022 2417 2695 2379 2792 1509 6431 3447 8662 858 6900 7226 844 6782 9419 2499 4360 3739 4165 6653 9668 9010 9679 1416 9246 7692 1192 195 2652 2128 172 6874 9963 7996 1093 7448 4923 8349 4974 7947 3824 9187 4144 9194 277 7625 7811 116 980 6534 5358 7833 5248 5256 1500 1973 7586 9642 6542 6479 214 8504 5941 3150 1554 2764 77 4957 6281 2201 2478 5332 6139 4678 6031 7770 9049 197 3908 4402 8137 360 5206 2754 8044 5641 4387 3490 9098 7457 7551 683 665 5524 6582 8413 340 6503 6689 8251 8345 5194 3133 6481 7830 8971 7144 26 330 4003 8294 4783 8704 6839 1308 5042 2728 2362 9890 242 7669 9061 4465 4980 8017 6902 8835 1696 3680 8053 1376 8870 402 6327 2295 590 515 7142 1736 8408 5773 7293 7048 2723 8994 2823 7531 5638 642 4645 389 2150 657 6112 5091 7213 2960 1877 3538 9377 6172 4624 2926 7805 1896 957 9318 3853 8411 5160 7918 5476 9727 9688 4812 7995 9222 5409 1606 4116 6101 6050 7609 5230 9814 1948 5430 3414 3370 9769 1334 6531 8098 9652 2731 2271 1644 4482 7879 9258 4361 7262 9731 3503 8958 2971 2562 2744 8642 7835 1901 8086 6931 1445 468 2177 337 9306 3880 2685 2551 7799 1850 6569 10 5976 1249 3813 6683 5550 3954 5644 1954 81 7311 3341 2537 9842 299 7016 1344 8860 5215 1276 1719 4455 7464 4679 8372 1362 9162 5714 8172 8157 366 6654 8111 4277 5282 8218 1130 4507 5226 4540 3293 536 22 6010 2758 3816 4081 6400 2887 1312 7310 4985 2674 90 2423 394 1770 3776 4640 1472 6184 5861 1691 345 2696 2807 8491 4000 3745 8099 9825 2289 9077 4641 7648 5816 5445 5649 411 6941 5863 6083 3727 2936 4019 5263 3271 9519 3241 2739 8 2293 1158 5025 3371 4839 1264 8029 5935 5704 2030 7763 5586 5499 9266 5728 8434 8953 7737 2317 9755 9654 2931 8301 4865 5748 4685 5800 8230 2202 3517 2507 2958 740 7707 3558 5459 320 3388 8126 1577 6557 4734 8195 9820 475 3377 8002 9542 4035 1302 1542 8320 9118 8335 1364 7786 7004 6591 1708 3103 2746 2428 8985 6973 53 3384 7444 140 3138 6282 6007 2294 5734 9122 8727 1514 6610 2297 4642 7580 358 5313 799 1450 1428 1989 6240 1170 4011 9038 3216 6170 2261 7176 5236 551 9898 37 6975 9556 7463 4597 3790 8396 249 8487 9784 5554 7478 6486 4185 8811 2666 6765 3611 3198 2596 6859 7123 7493 1210 9817 2896 2118 9696 8711 6377 4412 1070 7666 5074 2794 3889 3741 4107 3750 8023 7681 3252 1533 8655 1394 5210 2849 3331 3980 6574 5489 7300 3009 8343 5500 2040 7813 6049 9960 6201 2101 762 4780 8150 5593 948 2334 2876 8713 281 9934 2306 9274 6705 847 6198 4526 5743 7420 3421 5390 138 681 8587 7668 2528 9949 5687 8524 4638 9670 5354 5406 5578 593 8398 1054 830 9358 2581 9660 9579 8962 2992 144 6154 7841 731 2772 8225 6744 1044 1271 6804 6759 7221 1173 888 1868 9114 7481 576 6349 2686 8493 5766 511 4793 7276 2793 8263 3809 4731 7803 3021 2540 5949 3820 105 2383 8446 5805 521 6000 5171 4398 9555 2648 9035 2524 5561 3239 8601 1213 5382 944 8362 5192 371 1403 4934 2790 693 1963 9418 8374 1245 8429 449 2108 4681 4918 5424 5932 6850 3879 6121 4564 4585 6720 3074 3320 3246 9417 2670 4267 4502 7713 8128 734 3608 121 8933 9613 5130 4252 3746 2900 264 6526 1925 832 6736 7824 7807 208 3826 2070 6018 5080 4880 4231 8841 9368 2668 54 280 5375 1086 9615 3515 3257 6334 5308 9003 2013 5986 584 7899 7818 1564 12 3392 2126 7982 1498 5474 5926 5108 1579 6246 8848 3250 2183 609 401 8824 1991 1692 33 1626 6186 4650 1738 8428 7490 5073 3770 9415 2539 344 8018 2072 6785 7494 3948 2821 1196 305 7608 1567 2623 2501 3277 5118 530 8092 791 9803 3543 6033 8048 8753 7056 3935 3644 3284 1966 9876 553 5754 5837 1491 7950 5580 9762 9177 1046 8305 7033 2663 4057 9541 6222 822 2001 3306 5637 2635 8772 4026 2288 6646 5817 4646 1513 8583 1747 3378 1031 8432 6065 8853 1924 8377 2133 3649 3231 534 1586 3789 9630 1132 4712 9865 3939 7438 5334 5960 6930 8341 1670 2871 4877 6611 6528 9999 2438 6 7023 5415 2842 7348 8066 999 9248 9380 9771 9364 9977 6085 8139 4947 7224 8910 1263 6241 8826 5289 3276 5752 3504 1611 6058 2833 4212 4903 1929 9231 8068 9597 2036 3777 8949 1641 3643 8178 9508 8459 3694 1999 5224 1902 8892 7912 2783 9990 7062 3316 5034 5117 4528 8436 8270 6831 5844 4125 9989 2866 6407 1620 1333 3910 5297 5911 1277 1621 2950 1666 7435 4342 4005 699 298 7122 3919 13 4973 5901 3373 2750 715 8570 9161 1529 4159 7099 2180 8475 7411 485 3972 1452 9337 5753 6613 2228 78 9906 3035 9190 4483 8315 2267 3601 7384 4694 9819 7907 35 6214 4708 3183 503 2961 4889 1576 8734 5267 398 9554 7999 8213 8081 8666 8650 6862 5290 6771 743 3894 7066 7516 5435 741 6072 4933 1669 9175 9206 2236 7702 680 1511 1590 1502 820 837 3082 6767 1898 4484 7717 4920 6078 1745 413 7844 6500 352 2145 7326 5571 159 4614 2354 5989 600 4837 6629 2698 4457 904 5515 7866 5835 8530 6339 1823 6805 2613 2789 9574 5866 4167 7747 9650 2463 5801 7876 2313 7735 1038 8112 2159 3484 1253 9097 2227 9165 8917 555 8275 5875 4347 2836 2435 8849 8450 697 5700 8202 6424 5635 3867 4945 7709 2630 2879 7194 7667 1801 6718 2531 3149 6150 8476 3353 2981 7337 5038 1733 5124 6879 8489 4103 9799 7156 1595 6768 3093 668 5245 9683 573 6871 1624 5914 4814 4206 648 5169 9789 5831 851 801 674 9084 9928 8119 4377 5211 6161 696 6435 6371 5008 1049 8175 1647 1050 6456 1091 5252 6437 8827 3333 4391 955 4017 9463 7174 1141 2080 5278 6614 6938 7350 7352 4238 4253 2315 7402 4119 6505 6225 2163 2639 6717 7455 8258 3362 9043 9286 7280 771 6296 3923 6897 4956 1386 5711 287 9197 9560 3075 8928 3272 8640 7195 8865 7954 9562 8658 9608 7888 9243 9801 2956 8819 5738 7581 8509 2932 2774 686 3838 5604 3596 3721 1685 1381 5090 4671 6903 3522 1071 8379 3566 8309 704 9477 5778 1422 3722 3154 5713 7605 467 1286 8572 8437 4720 4927 1676 8334 2583 9599 4648 9946 6257 6627 7389 6375 9454 3476 607 5685 3552 2238 4534 4684 256 9328 397 2304 6612 9192 8472 8217 4993 9976 6157 5783 1866 1755 1335 3301 2029 297 495 8893 4192 8864 2643 8444 4598 9515 395 6417 8080 5874 6867 9872 8216 7278 3668 9631 3825 7620 5772 7725 9958 9123 3912 2023 2844 8261 1870 1569 7850 1438 632 1911 3087 378 6266 2632 6942 2134 952 7823 883 3349 3713 23 294 4173 10000 4294 6299 2084 5425 1419 2907 5666 1909 2000 4772 9121 8101 8719 1578 6719 1417 6454 6020 3348 2691 6955 9242 7768 1178 3862 1239 3309 974 987 2857 846 9833 3810 4249 3510 1220 1373 4852 4968 691 3970 2004 4926 7703 7773 9287 4861 1996 1330 8467 8097 3857 5577 7097 9464 6584 207 992 3652 9253 9745 9409 3242 1022 9534 7924 2058 2107 6332 4979 313 7960 6028 3966 3267 3918 6275 3279 6733 4478 4828 9690 9522 8485 9893 3184 1787 239 5605 7906 5260 8714 5964 1354 4575 5168 703 9238 8292 488 9459 7364 4160 2195 2780 6137 6821 6780 6506 5878 3022 6482 5925 3346 202 7327 4771 745 9070 7873 7972 990 2839 3412 3570 6691 7695 6480 6547 3993 8798 8594 8673 2743 4075 8767 228 7342 7963 9645 784 4586 4250 4452 7282 8905 4425 1573 6958 7537 9896 6695 8846 4869 3453 3073 4363 4244 2462 3311 6561 3473 9150 2205 4962 559 3958 9824 9671 3176 1742 1667 5520 3742 4950 478 5052 7854 4229 4328 9503 9983 1881 1990 7530 8026 1830 3418 7680 811 9028 3697 4454 3900 4494 2923 3191 5939 5832 7199 2443 3498 8584 3931 3338 493 1796 1069 774 9586 2090 6291 7330 8457 6071 1430 1978 7560 9015 2052 6578 8035 6142 5723 4479 5958 7162 6053 4558 2777 7408 3631 2412 9929 764 9439 1097 9535 3268 5064 928 2659 3470 2841 1832 8095 4426 3863 8387 9572 860 7270 4332 5904 7868 8089 7498 5345 7738 2369 7637 2144 5037 3274 8615 4635 9988 5921 6812 6651 6921 4836 7064 8090 7210 7614 7480 3506 630 7437 2049 8733 535 2611 2916 9445 1479 1518 7223 615 6175 6261 8155 7714 7212 3569 2853 1809 6192 7265 3990 823 8144 7271 5879 4565 1792 7793 3869 5146 8433 5145 8173 1585 3249 6937 3664 2498 1156 5648 7279 4937 9236 2998 9340 2447 5102 6158 9342 4537 6957 5186 6075 2625 1145 4569 2363 9240 7636 8979 7503 4467 5461 7896 2646 6277 4378 7574 1112 1108 7322 9094 8542 6600 9132 1303 1082 9174 424 9743 1084 6655 2963 192 7651 6999 6131 3192 1622 6445 6448 5306 6046 8204 2534 8015 3165 1460 9079 3487 7294 5370 5367 2592 6564 7611 3606 7624 523 34 2119 3704 9146 2584 9036 840 1131 8721 4676 6066 646 7557 1808 3898 115 900 7859 1759 7704 3439 1899 2188 6857 5001 1378 3833 7250 6008 7204 9539 9157 7923 1188 9678 9748 3654 7544 3254 8191 9901 1950 6551 9294 2595 2827 5623 4909 106 8104 4498 3839 3715 1494 8462 4851 5322 8889 1297 4300 4181 7012 9697 1961 5019 5543 5749 6650 262 9722 9721 606 1128 1897 9196 5618 9564 6390 7417 1905 5944 1208 3747 5359 541 8190 639 3054 1686 9775 8241 9345 754 9466 240 7929 4443 1339 2706 5963 2303 758 2457 2115 8062 5086 1693 8266 8124 8353 3561 2578 608 5788 4940 1035 5890 3325 1176 391 8963 662 9099 8404 1143 8937 3922 6896 196 8852 7491 6595 6145 1289 1138 4381 36 7878 9155 2555 9314 1233 8271 589 3321 1420 233 6235 5930 8074 8568 311 6978 5053 5634 6326 4850 6762 9869 349 6313 5627 2861 2966 3994 6565 2059 9257 598 790 6638 3559 1389 4592 5931 3422 9033 2222 5811 8127 9728 6043 582 8839 7060 6032 1699 4686 7331 6732 2410 4281 700 3136 9708 1055 5690 4096 4324 9813 5787 3379 6208 8332 9261 989 1199 1548 7700 1955 6530 5508 8789 1694 2360 5338 3830 4770 8502 3440 6731 6205 8122 489 9509 1285 80 1081 1198 4303 2110 8129 1839 412 7579 4157 4781 7880 6579 3593 6350 8948 5262 6036 307 7955 1871 7784 5938 1064 3461 5155 8785 174 1829 4911 3580 8549 5769 73 6660 3393 276 8193 2326 4123 8043 1369 9139 2378 8752 9996 1712 592 658 3662 261 5039 3798 3792 519 7740 5470 8382 7817 6525 5250 3456 4 7601 793 6343 8390 3451 8158 148 1485 4550 3669 3511 6756 6783 9412 4444 7456 7006 6712 5798 738 6698 4037 8670 1544 5005 8547 3458 1493 3744 9524 5991 9828 1306 9145 362 9908 1136 1103 1793 8260 6255 328 2862 1931 4887 7377 3445 1803 4213 5660 4489 5853 2492 8837 2602 7512 9479 9680 2720 2392 1204 9495 6428 8863 6042 5339 7750 7131 7806 5107 3030 1536 8359 459 9682 8483 390 1600 4605 6047 4158 1197 3029 6540 3822 6338 2525 7312 4449 1601 5556 7998 2955 3597 9900 3688 9397 4032 7652 7082 3483 7369 2598 3089 3921 1781 8977 1066 8997 5494 8297 807 8918 4636 2444 6657 4357 620 2977 3238 3811 9176 1492 6773 1914 9379 7257 8516 7951 1461 7475 1489 1396 8617 9403 2027 5507 2321 6084 8303 8469 1427 1504 4998 543 9757 8776 3406 2398 4178 3318 6819 4021 9717 9072 8256 6356 2626 2448 9455 3027 4821 6402 5254 9299 2025 7974 6615 284 5555 220 5584 3959 5180 8898 9270 2031 3296 1462 1124 2565 6616 6846 6307 1484 8773 4981 9141 428 7287 4705 6881 1033 8147 2034 1020 5058 1246 7236 8614 3584 5927 3123 8754 6285 1673 6335 2627 5426 383 3061 1041 9689 9214 1241 3743 8171 3139 5468 9550 4883 9387 896 40 6498 7273 4045 8862 9931 8964 2732 1783 4462 4338 4316 9720 3314 2624 8679 5934 423 3625 3945 4013 4233 6849 9440 1215 4247 9051 8579 2471 1147 6146 8575 2995 2433 7688 2167 2605 379 8414 7013 9885 8885 7500 3684 6218 6932 8424 8283 8596 3882 7398 1474 3172 8407 103 1464 6880 6191 690 8486 5458 6249 1786 7445 9548 6652 6864 3297 6013 2204 5786 4480 5937 9054 9179 5961 2300 5693 1314 6845 1552 8799 8678 8708 9491 4176 8247 9598 8460 4960 7134 7622 6331 6144 5191 3100 1350 5589 6260 4373 247 5658 7380 3999 4179 1361 5616 4138 1116 5381 8357 1101 5077 4904 5970 9749 6914 8566 8236 6258 4310 2243 4795 1119 1391 1819 6953 1059 8360 7143 8709 6366 5088 6194 6575 9311 5065 3482 9068 7902 4546 4278 8906 908 5387 9126 9105 6861 2054 2366 2999 8797 2149 8071 2930 9787 4092 5993 8276 4757 2576 5444 6949 779 9016 9520 2380 2822 9737 765 1152 3234 8065 7047 8723 6535 9871 2477 9281 6151 2959 2218 4990 2574 8361 3463 3220 6524 6743 9493 3658 2722 3737 8133 7796 6328 241 6426 5945 4716 6516 342 4759 2532 1632 2330 5328 9557 1723 3546 7259 6357 838 194 1231 3765 1983 792 9959 1526 1789 6507 2949 4299 8490 3064 5677 3911 6977 8545 3488 4393 5093 5380 9521 8850 3104 1910 4886 5189 7930 5439 1520 3708 4631 9067 7109 9001 3146 3835 7470 8802 3563 4469 6981 2526 605 6421 6182 1195 2096 5796 9437 3541 2308 209 9129 7673 1566 1975 4625 5725 6899 1872 7739 7660 3390 1767 466 3938 3401 5999 7871 5967 1507 7441 5283 2066 6989 3996 3019 6993 6728 808 9226 2675 3288 9739 3028 3785 5706 3092 3819 1453 8883 310 9205 9499 1932 248 3864 14 4261 4511 5876 4111 5437 3224 6104 9864 1357 5497 291 2848 5128 1662 2406 5327 4346 173 4727 4039 4150 7203 4309 622 3647 7044 7921 3206 8512 8950 8438 1358 9620 9370 1908 6045 7917 4823 3780 3700 509 1687 9034 4246 146 8223 616 9280 1858 4134 1026 9905 4050 650 6909 3920 3173 32 7942 7785 3368 9723 5682 3603 2091 1278 4953 4065 2278 4545 2320 3355 5036 5988 8868 2491 4803 4504 2071 560 1593 7883 497 6079 3774 4943 556 8409 6271 5142 4052 3197 3897 7984 463 6904 5668 6960 4680 5187 5511 1915 6996 9770 5092 5144 8984 182 1946 7571 7187 3178 8813 1028 2946 4235 5029 814 9120 7274 9091 9468 2156 9158 7120 517 2281 8165 2237 3286 5293 2414 3046 5513 8312 9661 872 3050 1443 8421 7822 3968 4104 763 4637 2621 1643 1368 7186 4561 374 4329 5258 7001 7505 8828 7479 131 3660 8878 1506 4972 7146 1951 2735 649 3285 4859 3840 8370 9978 1942 6961 8644 6099 8375 3264 3843 7661 502 2094 3726 3913 8134 3891 516 6229 8051 1181 7042 9741 6254 7225 5193 9632 9018 7541 3841 6777 866 4064 3107 1360 2019 8791 510 3977 6658 3846 9362 3657 8196 504 4801 6563 351 2318 8952 873 2642 135 1844 8120 7684 2711 2316 6238 3571 3626 3400 4128 5575 3944 8027 2508 3291 1756 9694 8774 1221 8677 7335 4193 1728 8499 4007 1717 8423 6273 9776 2653 8961 6467 9103 981 1157 6397 8077 1099 868 3380 6519 3859 9796 1359 1077 9203 8793 6450 4948 941 4710 5104 6462 9933 1605 451 6855 4285 2008 9951 1882 5633 9583 8915 9475 5105 4196 3270 4436 870 611 976 2510 558 3598 7119 6823 8663 1580 1305 450 653 2339 4587 2153 5442 5855 3616 1282 4796 4872 5707 7533 7539 2814 7657 5068 921 1568 9794 1746 7941 4094 667 1469 993 5479 5329 7450 797 1251 1404 916 3903 5877 7 9626 5097 1252 2099 9752 8851 8633 2563 4090 6893 4293 6499 3952 8339 5344 2455 4331 890 2585 3070 4198 9407 8384 5626 9300 1671 9229 6368 7325 3712 7354 8929 2432 1700 9431 1516 7054 149 8298 6829 2656 6080 929 4673 5081 794 1067 2337 867 2053 7616 5975 8405 2402 8637 5196 6022 3861 5799 9260 8821 6694 723 1634 3950 5015 5048 9471 7515 2991 3519 6168 4368 9984 5647 8556 7592 2342 6336 7492 6269 8170 8340 7720 9786 2352 76 7837 4386 7198 3492 5478 1045 1945 5340 2918 4755 5640 3024 2452 8110 975 9307 1594 7538 4843 6286 3665 2376 8221 9223 1332 4046 1795 4662 1664 8036 3078 4186 3190 6622 9237 6892 2277 8747 5795 3233 9373 4335 1702 752 5969 5141 8506 6667 788 7103 9846 8668 8063 934 8606 9746 1024 3409 2388 6067 6749 39 8896 1465 2012 3109 6355 7084 3718 7593 557 5057 7288 3255 5947 1609 3081 7821 9262 7653 8219 5566 2328 8887 8005 1068 9691 2358 8890 6684 6965 4298 2846 2586 8692 6429 871 3551 8625 795 199 6245 9204 435 1168 7410 5355 5651 6596 2472 9349 3079 7562 1788 8908 2333 9047 2618 2808 9339 2831 4230 1211 5473 8083 5055 4243 7812 6102 3434 5529 8395 4297 8346 2356 2965 6790 567 2497 4227 5033 6543 8295 6619 4223 1109 8725 3083 6347 4946 3677 7127 4992 4416 8546 4595 4495 2065 2978 1080 1304 5985 1867 2768 3222 4226 1890 5917 2708 6021 4341 290 8401 9879 5255 1380 4153 2689 4435 6395 4782 7971 7985 2127 635 6382 4014 4292 3963 4922 3650 651 477 2571 9623 9325 1782 2341 1834 7847 189 575 9005 3336 2273 5465 1959 8141 59 8011 3072 1348 759 8448 2123 9667 7267 1922 3203 8921 4364 7009 7862 1372 1148 6119 3025 7840 2644 5587 5891 338 4188 7546 9981 3381 6169 1604 8768 3520 687 5615 8072 1225 613 1366 1826 997 3508 845 8707 7573 5840 3175 3344 8399 7946 2386 7421 5802 8684 1444 5116 713 4794 4902 1426 1257 4415 4486 6834 8991 1777 7756 4016 3230 7197 5026 9610 588 1534 1572 2947 2726 5113 9411 4122 4500 5432 4709 8691 2106 5109 3066 9310 117 6388 9544 2056 2781 9658 8623 7090 862 470 8746 2547 8252 3799 574 3055 579 2549 7261 2505 7675 3807 920 6679 1980 3687 9416 5674 1853 3806 341 6501 2521 8539 2906 8769 8904 5824 1166 3278 3731 6963 1140 1235 3690 188 9255 4322 9675 3767 1711 1100 5363 9961 4688 8522 5868 5050 6345 5790 4591 4083 7472 2640 7645 5860 705 2573 2473 8215 2200 5453 9321 7059 8817 5810 8008 4437 6581 8149 1383 5069 4221 9189 8775 2556 3523 5763 1423 4523 9127 4087 6361 6706 8389 3218 2193 6220 5871 2938 9130 7299 4194 1869 5768 6117 2120 1437 2493 6179 5553 6444 4566 2919 2179 7297 5431 6656 839 2465 2512 8794 8412 6434 8585 8842 5421 6702 1184 4273 6933 3106 7140 7458 8729 8812 4970 3589 4040 3507 150 4380 4784 4856 324 786 7357 83 7486 6386 300 8367 7037 1182 3114 1888 9753 3364 8879 6252 6693 7642 5722 7518 3710 4197 6396 9171 2361 3927 8943 9172 5535 7726 1292 1913 8816 561 4136 8820 8877 8330 6918 6969 2168 2905 9107 3574 2282 1640 9785 6305 5049 2382 481 730 1771 1838 9233 5517 5490 3873 5885 5984 5600 6868 4070 991 4220 3850 2486 2039 1471 2519 9006 1501 8771 9013 885 3953 1129 5020 7554 399 8978 1454 5423 4466 9414 6685 6992 3591 6633 6813 7663 4177 7809 5898 9537 923 4724 526 1665 1775 9648 4830 4819 120 835 9538 7895 6891 8431 2033 4372 5629 3676 8577 1707 3261 3890 1288 1473 1476 1392 6425 6661 7540 8336 3956 483 1242 3991 4105 9394 1661 714 4581 3120 2210 3360 4777 5167 7244 2756 3671 4084 8496 5311 9750 2009 3758 8286 8919 2024 8728 7289 4896 2855 171 6427 6005 6383 8274 8093 2993 4740 6623 3404 2445 9180 9994 2221 8244 5608 6358 670 5475 8030 6947 3105 8973 6118 850 1415 4888 3322 6822 7762 1650 5084 7831 1414 134 5343 2629 1265 4548 5284 5642 3410 3053 6193 7829 688 5688 6088 7734 4791 6979 7240 4126 7691 4313 8226 8481 5962 813 5839 3263 4580 2893 5060 301 3936 6549 1455 5070 6314 2010 3275 8777 6624 4807 404 2494 373 2112 4241 4848 4517 8130 9089 2658 5512 6508 2587 8901 8079 5014 9664 9710 1522 9606 6115 4097 5807 3666 2018 4002 1893 2544 5625 8676 1583 8829 5207 1449 8586 9886 936 3398 393 8590 9065 9880 6373 9955 4109 7641 3942 6231 5288 4323 4829 2246 9250 7848 3646 2637 7634 4816 4951 3359 4383 7114 9492 385 9202 7945 4847 2488 3955 4258 5599 4100 5656 6316 5836 3896 7222 902 6092 2886 2217 4319 6323 2516 1855 3964 6009 4095 9421 6459 1160 7112 9603 8528 8634 3327 5662 476 8942 3058 4036 2225 4408 6056 3856 8123 8620 6923 4025 8980 4110 4916 8209 8037 3304 9428 3289 6069 8338 1748 5912 4931 5834 2717 190 2838 3748 8031 6321 9160 5630 8722 7964 701 8544 5199 4394 5920 8671 7527 1463 4634 2485 1677 3814 5719 4871 8939 7286 6476 911 8951 5098 2011 2239 628 5312 3303 618 2600 8420 6682 1688 2394 4175 6988 7597 5175 4938 9856 1531 8416 8916 1468 2850 1434 9969 9219 2973 445 9303 5462 2286 7927 5138 8006 1023 5172 8210 6298 5537 9483 2917 8291 6593 9693 7774 3468 4601 7249 4868 7381 4063 9138 7148 3888 5721 4202 7561 8264 9148 9974 562 8059 8180 6303 2899 1424 6374 4919 6637 1553 2245 9215 64 8300 4069 4106 6120 7096 4283 5028 6553 6464 2561 414 7442 7068 1328 3701 410 2740 4307 6715 7085 8836 3696 5460 776 469 739 5062 6399 5770 2324 8108 2890 8960 9763 5134 3695 133 1958 7192 2894 5841 9987 6423 5467 4501 6387 7317 1810 2367 5765 7153 6659 7867 7319 3436 6141 4732 2729 4099 8735 514 5122 9030 9644 3844 7358 6367 7864 5083 7264 9392 3343 2694 6493 407 5066 5111 6908 4201 7607 4778 2869 6103 2553 5075 7566 9435 9916 1525 5865 3930 5598 8078 1530 7711 4390 6793 4706 5398 4076 4977 8145 2847 6789 7716 6458 8873 273 6136 6330 5222 5264 3595 1185 6109 3978 5760 4808 331 2469 2043 533 9736 5698 7081 183 5968 3158 716 5505 3707 1860 3259 4222 3052 7428 4925 7360 8177 5907 8318 7105 1470 6181 1269 3450 7979 4629 3877 8954 8626 1875 3351 2989 7915 5910 7057 770 8966 4966 3069 9217 9252 1275 8861 6922 2035 472 1154 3786 2725 198 2579 6801 6678 4765 9566 3281 2420 5828 4446 9000 422 836 3582 5281 1280 8698 5791 5324 7753 7439 8618 2779 3342 7992 1405 1645 5646 2665 3509 6270 1163 4543 7569 9109 4603 453 3526 6025 2813 5112 9 1549 9427 3256 7028 6300 669 8317 5420 3361 6956 8153 2069 9153 5061 2875 8313 4132 2651 9506 3983 5209 3167 8535 4800 7908 9363 7677 8738 8925 4004 6484 4600 2173 5027 8182 8834 3008 8976 8383 2721 6293 7800 3940 5438 1447 4236 9973 1287 945 1976 8814 4675 6688 3587 9101 5205 7110 2597 2194 5624 8645 6964 5487 231 7894 3772 5220 2570 954 5317 6606 8304 5590 3471 5164 2681 6863 6251 5884 381 9529 6714 4140 2974 3992 9151 2759 2427 8560 9505 2796 4302 9406 757 4468 7301 162 1499 9087 4995 3395 9220 5208 9460 9193 7936 8884 8468 8285 8114 1110 7200 4632 4834 5045 9346 5395 8613 5803 8310 5736 1889 4396 9953 1864 3512 2608 372 3084 4876 4893 1938 1290 6211 3623 1007 3077 842 4654 7590 479 1603 5902 2256 8758 6791 8227 4255 8838 577 7052 2272 8551 7843 4822 1123 118 5672 3217 3525 7857 6401 7795 3549 2677 1841 8326 8203 1972 5446 505 7649 3899 9718 9316 5101 6283 1953 9390 9734 2895 2724 8739 223 2348 3630 9618 7027 7863 6665 5152 9353 8164 7928 354 8653 8057 8700 7332 9088 5731 9930 4353 3067 9216 4093 6642 1229 58 829 6253 5781 9902 5059 2347 3202 9841 5302 6878 7158 4751 1320 6490 154 9434 8603 6052 3215 4317 5044 3118 6095 6687 4609 5076 7782 4051 4404 4623 1562 6359 7665 5121 9767 5544 5750 28 2859 9604 9284 9134 9064 4689 7296 3221 3038 7361 8333 2067 8815 8796 9954 4589 1025 5114 1076 2403 9170 2353 5482 7100 9805 7471 4355 7170 4697 8831 8082 3607 7943 6259 8718 3045 8004 8597 5671 5681 7861 170 6398 5956 5942 8323 3817 3638 5664 4562 3048 8532 1906 9686 6677 7698 9080 9224 6219 1560 5377 6594 1960 21 5678 2800 995 9823 7083 9911 3462 3497 9374 2178 8056 461 7189 443 8957 6164 4187 6647 8293 7576 9975 3044 5676 2840 1537 1859 7925 3670 7452 6630 316 3397 8067 9868 7477 9790 3446 4677 1074 9952 5933 6774 6502 3479 7489 3702 9918 3094 9561 4682 3805 8232 9877 8501 8314 8643 9244 4518 4118 3590 2484 2257 4286 8533 1631 4514 7788 6302 7431 7507 1321 664 7694 5899 187 388 1379 3039 7884 4898 5163 3366 9228 2957 8909 8259 3849 9804 9788 6817 4602 6491 8505 8200 4773 8652 3007 6866 4879 9273 7344 4747 3273 4067 8039 7759 4434 1515 3858 4259 2083 6797 5225 260 178 1774 8207 3229 8013 951 2892 2190 6604 1177 4505 4490 3562 4824 6872 2824 5156 1482 3195 5994 5518 3358 2527 5361 6554 4349 4942 2660 9923 4817 678 7459 1992 903 1051 3808 8628 6497 9383 3981 3262 7462 7185 4308 1637 4460 9173 7243 6360 6237 19 5041 1863 2365 1002 6670 7092 7070 6256 9964 3698 8764 9090 5540 4538 3211 3655 9993 1406 9577 712 9571 490 9826 6038 8982 2086 4350 7940 6885 1619 1658 2409 1750 2299 6701 4312 8406 2757 3012 7238 5614 1268 4775 2941 161 4804 6820 9704 7447 7026 3124 448 5792 8808 4989 5331 7154 2769 2885 5613 7242 1682 2482 3887 8228 9293 1936 9703 420 4745 1058 6721 4521 852 1842 5806 7025 3705 6206 9980 5617 2609 4461 5418 7521 2522 7563 4658 7939 3096 6196 3415 7577 4978 2606 1812 4544 7604 4936 3323 4260 7987 1237 2920 9185 769 7373 7313 5612 3237 1322 2174 6998 5285 8329 9106 6128 2633 269 9230 1127 5686 1083 251 3528 42 5202 1483 9031 7256 7922 1172 4647 7453 7582 6443 2151 4442 2983 4802 3354 6875 3624 2864 7077 8307 996 970 7113 3240 7758 1345 4022 8248 4522 949 3166 8443 1356 2533 2408 8694 9673 2904 4652 8058 7412 922 7404 1363 5372 2026 1597 3147 2401 2826 4102 403 2005 5326 7810 694 1113 6466 7631 3433 5003 9629 4433 8876 2439 751 5541 9625 7766 7351 3065 9947 7898 1017 3553 1519 1194 6546 4209 732 8741 1291 8455 5481 1098 3886 4599 7903 9834 6734 1683 460 1790 8968 6370 9622 7834 1528 55 5170 9111 8751 7017 4503 4376 7509 4401 8009 4833 8192 5923 3855 4790 7839 2305 1508 4033 3914 9365 9066 8854 1255 8823 525 9448 8402 6521 513 9292 5846 1874 5523 6403 8683 7959 8998 3883 1279 2006 128 2407 8554 7211 302 6306 9395 6485 1741 8117 9685 2466 3925 163 4870 4420 5452 6489 5347 7234 8903 4512 9551 7526 3678 6830 1816 7956 9355 3620 1988 7235 323 5483 9017 6320 3783 7705 2325 1543 9662 2560 145 6457 1052 7606 6566 1060 8045 2672 2889 1433 3943 210 7124 3389 4151 7852 1726 6130 3099 2828 966 760 4086 9997 2017 6842 9532 3709 4753 9754 7836 7275 9163 3013 7263 4139 5184 5087 626 8987 7209 597 8639 1763 6098 3287 3443 7413 7732 9212 6825 5232 7159 2467 4451 9540 4756 5056 6856 9241 876 2158 5851 5129 8792 9950 8659 5774 9167 6054 1133 1743 3537 5558 8770 645 5428 8742 3134 4428 5078 640 9041 3907 4471 6671 1807 7536 9751 3544 9742 1997 6460 7318 3895 4863 363 5619 6037 4171 3501 7067 4491 2322 3645 4527 200 8194 8073 3091 7583 5538 2092 5392 2718 9730 4061 3474 4024 895 7201 2766 5182 8630 906 9119 8442 6060 3545 7856 442 9104 6781 1998 2927 6848 8872 8843 6873 8565 62 5223 5850 5546 8880 8703 9859 2843 2063 3491 9282 1325 1256 9108 9227 1655 1341 292 2340 1410 6475 6552 8299 7975 2809 9007 7075 6394 3691 1657 5247 3335 9291 9904 1180 9851 3385 5002 1218 2617 4208 4028 4384 4797 8494 3800 6662 4214 8750 7874 1459 9046 6057 211 1243 9128 8559 9810 2346 257 1716 5997 8376 619 69 9360 918 7440 1011 6348 7078 2559 266 5323 222 7133 5304 4891 4088 1440 6527 9140 2787 429 8600 8576 3162 1214 2786 9546 2426 8347 2634 7937 6116 6023 6076 7305 571 3170 4619 1772 7676 6645 9497 5269 9322 9840 3258 6799 1607 4700 7433 5385 7920 4881 4072 2055 5694 1244 446 5622 1629 8833 218 9369 4207 4189 2509 2062 5350 1259 5916 9467 332 4895 8245 5579 2914 5279 7722 4799 3674 66 8279 7164 4690 4321 9086 3110 7827 6064 7484 1854 7976 1753 3391 6672 5352 4508 5767 6572 572 3834 9591 2552 937 9125 3928 5440 1457 3141 3478 2700 2075 9855 7050 7749 2479 2671 4884 2460 7548 9726 8348 6511 5238 5747 7321 6096 4470 50 465 204 5684 3466 2952 1003 5782 1398 5597 2370 5115 9344 9714 8118 5771 5291 2951 2089 7909 3548 5227 2041 932 289 2791 8047 4271 8021 8859 5628 4615 6536 512 6675 636 3557 9347 9074 6983 9490 1791 5506 8497 9709 8306 7386 4563 9450 2262 6556 6342 3001 9443 984 418 9110 6835 5609 5777 3554 4296 5859 1367 7638 4761 3059 326 7654 3057 566 9050 8250 9921 2568 6004 3111 8397 8040 5886 3872 304 4034 5200 9264 849 1848 4810 8461 775 271 325 3441 3997 8571 46 5271 9352 4570 3787 7957 9211 3683 6545 2385 9112 5703 3088 7621 7091 1134 1697 3711 5456 4020 6522 1722 6234 5273 4649 5708 6588 6333 4670 3734 1599 5710 6354 7701 7272 7339 2016 3906 9008 4630 4964 9812 3159 9166 2111 2716 8142 2405 682 8325 4422 9863 4055 4172 2799 255 7399 6504 1556 7591 5103 185 9446 3754 9892 9518 2673 6763 8308 8529 9681 529 5495 601 1120 2418 3536 2984 9747 464 3155 8736 9982 5364 7499 4311 6063 3382 3686 798 4038 416 7247 2535 6888 2265 4924 5004 6420 9402 3485 1720 4769 7549 2518 1714 1355 2170 802 7008 9837 4228 5526 785 6673 4405 6127 9592 3201 3 5973 3465 3031 7542 6754 4692 3076 8206 9935 7035 4660 6389 1439 825 6974 5870 9429 7596 9285 2883 6416 4958 7237 5621 2882 2095 3182 4818 5287 7345 157 6405 6959 8651 5596 7568 5257 1729 253 2738 6494 9488 6409 2270 8369 6852 7910 1209 587 234 3848 756 5148 7719 735 1183 9093 9581 7535 5785 9135 3735 9766 3524 3761 9884 3049 3209 9943 1135 3121 7933 7875 5565 9351 160 9304 4463 6567 3693 6886 2192 6430 7550 99 3248 7532 5333 5017 956 5852 9558 1846 9948 8107 5486 1146 3143 9251 3005 4344 1561 1762 4604 8913 8599 8763 3534 82 6317 2242 2880 9621 376 4718 3505 6529 8087 6716 4274 4008 20 1402 6632 1713 6160 6828 7107 6915 2817 7180 6113 7390 5745 6449 7328 4448 8001 1649 88 3723 3245 2733 6520 6470 8211 3177 4200 2692 3550 5815 8907 4334 6994 7919 2679 4262 6019 4130 8161 8492 3223 268 5198 2705 5240 9389 236 7467 6539 3196 108 11 2109 8578 9032 9199 9168 4984 1327 6936 8936 5780 7405 8019 184 9527 8102 6171 9651 6550 4180 3164 1582 6676 2701 9371 6865 9331 3962 7072 1639 1027 5137 4666 827 3481 5804 3068 3547 3140 1063 5534 1121 1570 9607 5521 8439 8591 9386 6149 9827 3803 2391 2734 2782 3905 8352 897 9026 3308 7938 8589 8955 8229 828 6202 2742 6836 5231 5888 1725 8272 538 2007 7371 8447 6603 3729 4982 3376 2458 7172 6230 1467 7163 5762 8503 6441 8052 2038 6826 9444 4475 3417 3740 8647 3394 2171 9545 6177 9914 6180 8262 1095 6097 8233 6418 6002 315 7690 4127 9907 2902 2259 7260 2422 5181 3004 9320 4485 4930 2122 6216 4351 3363 5775 5567 8548 1589 672 755 3651 1780 8246 2594 2778 3717 252 9821 1715 7206 6809 8875 4089 6086 1219 4143 8254 3181 5292 9391 1852 1351 5402 3365 9502 9894 1126 3444 7002 7567 308 6195 2234 1608 6473 5820 6322 2641 6770 5673 1833 8592 6625 7388 1274 552 1114 1480 5286 6204 6513 9653 6776 2364 7670 9567 9143 6772 9278 9986 8517 7087 9399 4913 7188 2046 4113 549 7329 1813 5099 8187 1432 9672 2132 1903 3514 1400 8724 7587 4009 2166 4820 812 7627 4379 3034 2901 8866 6747 554 4369 3612 5455 4584 3904 7655 685 3194 226 2161 3866 778 4263 5498 6153 7599 5527 155 599 8242 7395 5957 6621 8135 8282 1538 9638 9476 3760 9473 9565 815 1575 7769 2002 177 8109 5670 6681 4101 7014 3648 2603 1912 1329 9441 2502 2138 3578 4999 63 6107 5980 3169 2136 6003 8495 7207 3413 9213 6242 2415 2250 7214 2311 994 5213 4472 6433 8900 729 7744 4337 1311 5602 7416 1887 4535 1804 4054 4854 2331 4846 4541 3033 314 4320 1240 7778 3627 2878 3837 9178 5217 9663 7309 6453 4644 4531 8759 5119 6641 1167 4318 5974 4257 6663 964 4137 2714 8132 1266 8289 5162 8163 2940 7659 6017 9692 5847 9486 4445 3437 9048 3635 5733 5365 9655 4628 4164 8253 5812 6353 9609 6987 2028 6750 988 4409 6910 8531 8926 3328 4239 2942 3186 180 3340 5759 5259 8280 8621 6384 8914 3773 9073 6583 380 1298 9781 9023 7934 7184 9695 312 1272 6122 9356 1721 2131 1926 8418 3056 6055 7517 56 3003 5948 9590 7564 5346 8084 1695 5488 9719 6592 2332 6726 5491 3227 5140 348 2541 2837 7961 3979 5270 8445 6794 8050 2088 1880 9221 3356 4882 151 591 2343 2910 9569 3350 9888 6605 230 4439 3282 4664 4315 8391 2197 7414 1865 8267 7370 1824 9341 7997 8830 2372 5953 9302 9313 4657 973 6093 1202 1338 2530 272 368 8705 1541 8697 5165 7155 652 8847 7754 7423 3375 3531 8168 3622 8993 9780 2459 983 9637 1633 1674 3860 8125 3496 3339 7723 9941 7958 8800 4147 3174 9860 9152 129 8435 8608 2349 1315 3560 4835 215 8070 7403 4399 3460 6451 5035 4450 2276 6006 9628 7179 4234 3299 8319 1137 7418 8358 2098 6438 4219 84 4301 569 6509 4145 6929 2517 2186 2279 914 5000 9014 5451 203 3047 1987 1106 8148 3854 1013 661 5400 3915 8465 2454 7137 4733 2141 2506 486 7138 5699 6474 7065 6913 1967 7777 570 9924 2307 8265 6710 1581 3467 487 2911 4464 5717 3312 7284 4155 5237 4354 9712 4476 8664 9944 3208 9848 8400 2103 617 9633 1904 910 4862 2387 100 7397 3419 1962 9587 8981 9866 907 875 4515 4853 1331 1004 9275 1565 9627 2601 8471 7514 8593 5447 8185 5320 4754 7316 5413 6512 3185 7000 3629 7926 6824 1313 880 3539 1920 9225 9333 8136 2400 2776 1672 4276 9843 7575 6696 8269 1974 5645 2620 1105 3924 654 979 8515 2649 4413 7881 6248 909 5009 9516 5319 527 3605 3724 9777 2187 1766 7474 1739 491 7303 9705 8162 4987 5318 7619 8061 7058 1169 6927 998 6788 6446 6404 4059 4146 454 4530 9853 9324 1294 7166 6365 4696 3756 1737 5998 3555 8871 8912 817 4748 9568 6962 2645 6203 432 5216 1122 4225 7558 9807 2375 787 343 137 5895 6570 6601 8355 9791 2214 2858 942 4897 9967 8582 7334 8661 1374 235 5821 7892 2845 8154 7101 5471 7220 9301 7534 4182 3984 3352 3085 7010 1425 877 1591 3171 6224 213 7966 356 5214 8426 3423 8088 4806 3132 800 4912 3982 3617 1496 5368 1047 9095 229 1228 6890 3402 7169 31 250 7449 711 6562 1401 3129 2610 245 2818 3755 3403 6152 783 4211 9822 8103 5422 1918 4858 4643 9797 6806 275 5504 8214 2476 3775 8480 6114 2344 1486 8521 727 1015 3725 4901 8131 8869 8646 6364 1200 7446 1618 5712 1798 9849 6883 3298 5959 863 6832 452 3495 1524 6325 7046 1413 8779 7882 9295 5072 9408 6123 7595 361 9646 9009 2736 9149 2229 1111 3732 2745 7375 6926 2676 6415 6786 2269 1630 462 5457 6517 4529 5011 9057 3973 9547 2979 7664 16 8316 1744 7053 6496 1495 3577 1873 186 2231 6385 334 853 5954 8945 4047 8695 158 3015 2148 6247 2704 5900 122 2688 9526 4553 5466 5858 8331 1072 5705 1675 6413 3102 7869 7790 5503 2682 1947 4577 1088 1207 2284 9699 3902 7015 2664 6133 7646 5530 5477 1408 2972 8825 722 6162 6463 9845 6838 4142 8342 1310 9657 387 1037 8757 6110 9919 2805 1930 7689 1862 5829 3051 1222 702 9272 4430 7215 6971 5310 1822 3283 6422 8573 259 7032 9504 1952 777 4195 3971 4224 7853 6392 4245 9413 6515 930 2336 9020 3500 2068 9056 8956 5582 5522 7523 6274 3868 1226 2868 8897 1760 886 4520 1014 6877 7219 7228 8701 6183 4124 773 2657 6073 4163 3804 1307 5848 112 3929 4827 3542 1262 6310 9852 6602 317 4723 8569 1659 4382 947 2057 357 6707 2275 5246 4549 1535 8731 1856 9425 4815 4758 4547 1928 8755 2351 7877 624 7086 4612 3472 8947 8780 905 6730 5652 5212 1602 7168 5379 7346 8417 2291 5204 9430 8726 3188 9456 2241 6585 1042 125 5244 501 6935 8804 5755 7394 1690 3926 4041 9298 7589 3812 9779 396 8969 8028 9830 7117 4542 8891 6297 2338 3427 663 5085 6134 2389 6309 7598 5552 7893 2399 8745 1934 8682 4474 8441 4726 5079 6787 38 2296 5389 7752 8941 5564 4618 6580 5299 1347 7139 7268 5654 4687 2487 695 5514 5366 3795 9169 114 3661 3762 152 913 4427 7426 2616 7623 1078 7125 5295 2450 5136 6724 9883 5897 8007 707 2263 382 3464 2164 4567 7073 8484 2160 5756 216 1079 5351 9510 748 4596 1724 5996 8143 8199 1964 884 2922 960 4048 6887 3153 4965 8160 1216 6040 7914 3127 4218 4264 8085 2577 8016 5496 7978 51 9332 2607 5636 7891 4510 4703 9942 98 1679 3244 7018 1250 7901 9808 4743 1883 4789 8656 2434 8894 1089 5185 8550 4742 4845 4907 1397 6807 8675 2079 6666 2176 710 4078 1837 8669 2453 456 6769 4156 8354 5150 532 8273 869 306 2268 3442 2874 9330 7355 6200 4659 3969 3951 7178 8288 1751 2093 4941 9201 2419 6911 1761 978 986 8076 4410 5893 1551 2990 7104 9022 2213 4988 5595 1085 4149 508 295 364 9732 458 2514 3667 3115 7685 7897 5404 6843 1451 9385 405 4875 7005 3884 5650 9854 7255 4417 9254 169 7157 5889 205 2032 5360 4190 353 8680 4184 4169 9713 6869 2076 1734 6586 6644 3235 4265 3565 1546 2155 4327 2244 6560 3213 430 7152 9701 8350 5266 347 1849 5469 254 2100 1628 5667 7845 8786 3610 3232 4749 8041 1886 8010 9279 1326 6199 7141 3420 5987 2050 5024 940 6173 6991 2212 7935 5388 1757 2500 1732 3529 1466 9218 2495 2235 3784 6148 5583 6944 5680 8038 6985 5454 5742 3778 3357 5951 6934 5568 8638 2219 2047 5894 4314 2903 1247 7846 1638 5789 1521 3334 417 3432 3205 9183 9116 5126 2446 9081 1840 9100 3967 2404 9816 5718 7372 4481 29 6061 6372 9309 1144 6341 2143 9575 7865 5751 48 9327 274 9758 3302 6889 4085 9055 2258 7618 1900 5873 5203 5071 9045 1171 2397 2702 4166 6626 175 5744 8944 9533 482 7076 4023 9478 8782 546 3988 943 86 5472 9268 2680 2962 3477 6810 3892 706 972 1939 6223 9756 5952 6048 1337 4935 3225 9716 1965 9809 7626 436 1092 5012 6070 322 246 5601 4787 7953 673 684 9915 4441 2614 4768 3156 3329 3310 5301 4056 1296 6860 7182 8685 1281 4626 9601 6292 7693 2182 7167 2520 5978 856 2897 3633 7814 3026 6533 8832 9647 3137 283 8385 4282 5557 2172 6461 7406 5735 4266 8624 9536 9484 2785 8934 5643 3411 9276 136 2964 9290 8453 5303 8765 2755 7378 7658 1149 7338 4844 6279 2730 6487 2135 5757 1418 2381 9725 9208 7672 4375 1758 1384 9115 3502 2209 5669 6634 4018 6980 5030 4908 3567 3387 1828 5661 9462 6972 8534 9096 3568 5620 2546 492 5336 7802 9764 5195 9711 2913 8641 7102 5549 6982 1944 6132 2437 3452 2572 5833 2014 2468 831 4027 8855 9198 6452 1615 8699 5913 7801 8474 1293 1346 2074 6735 9271 5692 7359 9531 8091 5509 9666 1879 7208 7315 8451 6015 7175 278 3613 518 3036 5946 165 2877 5314 1505 8717 1236 1323 494 7728 4082 4272 1212 3193 7205 5516 6187 7584 8188 3469 267 7193 5235 9501 2987 675 6664 6737 3307 119 7003 8648 7792 6185 3374 5386 5016 6264 6226 7794 3037 2196 3673 8290 7524 7751 5581 3720 6068 1324 3832 7434 6816 25 7977 9452 8609 4340 2589 5657 2542 8179 4131 124 2298 9195 2208 728 826 1 (#9649)  Cost: 5072558
1 4429 1 (#1)  Cost: 39652
1 3521 1 (#1)  Cost: 39560
1 5378 1 (#1)  Cost: 39358
1 6847 2765 2569 474 3014 4986 1316 3960 5955 4010 9588 9549 9144 5659 6686 4864 5166 5173 819 3828 4831 9589 547 9350 6268 6680 3827 7757 5825 1776 4832 7095 1000 9283 7520 2253 8938 9584 9398 9926 7727 5405 772 9400 2411 1851 7710 1653 3768 4774 5127 1319 2470 7644 1571 6163 8857 2037 3781 4015 5268 621 1927 859 9075 3243 2335 104 9602 7585 496 1186 8054 1061 5655 9482 3247 3424 5573 70 7126 3204 8616 893 1678 6284 4674 8075 1151 8000 7755 5309 6380 8415 6228 3689 4994 1986 5054 6925 7572 4074 3757 4711 5183 1159 3659 2480 7425 9875 8327 7851 5274 5977 9936 4438 9802 1625 49 2424 6351 4997 1663 7392 6840 1270 2130 6440 8629 6288 7051 9707 9375 5663 6227 3639 1968 1977 4707 8014 1248 4760 7277 6510 9530 1916 2384 9487 3425 437 3101 3494 6081 9995 9500 5018 9897 1318 1550 5631 5493 1227 2290 6742 7007 2371 8972 2753 1940 6995 6408 3532 1203 3407 181 1752 9085 4699 1957 969 2223 1412 8715 5176 8198 545 7115 4983 7151 5393 5525 2252 9447 6280 2102 7860 6289 2935 1843 1016 7266 7383 7553 7049 5532 2996 9289 6495 4944 5120 596 4199 4325 8363 9945 6468 3018 1153 9326 2985 7191 725 1 (#222)  Cost: 123301
1 1596 1 (#1)  Cost: 18438
