100 7
50.0 50.0
69.294 44.953
68.874 36.961
78.465 27.935
30.912 56.482
90.305 31.148
75.658 78.331
85.596 38.839
76.84 27.52
79.375 27.892
23.323 43.416
77.904 25.394
85.449 35.246
95.701 37.764
20.064 73.605
79.291 67.144
18.322 69.713
51.1 59.071
70.513 45.099
39.093 41.705
17.45 63.269
30.523 81.962
62.354 25.147
72.164 12.329
23.71 54.632
72.97 37.08
24.491 57.674
34.722 56.409
74.824 72.219
84.135 64.594
70.142 24.354
32.944 61.695
23.869 40.457
22.851 62.863
30.3 57.34
87.665 76.1
24.339 64.758
73.065 63.606
9.981 42.007
90.479 36.634
57.008 63.838
72.441 41.098
34.191 77.244
65.865 78.564
37.48 38.108
76.692 62.466
88.103 88.085
65.31 73.116
79.687 37.728
24.483 41.457
32.064 63.26
34.742 72.144
79.823 64.856
41.353 45.402
81.096 19.29
9.852 58.123
84.442 77.216
19.444 31.565
73.296 74.262
87.204 74.769
66.619 75.763
87.781 88.124
35.605 62.616
30.399 43.957
15.343 65.595
32.66 50.267
74.806 32.649
69.504 22.749
57.916 34.735
63.926 75.192
19.311 39.609
64.31 71.301
34.662 49.323
79.512 70.119
36.812 67.252
73.564 71.107
23.055 64.878
81.788 40.311
27.825 59.974
88.348 41.744
75.556 29.768
39.175 43.311
86.742 77.565
63.2 78.483
82.713 32.381
71.944 71.715
75.917 81.707
76.068 71.906
31.932 62.113
63.865 23.297
75.147 67.84
83.586 49.345
37.808 66.342
35.653 72.418
9.485 49.291
82.55 29.606
68.483 72.89
66.003 29.343
77.322 63.571
67.035 16.756
