200 7
50.0 50.0
63.657 11.343
69.603 24.798
74.396 54.672
74.359 27.703
22.822 64.782
88.923 46.961
89.337 29.758
75.448 18.59
36.71 56.624
26.182 38.53
81.019 59.013
63.094 25.598
14.903 61.525
31.566 48.582
82.833 61.552
73.897 30.596
23.693 61.673
31.288 61.233
90.818 59.541
66.306 44.724
73.741 28.731
71.836 43.316
36.54 53.894
74.79 56.124
69.557 30.249
80.543 60.659
73.407 54.703
86.619 17.672
74.896 50.952
86.543 20.714
28.615 47.552
86.18 23.179
35.78 47.181
70.929 13.105
75.393 48.9
10.41 45.472
73.065 59.502
36.88 55.169
85.116 16.953
74.968 58.501
21.763 65.068
80.395 18.055
79.699 25.367
72.216 31.697
67.61 42.138
72.35 55.753
24.177 55.757
39.652 56.966
77.229 15.524
29.188 57.416
71.052 45.898
29.836 62.88
70.5 51.12
74.993 56.681
77.8 19.593
24.796 51.737
32.593 63.177
76.921 25.411
72.401 27.591
57.824 10.275
70.668 49.772
84.651 12.064
82.136 36.968
69.945 31.965
21.312 64.524
66.61 53.217
80.207 26.333
68.671 56.753
65.158 68.241
80.022 57.433
14.15 32.551
19.986 56.513
75.223 19.82
65.074 67.931
65.686 45.299
84.918 29.539
74.171 56.302
23.044 64.068
81.547 22.534
24.988 48.402
84.127 32.803
34.438 48.665
38.207 37.039
31.232 58.726
80.892 56.748
85.062 60.009
76.424 18.527
70.184 46.901
33.159 60.762
30.214 48.105
89.392 49.913
28.213 63.592
75.819 28.969
82.433 30.033
75.952 30.713
63.686 32.623
56.422 56.667
95.428 50.99
77.896 21.386
76.258 23.111
20.805 45.76
74.984 47.135
39.095 65.572
31.247 51.447
92.329 29.088
73.528 20.149
69.723 62.13
44.111 53.11
70.381 13.578
73.154 50.561
82.372 27.561
83.81 21.708
68.55 40.453
81.261 20.543
85.904 28.36
31.326 55.994
66.081 54.631
71.485 23.69
62.694 56.193
88.93 16.49
35.717 46.162
57.753 57.961
91.741 42.252
26.71 56.648
28.029 42.231
80.401 27.49
69.732 51.399
78.318 11.473
63.032 50.102
15.451 59.123
86.009 19.426
23.699 55.793
33.758 65.777
24.985 49.121
32.887 61.886
70.394 27.148
62.747 25.601
69.846 24.935
81.879 35.857
30.661 66.416
30.147 47.575
91.994 30.368
67.929 49.622
67.78 18.565
83.526 16.336
13.033 51.847
77.539 22.89
70.46 20.194
76.552 18.481
79.581 52.873
75.661 43.555
29.808 58.199
15.41 61.799
31.54 50.89
74.488 54.603
83.688 60.118
77.761 65.229
75.858 13.309
26.733 60.669
31.428 50.31
20.938 80.832
23.107 66.075
73.093 31.394
78.764 36.841
26.483 44.052
78.636 7.088
76.201 33.577
69.924 52.473
21.306 62.681
31.848 55.03
19.351 49.304
23.444 55.49
72.489 45.161
24.551 60.388
16.469 65.506
25.486 60.043
73.842 31.525
41.587 59.215
32.366 45.508
15.085 72.99
23.361 61.513
77.479 60.876
77.505 45.031
24.075 51.173
80.113 50.445
33.445 65.164
66.682 56.622
90.002 59.107
17.609 59.568
32.047 49.773
83.593 18.693
87.929 18.11
26.775 57.556
75.766 55.68
76.573 64.103
79.444 64.604
41.258 66.48
79.719 14.959
67.494 13.292
