500 5
50.0 50.0
45.332 32.964
21.376 53.528
21.723 60.578
23.596 43.603
26.888 31.722
29.014 81.398
39.171 46.561
18.206 58.307
46.586 25.885
25.339 75.936
20.108 76.096
35.252 34.253
26.872 75.862
21.075 63.674
24.424 51.231
36.865 25.354
29.454 81.677
23.654 71.16
26.661 78.133
25.841 40.025
26.875 67.963
41.961 26.739
25.135 56.581
36.492 71.516
27.099 57.195
30.218 15.094
30.772 66.762
28.682 76.482
23.018 7.426
60.169 12.192
35.12 50.712
37.553 24.774
32.424 75.032
49.356 25.833
39.207 28.798
26.14 26.427
43.438 23.804
31.325 42.779
49.525 23.613
24.66 55.099
36.918 67.763
24.776 46.972
36.071 31.763
38.361 52.579
26.242 77.947
31.834 65.168
30.054 22.603
27.261 87.861
19.287 23.9
26.27 63.829
36.529 27.41
24.363 43.874
28.736 36.412
34.511 21.749
15.845 62.659
27.143 51.207
20.811 80.908
38.649 22.978
31.193 22.382
34.753 73.386
19.784 83.979
40.373 16.452
24.638 81.962
39.054 30.495
19.084 74.697
22.458 19.951
13.556 70.806
41.336 64.07
27.977 84.981
31.256 7.096
28.228 77.905
32.788 22.172
41.41 69.447
15.05 46.914
20.354 82.499
24.42 64.443
18.071 81.977
35.841 47.144
27.599 84.014
32.177 57.259
28.097 84.346
18.734 62.105
34.409 66.301
39.511 29.873
47.019 27.293
49.121 13.717
14.733 67.915
45.417 29.593
51.592 27.365
36.275 21.645
15.763 60.464
18.887 54.719
15.605 91.262
44.294 22.792
27.879 58.113
25.908 59.737
50.704 16.472
39.919 55.125
24.375 81.879
42.374 19.875
35.901 30.478
26.229 86.065
19.147 65.066
26.71 38.737
37.564 24.083
47.824 33.44
46.985 31.962
42.937 32.743
30.197 63.925
43.062 33.002
17.625 55.125
24.941 38.548
36.015 15.737
10.333 85.819
28.988 78.086
25.534 20.148
32.002 44.429
31.913 25.32
49.834 33.396
20.593 71.964
7.467 41.796
34.134 32.255
24.236 67.395
42.597 25.525
34.779 26.786
23.861 80.298
34.06 65.285
16.465 60.991
20.859 65.813
40.75 39.564
26.08 80.282
42.556 21.324
27.973 24.477
39.644 29.484
20.314 77.917
10.538 71.941
32.104 69.487
26.82 47.629
28.128 83.199
26.999 66.915
13.154 62.994
20.02 84.546
32.813 73.871
33.622 23.499
34.88 75.455
19.254 65.625
30.639 30.223
3.345 83.541
19.423 73.85
50.851 23.113
23.801 91.385
37.576 38.04
19.061 87.308
25.043 48.753
33.497 30.044
42.39 26.565
20.284 52.728
34.109 67.133
11.405 77.978
26.807 46.677
22.016 69.786
47.641 35.851
4.434 87.431
31.704 80.55
38.452 31.084
25.681 88.578
18.157 85.425
23.142 95.067
30.511 56.257
33.621 66.861
20.746 48.742
30.148 24.645
26.989 75.092
46.121 7.605
23.791 51.45
35.99 47.436
20.627 71.202
36.978 31.269
30.78 61.657
17.14 75.104
29.773 65.191
42.988 17.284
38.462 62.952
25.93 60.203
52.317 16.64
5.615 78.492
40.694 28.569
42.645 12.207
41.683 24.774
20.712 55.349
18.927 79.007
14.175 77.339
23.434 50.258
31.549 43.776
24.281 66.847
24.015 20.832
16.546 87.559
40.625 27.751
42.895 25.032
23.191 76.024
38.812 26.273
34.925 36.655
28.285 21.422
40.444 22.571
42.751 25.83
19.724 73.865
23.422 43.54
18.597 74.832
26.201 49.463
18.323 77.469
28.686 13.164
17.064 56.297
20.957 87.512
20.868 88.594
31.841 23.709
31.684 16.641
56.188 29.288
31.875 17.983
28.892 44.921
26.057 50.085
30.932 37.163
33.456 47.805
27.409 63.72
21.327 64.699
39.49 82.519
34.443 35.792
31.687 54.614
19.26 59.893
33.195 28.647
30.822 62.508
27.364 74.218
35.823 28.906
34.818 36.71
41.971 52.469
17.361 69.947
39.983 35.452
11.895 77.606
22.426 76.15
35.608 26.4
16.023 72.017
38.326 76.536
20.323 49.718
22.118 62.267
13.071 85.422
16.575 77.126
46.863 8.801
16.072 50.295
27.699 30.801
31.703 43.466
25.194 98.217
33.962 38.013
27.45 78.994
27.818 79.768
19.57 60.781
16.439 85.789
22.675 71.085
13.515 60.125
34.175 69.102
47.235 22.161
28.246 30.358
31.214 92.798
37.892 15.442
35.317 68.739
31.092 67.558
35.486 53.564
38.196 75.185
21.085 66.969
29.329 26.346
22.4 90.063
33.732 23.877
27.054 55.736
45.558 48.28
39.713 25.075
26.326 83.085
14.14 87.879
20.913 81.06
25.892 31.737
15.249 54.737
24.751 88.394
29.164 57.852
19.194 47.693
27.52 83.017
61.181 15.491
13.956 71.553
5.611 76.654
36.748 19.626
43.281 41.099
3.23 59.2
38.289 25.495
23.433 69.915
25.776 59.157
30.374 82.119
15.425 77.207
24.353 88.068
26.848 76.287
29.4 77.906
14.153 58.461
40.476 40.981
23.54 66.192
23.781 65.505
16.797 93.616
31.156 39.999
7.792 60.207
10.487 72.133
44.972 30.017
34.517 70.348
34.278 39.204
25.811 36.367
31.305 14.381
19.577 78.967
39.709 29.93
23.042 57.163
37.748 37.374
29.031 62.527
14.018 87.749
31.542 83.38
24.747 68.071
38.495 47.341
27.28 20.97
26.853 32.378
18.956 83.08
18.879 80.149
44.186 33.455
18.259 62.714
23.097 57.404
41.329 84.863
21.478 36.56
28.605 67.793
29.408 82.43
21.058 73.438
19.752 27.055
29.67 84.767
43.525 25.911
24.205 75.504
17.201 46.51
27.015 39.012
33.281 36.944
42.744 25.419
26.553 64.255
24.959 58.442
12.738 50.963
15.372 89.715
19.174 21.532
34.56 23.517
30.426 35.999
24.237 68.88
36.778 52.083
23.8 83.471
23.501 81.138
31.26 39.87
32.592 39.116
51.136 18.303
15.013 48.658
17.45 78.342
20.738 74.189
39.043 28.564
35.983 23.03
29.945 63.852
35.687 7.196
38.943 51.117
33.128 57.423
32.073 58.088
25.963 76.149
35.976 42.926
30.96 32.657
46.433 19.472
28.759 19.927
39.043 11.428
24.026 77.123
35.031 45.457
22.423 40.863
26.031 38.706
31.887 52.275
46.509 21.919
19.298 51.767
30.044 46.224
23.931 60.302
33.881 50.488
26.937 68.812
34.686 82.612
48.436 63.035
25.386 46.14
50.292 24.313
30.767 72.659
20.249 45.029
33.87 51.134
20.663 48.173
27.399 53.166
27.735 73.745
43.81 30.084
35.996 9.243
49.532 26.614
39.192 22.839
14.515 86.552
24.216 90.543
31.395 50.277
45.842 62.471
48.523 21.512
28.333 35.598
29.075 34.3
32.731 84.062
26.762 85.78
50.248 28.967
50.561 32.06
16.662 64.114
25.293 88.927
16.813 60.915
26.903 64.196
25.128 79.321
36.085 29.479
40.427 21.283
30.009 74.119
48.949 33.708
36.006 16.349
41.623 25.968
27.054 64.172
37.954 30.911
23.766 88.524
5.583 80.892
13.949 60.106
41.705 21.118
39.428 20.296
32.934 24.058
29.289 93.175
31.432 55.906
17.954 58.496
30.377 53.324
27.894 78.775
26.418 24.416
30.246 27.257
39.036 80.741
42.118 40.104
16.779 77.538
19.375 76.851
26.12 59.921
36.71 19.892
32.586 44.277
44.669 36.397
39.475 22.482
55.251 31.476
35.041 46.313
15.675 89.763
32.189 63.07
27.442 83.818
41.441 33.536
28.034 66.784
41.372 30.991
23.305 79.44
27.299 15.406
34.222 16.196
21.321 79.8
28.839 34.344
30.737 54.188
36.007 31.508
19.013 58.584
31.325 62.906
32.78 65.127
38.735 17.693
24.915 61.617
32.87 58.069
36.661 60.618
20.352 79.379
37.829 71.082
18.274 82.835
25.685 58.072
25.274 58.949
23.74 25.659
30.405 94.715
22.459 87.844
38.565 30.527
37.084 46.176
23.416 45.968
34.939 50.379
52.974 35.387
26.779 51.558
24.847 61.079
30.868 52.711
25.724 81.838
29.828 49.731
31.04 55.496
22.275 49.011
40.429 27.037
26.674 20.981
24.845 77.479
19.42 57.029
20.953 55.961
43.879 22.525
37.918 24.639
30.923 57.776
46.742 11.208
40.055 29.626
22.908 75.983
38.671 44.812
21.531 61.41
26.62 29.197
20.518 53.876
22.571 50.547
20.729 76.502
30.326 69.948
