200 5
50.0 50.0
21.672 67.327
30.941 46.251
13.413 55.499
70.642 23.612
24.243 25.569
15.961 57.162
55.049 44.768
86.732 16.718
20.974 71.024
63.95 43.332
77.109 16.831
57.112 29.347
16.851 44.717
13.504 25.84
58.155 17.813
26.306 41.123
21.568 48.514
27.39 28.006
11.505 59.523
86.689 28.193
60.013 21.406
14.459 40.788
22.38 45.922
56.572 23.024
25.921 64.923
0.048 33.434
25.34 61.956
16.679 62.18
55.462 35.587
21.45 54.674
25.369 48.637
77.421 18.827
72.208 27.093
17.691 66.193
67.115 33.127
71.849 27.732
31.061 67.58
80.053 32.015
13.498 28.427
69.452 38.033
29.483 42.745
18.312 67.142
64.234 31.738
12.117 43.994
50.132 17.271
20.622 43.261
65.543 11.797
17.53 69.714
56.942 32.147
78.706 1.94
23.856 51.313
71.496 18.834
15.722 44.914
22.35 33.76
18.362 40.153
51.729 29.795
11.202 43.731
19.333 72.1
40.816 21.027
75.692 18.762
76.398 25.712
27.577 48.594
42.201 32.709
28.163 64.456
79.068 23.605
5.531 58.966
53.755 22.72
77.578 22.402
19.554 47.333
11.073 76.083
8.557 62.244
19.993 66.769
84.235 36.66
5.974 58.151
24.653 65.132
14.561 49.31
77.162 28.39
57.211 22.223
81.995 21.908
76.484 22.068
29.09 65.643
25.483 65.189
3.931 26.681
19.899 52.331
46.239 35.937
18.996 35.466
76.596 16.995
88.818 21.17
9.356 46.956
92.675 22.567
82.683 28.954
52.365 31.618
69.241 24.848
23.013 70.74
11.035 45.064
26.309 51.927
63.973 25.449
21.45 43.129
44.573 57.355
29.769 26.434
24.161 70.115
27.142 68.648
59.861 32.557
67.057 32.122
25.529 61.602
71.902 33.258
80.154 15.978
69.956 22.782
23.054 56.434
81.614 32.509
16.574 33.937
16.479 54.048
66.037 23.96
73.357 27.843
17.255 54.685
82.206 32.393
89.388 17.944
17.584 47.839
48.941 19.657
58.949 24.676
19.615 73.104
14.095 32.796
22.876 41.098
13.538 62.497
83.723 30.236
36.291 69.293
79.764 16.044
81.585 24.619
67.207 37.376
67.384 22.05
65.761 13.224
57.661 20.088
57.869 23.366
23.391 60.568
11.911 71.547
62.247 30.791
70.977 31.859
29.949 34.896
77.929 11.981
18.277 66.573
26.575 47.553
10.539 67.252
21.903 42.771
69.11 31.541
57.292 35.712
23.592 63.518
15.025 42.03
20.778 31.612
16.965 30.058
55.628 48.695
69.079 15.809
33.146 37.394
57.91 35.178
55.656 35.005
18.705 45.657
13.855 67.447
24.226 53.039
25.292 58.914
28.314 67.942
10.39 60.379
30.639 44.394
58.577 12.264
12.979 65.167
27.444 38.192
13.697 50.883
50.747 42.891
12.309 78.369
80.876 29.58
53.177 23.132
17.858 71.72
76.789 30.519
50.301 35.901
14.077 60.423
86.377 21.617
64.995 23.75
17.15 34.593
19.229 53.321
80.105 32.926
24.413 53.952
88.538 15.345
68.688 29.394
70.84 44.269
24.601 37.503
17.276 56.312
20.002 40.691
18.753 34.594
63.674 35.371
62.273 17.904
79.853 17.796
22.801 64.362
76.839 20.625
60.858 28.543
71.79 49.358
60.556 23.593
87.49 4.105
28.097 50.908
54.364 28.992
68.121 26.297
13.418 80.506
