1000 5
50.0 50.0
14.906 43.431
30.873 39.065
32.883 34.176
29.039 29.885
38.568 22.074
21.202 51.008
28.496 38.636
59.797 60.726
70.755 71.063
26.619 48.85
87.521 79.628
49.781 70.958
42.076 73.85
30.717 26.546
37.652 80.493
77.358 70.627
12.838 40.129
34.481 48.422
36.305 69.735
75.754 71.081
67.742 73.213
67.588 73.171
32.812 19.987
51.872 58.047
28.453 38.245
43.511 74.796
69.377 65.852
23.198 40.75
19.383 36.021
25.487 42.237
23.547 36.758
33.246 40.284
38.957 37.977
21.085 19.737
30.141 88.284
50.669 62.902
46.461 60.893
28.754 33.29
35.768 15.495
44.529 84.876
40.079 73.32
19.697 50.446
52.385 69.139
35.913 87.084
23.816 29.161
30.742 23.266
30.29 75.377
38.147 46.009
36.138 55.406
38.335 25.902
84.781 93.675
30.302 51.539
35.687 67.6
29.996 33.026
49.37 64.068
28.945 37.282
45.702 72.307
38.36 72.457
83.222 72.549
31.445 29.032
14.577 29.582
25.153 40.626
81.468 73.711
23.675 43.391
31.601 36.206
81.612 58.999
30.278 46.243
30.435 69.298
28.39 50.787
25.76 33.048
20.912 24.841
18.038 27.714
53.062 73.543
57.713 77.35
34.211 21.019
15.999 35.406
42.622 84.655
72.891 68.34
35.8 28.025
30.371 55.039
42.626 77.206
31.619 63.512
33.486 43.821
15.093 55.526
26.163 26.416
38.383 80.173
15.602 44.467
38.076 71.71
82.881 75.327
45.427 69.244
35.504 42.15
21.953 24.37
36.73 73.958
21.777 36.744
45.192 63.239
22.157 33.875
31.986 73.344
49.493 79.267
36.494 83.531
59.101 17.099
21.265 47.538
31.338 71.351
65.526 83.365
38.248 31.976
34.413 48.233
44.427 43.898
45.593 76.677
82.599 71.254
79.949 70.213
44.145 71.69
36.983 78.196
31.157 35.327
32.443 39.263
62.186 86.965
26.909 22.277
24.085 50.805
30.755 34.76
18.234 61.928
18.756 18.365
81.8 83.713
71.92 62.364
43.336 18.042
74.841 72.601
37.899 69.482
49.209 72.343
24.472 41.535
36.791 68.054
36.858 76.634
69.889 70.332
21.907 39.394
75.636 77.205
35.904 24.714
84.892 58.208
51.857 81.373
82.249 74.172
22.032 21.061
27.707 54.59
43.988 46.959
40.526 78.888
34.418 49.33
30.06 47.558
33.23 31.915
75.018 75.442
71.914 69.349
38.072 25.51
83.212 73.922
76.84 63.837
34.147 45.806
55.615 66.832
83.692 75.528
12.2 51.031
42.191 76.731
67.994 69.385
14.224 54.118
72.749 74.381
34.537 48.035
28.041 78.212
19.939 26.976
32.17 38.791
30.423 24.391
54.922 70.139
38.63 69.379
52.046 62.19
74.587 63.744
69.706 79.783
18.333 25.773
83.145 70.942
23.969 42.483
24.496 41.38
51.894 64.926
17.944 59.677
31.619 25.408
23.352 76.019
40.679 57.23
26.992 42.392
71.632 67.049
32.321 49.708
34.034 69.023
87.719 68.345
88.74 77.65
19.33 47.269
33.742 36.152
68.454 76.641
42.397 73.344
28.63 12.44
71.474 76.509
74.759 78.465
77.623 60.856
30.353 89.217
78.174 89.947
38.403 73.112
40.326 23.83
23.446 27.816
50.64 73.557
33.491 25.391
37.339 30.274
76.288 85.79
31.837 75.542
78.388 73.064
19.542 29.65
85.787 61.76
40.376 36.543
44.688 79.432
20.318 62.745
82.293 74.606
15.695 28.278
73.88 73.832
45.043 25.267
70.084 67.898
33.27 28.355
23.024 48.73
27.537 54.616
51.511 62.289
69.327 94.053
22.345 21.618
30.317 51.448
32.833 27.247
9.484 24.021
84.088 64.283
49.067 53.905
29.536 27.831
54.449 68.002
22.721 53.587
11.256 54.169
83.494 70.044
39.412 31.535
85.747 84.143
54.14 50.687
78.545 82.418
21.763 31.884
40.05 79.648
28.838 68.761
15.043 23.311
18.107 40.965
21.269 20.605
33.823 64.335
84.604 87.668
81.964 60.509
76.748 79.015
46.174 30.109
91.458 66.42
28.688 20.973
88.334 73.085
43.434 77.624
83.321 67.739
15.113 37.024
22.191 36.271
18.601 33.18
79.025 76.154
31.145 38.373
35.295 45.125
29.982 15.597
37.74 55.481
68.085 90.69
25.789 33.486
78.062 68.433
35.029 65.935
33.432 77.397
35.053 37.882
26.882 13.944
36.43 76.839
40.127 78.119
21.533 30.551
93.892 62.961
12.634 33.754
28.847 26.909
80.593 63.318
38.164 34.209
33.405 11.856
33.984 36.82
40.683 80.458
48.867 68.397
67.614 71.208
92.429 68.12
27.451 29.273
24.122 20.937
53.688 74.298
40.347 54.025
41.987 58.877
25.33 37.932
44.689 72.609
69.312 68.856
25.985 31.107
31.866 57.849
71.69 78.745
34.68 63.315
36.751 62.527
39.487 78.267
74.638 56.946
33.993 23.743
32.703 46.749
69.505 72.19
27.239 69.421
26.803 33.697
28.337 30.951
69.24 82.054
35.15 44.568
68.311 77.155
37.44 83.328
24.033 53.056
37.963 70.815
18.922 29.277
29.764 25.931
37.92 46.815
23.244 16.602
79.42 71.476
7.406 48.804
25.668 53.791
28.036 12.578
24.176 54.81
87.274 64.037
69.073 78.72
48.55 61.155
82.206 74.91
74.062 69.363
13.916 35.753
76.439 75.262
78.55 77.322
31.355 10.449
44.192 62.556
19.935 33.937
30.361 14.164
41.192 53.014
45.353 42.025
21.421 52.792
33.172 81.767
39.616 58.805
49.107 76.206
88.566 64.807
71.511 77.263
28.712 48.128
15.987 36.656
30.767 48.367
41.195 77.31
27.1 59.078
56.937 65.697
42.986 79.151
35.986 79.374
41.689 74.07
27.137 80.745
23.279 37.161
35.02 34.338
51.899 59.943
30.393 46.233
42.3 63.274
36.779 72.872
29.883 53.195
47.054 75.622
17.52 60.663
14.438 49.308
27.637 83.357
46.642 79.338
34.245 65.036
69.297 71.287
78.315 75.411
79.486 75.394
30.778 63.4
17.151 33.03
28.375 33.153
80.183 73.818
74.885 82.114
93.553 75.941
81.667 90.001
29.97 26.265
36.211 74.745
36.462 42.288
32.155 72.666
20.708 32.584
77.127 78.21
20.795 34.376
27.604 45.251
10.496 52.019
71.268 59.63
39.011 72.234
25.194 54.332
15.378 20.561
19.003 61.513
24.875 75.24
74.394 72.616
29.737 37.546
43.491 62.932
18.373 42.593
40.923 74.156
52.892 68.742
79.929 75.611
48.003 77.501
48.039 71.142
20.022 44.162
45.498 69.349
32.012 73.117
67.246 82.07
10.304 51.199
40.149 75.929
21.166 20.651
24.155 33.002
31.271 59.258
47.146 70.458
46.231 81.197
25.696 16.606
80.404 74.276
34.679 39.305
26.114 30.502
43.76 68.855
43.068 61.3
76.64 58.415
22.319 66.335
41.83 77.084
77.013 77.487
30.768 47.824
42.077 44.853
62.697 69.712
53.24 75.644
46.635 82.037
21.706 73.502
90.764 68.792
37.602 70.232
23.741 50.707
25.673 19.019
30.81 53.408
42.016 39.862
21.872 30.135
25.883 41.899
74.706 53.082
24.95 21.767
58.053 81.303
24.292 27.815
37.473 42.445
16.727 41.097
55.279 78.505
22.687 21.858
5.823 37.557
48.377 85.396
32.895 34.546
40.468 87.023
49.153 82.739
45.704 63.313
71.686 66.084
78.208 72.665
26.147 38.631
45.503 33.278
88.71 71.387
43.349 76.473
53.172 71.837
51.35 66.945
35.085 22.49
85.672 64.003
65.302 74.144
32.874 72.24
36.213 40.458
40.205 62.57
25.78 47.357
26.241 59.152
36.72 34.64
36.521 70.937
37.617 54.276
34.14 26.688
21.92 44.576
32.374 52.256
43.323 88.373
17.565 39.262
34.636 64.808
23.322 51.33
83.948 80.304
33.089 56.903
38.505 19.647
36.316 32.018
35.942 61.877
35.471 19.071
81.78 78.427
33.4 52.082
33.573 78.297
26.13 59.291
26.566 52.078
89.309 77.701
18.597 59.177
46.821 66.261
76.555 70.682
17.859 64.24
31.437 28.619
30.377 59.997
29.875 15.511
72.013 65.374
52.109 69.813
25.712 64.954
16.875 57.928
80.734 84.131
73.132 79.767
50.754 74.337
86.549 60.545
74.537 74.923
69.031 76.239
78.611 72.27
83.52 67.715
82.153 71.507
44.136 76.448
82.441 65.244
21.854 29.551
44.371 80.854
54.427 76.774
35.516 28.906
25.488 27.659
38.169 44.9
17.965 28.177
27.634 22.172
49.516 71.202
85.712 89.087
29.691 56.698
50.608 67.674
77.329 65.46
41.635 37.778
81.479 83.263
37.727 45.353
83.927 60.895
85.249 77.454
21.015 81.286
13.141 42.826
82.135 86.096
38.011 74.913
29.329 73.108
78.781 65.82
12.331 31.579
18.854 21.137
14.827 26.55
88.218 72.096
34.251 72.731
29.844 21.545
74.158 77.118
72.304 72.535
33.686 26.83
29.865 18.204
43.779 81.086
78.378 76.376
29.115 45.705
85.549 73.783
47.878 65.959
71.61 81.67
42.01 65.095
22.034 41.695
19.355 42.354
67.216 93.02
38.983 84.47
28.605 76.953
36.313 49.619
42.242 87.323
44.346 82.295
46.51 78.669
38.986 29.703
28.449 47.879
25.17 35.384
27.897 42.166
25.279 25.728
25.278 50.438
37.579 70.718
35.133 28.136
21.221 38.843
32.052 50.756
34.902 32.51
40.055 80.728
37.9 66.833
36.247 62.146
39.909 21.725
89.978 85.674
71.345 73.901
41.756 83.155
35.899 45.437
33.025 35.391
36.023 38.096
18.714 38.009
31.272 39.57
79.523 65.19
33.488 35.535
18.156 23.992
80.632 69.638
28.918 19.167
38.022 84.695
79.349 81.765
24.658 24.303
25.358 71.191
22.924 60.442
78.034 77.765
22.451 30.194
67.381 78.841
74.069 71.18
27.156 24.489
66.446 82.915
35.012 81.713
80.109 69.92
22.769 31.294
40.001 40.314
88.231 77.458
29.266 29.812
73.108 79.073
43.573 85.927
28.096 63.016
79.747 75.366
27.272 36.965
86.888 76.238
78.864 83.286
55.579 75.949
25.663 33.938
86.642 69.207
17.04 40.653
40.674 43.11
49.959 82.59
22.204 46.927
17.422 44.141
24.092 37.399
41.991 73.493
88.06 79.629
84.123 81.389
74.603 57.372
34.417 18.641
19.167 53.055
29.526 55.914
18.814 43.496
86.086 74.645
30.886 32.194
68.22 78.197
84.764 61.818
28.722 42.249
80.617 64.891
73.668 73.376
88.724 72.201
28.107 49.816
72.221 80.337
76.585 78.096
27.172 16.241
51.385 69.762
28.745 39.52
24.16 63.824
31.183 31.873
27.49 31.401
34.199 24.034
30.971 16.301
76.219 83.307
23.186 56.599
34.637 71.176
23.979 30.706
37.321 43.403
20.849 24.937
42.592 79.26
16.377 27.364
42.134 41.764
25.125 61.87
45.646 86.116
33.049 42.327
26.677 72.353
28.157 29.148
24.448 30.692
33.297 87.325
84.249 74.226
35.75 72.667
32.263 67.596
92.92 73.252
27.535 47.881
32.283 73.979
28.219 23.917
41.895 75.159
23.643 52.027
16.235 20.883
43.088 63.087
15.262 38.435
80.398 74.869
82.31 79.017
23.514 50.286
22.469 32.721
82.11 83.781
28.63 70.106
50.001 78.697
29.3 66.845
43.36 72.902
87.602 66.756
43.693 67.489
39.394 74.627
20.819 46.115
8.817 49.497
44.528 80.754
82.311 73.083
91.973 68.911
25.787 75.283
22.108 39.985
55.383 71.349
15.693 36.757
75.74 84.252
76.456 74.251
79.651 77.646
34.612 70.516
76.566 78.681
77.625 88.307
72.513 77.037
31.512 31.571
36.348 93.397
36.089 32.524
90.227 71.021
43.624 40.17
35.047 41.653
27.35 57.935
89.353 74.981
20.683 33.513
56.033 71.705
45.352 75.341
32.52 49.364
34.042 52.491
78.909 54.168
59.07 75.887
17.176 27.527
80.967 66.114
19.217 51.331
33.022 72.11
29.72 31.448
29.561 82.102
19.817 36.884
31.77 44.155
26.356 48.918
27.538 47.663
80.738 65.963
19.592 44.814
36.889 46.386
26.714 34.176
40.299 67.902
36.291 19.177
76.172 62.365
21.761 21.661
25.857 37.04
18.693 36.332
19.857 22.382
51.506 71.395
72.741 86.749
69.798 63.522
16.244 16.405
84.276 74.865
72.505 66.008
26.147 44.949
26.302 43.316
69.931 81.477
41.686 70.098
42.131 74.485
18.478 25.784
65.183 83.599
30.826 36.335
26.654 52.125
29.79 30.041
94.218 65.594
29.054 71.758
84.814 82.86
13.504 30.683
43.437 72.093
75.085 73.77
89.216 64.329
34.3 51.083
41.556 62.133
42.738 60.447
38.375 78.171
78.107 72.053
84.01 85.725
82.837 73.375
86.593 86.667
24.69 41.268
81.076 65.898
17.076 64.219
69.554 70.073
49.555 68.067
28.052 37.39
79.316 67.197
22.63 29.759
33.854 53.903
70.532 84.744
77.523 79.842
65.698 85.043
23.653 30.089
77.644 86.009
35.336 78.325
45.604 74.214
27.842 30.181
42.649 22.505
17.376 49.662
35.593 69.954
19.489 25.535
82.512 69.066
22.891 34.36
86.446 80.318
38.95 73.02
22.405 28.013
37.961 30.27
33.398 74.997
44.028 49.632
75.467 62.529
19.283 18.139
24.673 28.328
24.172 46.437
7.913 40.84
28.89 38.699
35.654 44.883
86.38 73.874
16.42 50.476
46.646 70.666
39.144 15.313
76.4 78.95
67.877 73.732
31.596 83.486
42.757 73.801
38.028 32.41
31.8 88.521
21.534 38.132
31.598 51.956
72.818 74.364
18.414 41.11
36.817 22.552
24.258 24.502
42.19 80.349
43.935 80.64
22.88 12.808
31.424 43.736
87.73 67.807
41.743 80.823
18.379 21.921
36.178 81.645
41.963 93.9
73.35 63.736
24.627 14.292
43.432 73.516
20.957 41.349
15.803 59.363
38.952 65.667
33.656 55.91
18.372 11.188
12.614 43.033
74.813 70.618
35.637 71.09
12.885 43.165
34.132 63.638
37.661 65.58
39.666 29.064
26.957 51.053
33.633 63.374
85.852 87.025
31.99 62.621
43.306 72.724
34.534 22.527
81.128 76.429
17.973 50.352
23.264 32.518
77.755 72.867
35.679 47.376
71.316 74.565
27.915 56.579
81.643 80.185
90.28 77.457
40.959 44.771
47.033 68.98
42.373 69.448
33.979 33.666
30.365 40.279
27.7 30.214
51.586 68.62
88.735 80.712
32.874 49.05
29.127 36.791
33.943 24.69
76.615 68.034
38.291 75.257
33.125 40.329
20.254 50.526
36.197 71.706
29.184 58.553
25.787 29.243
26.073 52.528
74.008 78.463
41.888 70.945
27.478 24.572
32.24 74.853
40.696 79.01
46.74 83.548
37.59 76.441
90.827 90.291
30.17 41.126
68.918 74.478
37.573 68.803
42.687 65.553
3.49 37.314
30.357 26.234
80.585 61.731
24.04 30.724
78.388 68.471
33.161 57.369
28.498 52.243
44.621 63.876
38.616 76.126
9.482 38.775
30.954 35.791
23.993 55.948
18.794 25.697
33.876 43.223
33.164 52.308
21.291 28.161
23.697 48.451
28.926 38.593
16.741 43.289
23.856 50.007
72.566 74.962
37.889 63.303
73.988 65.129
78.008 73.442
16.314 31.815
37.01 52.722
26.842 80.97
37.974 59.131
15.26 62.269
31.055 51.837
28.837 51.412
51.021 79.09
28.972 31.57
26.134 34.59
38.724 68.292
76.663 59.656
25.709 45.892
35.655 52.18
80.457 85.323
21.232 27.502
19.186 49.599
42.361 74.301
31.909 80.058
23.519 32.117
25.746 34.025
34.679 39.736
29.187 26.626
48.519 72.856
73.941 78.764
30.349 76.04
85.351 78.958
31.008 37.083
17.435 49.783
42.776 65.602
95.424 54.246
29.237 30.058
29.589 72.828
26.335 20.303
48.655 55.092
50.705 63.537
96.549 73.85
63.182 86.138
35.187 57.297
40.168 67.345
82.399 67.004
41.782 72.634
26.739 50.953
25.572 39.465
31.876 33.455
62.936 72.626
20.862 51.875
71.981 76.372
95.325 77.726
73.911 69.74
35.058 66.419
30.959 29.59
53.815 77.235
30.911 55.888
27.904 78.144
21.743 38.791
76.747 73.88
19.196 47.912
79.136 68.074
34.485 27.983
46.568 76.195
33.482 35.591
19.329 37.769
74.072 64.041
58.759 69.682
29.783 27.875
86.306 87.43
37.169 31.291
44.995 58.169
54.632 76.703
72.127 67.327
70.16 68.42
38.393 60.911
26.729 43.585
10.615 33.577
24.144 7.254
81.497 78.704
84.419 66.553
36.352 46.754
37.078 61.566
28.589 33.62
85.696 71.183
40.464 80.067
25.359 40.196
40.464 88.157
45.395 68.257
86.716 71.508
26.56 54.27
44.316 69.147
22.975 24.712
32.034 30.877
66.603 69.876
42.786 22.631
34.124 54.891
31.341 31.872
66.578 79.059
