200 5
50.0 50.0
63.224 75.246
95.824 45.077
36.834 66.119
64.949 81.494
78.273 33.591
60.84 86.852
71.66 17.483
81.2 33.974
42.369 62.182
22.253 59.784
73.556 25.191
42.66 26.883
20.3 47.66
62.187 79.639
60.69 73.735
76.931 77.287
79.987 32.753
64.789 41.241
82.351 45.515
59.299 35.977
56.234 18.03
46.275 26.917
89.922 36.882
72.091 48.435
41.982 67.393
54.22 18.577
33.678 65.142
67.576 48.79
31.221 66.503
52.623 86.811
36.329 56.167
82.585 43.378
47.983 25.87
73.184 79.889
21.178 66.709
69.824 49.91
22.414 69.502
39.727 75.456
65.874 67.425
54.238 24.272
46.624 71.189
65.78 69.937
78.976 28.502
41.091 72.936
60.189 74.188
42.898 62.113
33.662 62.951
83.595 30.716
27.509 72.118
78.185 40.059
59.02 28.782
68.181 21.677
31.699 71.342
87.441 44.78
60.694 35.877
79.61 36.356
81.078 41.65
65.358 72.463
60.469 22.993
55.817 16.327
74.041 69.297
54.859 69.92
61.257 73.081
57.771 27.451
73.277 75.752
40.403 57.038
62.514 28.064
65.492 74.973
47.192 14.807
75.726 25.526
60.573 25.15
73.338 47.769
33.622 55.817
40.066 72.867
49.713 79.249
20.439 45.813
85.353 21.892
72.997 59.809
49.726 71.734
59.26 69.609
78.275 39.407
31.305 48.091
69.014 60.098
54.81 23.565
59.195 55.598
59.534 77.65
80.202 44.704
62.565 19.548
67.517 77.017
63.077 75.898
19.34 59.317
30.023 63.52
69.705 75.516
56.121 14.963
54.979 65.394
36.662 62.124
83.161 40.183
78.755 72.705
63.469 56.325
76.015 36.001
58.971 26.569
79.507 27.648
73.099 80.094
62.852 23.504
19.519 64.677
17.416 49.222
61.223 31.746
71.37 83.392
70.862 69.665
45.705 20.807
65.738 69.327
72.662 77.663
34.175 68.846
70.018 83.35
44.69 61.615
70.119 36.897
63.061 65.942
55.782 18.303
75.456 37.386
76.489 33.454
31.444 75.832
51.006 17.716
78.739 44.162
76.942 40.728
72.397 86.762
66.472 71.092
34.209 72.908
56.587 74.226
58.639 17.22
60.063 26.18
73.418 36.571
77.217 28.677
66.979 18.093
40.102 52.005
85.123 47.582
54.108 13.282
72.879 70.538
51.159 10.856
72.783 72.952
67.476 27.061
80.225 28.501
43.018 20.423
85.745 74.227
68.226 63.231
75.974 48.738
99.729 54.401
41.352 17.241
69.94 31.843
56.219 26.059
59.923 72.353
51.951 17.438
48.145 63.142
45.988 30.282
56.73 20.558
61.604 18.818
69.5 72.808
57.674 21.376
72.07 47.36
43.546 58.887
34.671 59.517
72.2 70.41
63.252 65.694
31.299 68.667
62.729 74.57
48.096 9.054
53.791 11.0
55.054 17.781
65.475 70.386
73.699 45.84
36.96 65.135
23.522 72.105
52.733 28.891
73.698 86.55
63.733 67.566
27.887 56.824
65.988 80.822
37.097 65.898
73.915 21.083
85.946 36.183
70.482 75.061
63.706 57.172
77.252 29.511
28.732 55.666
44.879 67.177
76.702 31.548
87.302 28.054
30.691 61.533
44.24 31.458
23.548 67.138
72.761 37.872
69.863 11.357
85.198 86.271
73.539 81.844
75.97 73.158
73.084 72.332
43.815 14.163
86.542 41.209
73.598 66.744
57.415 25.438
