200 5
50.0 50.0
12.666 85.016
27.156 82.536
44.725 43.315
87.575 65.645
28.874 81.436
49.697 30.16
30.418 42.341
5.247 76.286
30.46 69.111
42.501 29.488
18.607 70.154
5.417 66.58
81.821 72.848
33.819 42.121
44.563 24.977
9.255 65.885
86.911 86.354
30.216 66.117
25.253 56.097
30.235 33.059
74.423 81.132
45.493 41.24
40.78 43.19
88.149 70.458
22.772 70.731
69.122 69.294
38.486 30.878
82.176 60.012
24.228 78.804
31.861 29.705
79.114 67.976
83.249 84.707
15.391 73.333
86.395 84.181
90.26 76.732
30.861 54.688
91.827 65.061
18.642 72.963
66.588 61.495
27.996 46.535
91.17 74.071
90.52 55.485
92.175 66.297
85.573 56.777
82.47 61.69
20.938 75.632
42.164 33.471
43.31 23.527
90.438 69.045
24.951 73.403
12.085 68.227
78.442 68.726
13.919 73.165
21.774 32.445
48.229 45.68
54.241 35.104
36.926 23.094
26.834 81.112
80.609 69.97
11.718 79.65
75.372 62.669
62.839 88.263
44.629 29.383
61.63 52.569
6.807 71.736
92.353 67.026
12.344 78.264
47.188 25.329
77.019 61.15
45.642 74.078
80.109 62.236
12.488 73.677
26.162 76.531
14.817 72.639
31.703 40.539
79.199 77.011
19.356 78.323
36.197 34.593
31.732 41.159
33.996 34.021
22.744 87.751
44.123 29.304
86.019 79.118
41.126 50.008
37.139 27.492
7.663 90.505
84.907 76.8
19.796 74.81
71.391 69.081
16.397 71.949
28.495 77.341
20.602 62.157
39.02 32.405
29.32 30.811
45.032 37.873
15.004 80.075
10.595 76.547
92.659 68.544
43.983 28.739
32.447 25.665
13.687 76.474
73.533 52.33
77.315 73.354
29.89 45.522
38.706 34.174
23.52 43.263
91.489 67.242
11.356 93.421
37.838 36.565
83.905 63.277
31.386 31.155
75.653 62.062
41.836 28.429
5.294 76.971
7.153 96.714
91.5 76.124
25.03 65.765
28.479 77.289
37.002 28.602
28.69 47.723
31.752 40.563
74.097 64.387
37.281 32.844
73.19 74.57
37.445 32.58
71.396 65.143
30.804 49.407
24.84 49.65
10.045 82.219
80.409 77.44
82.835 64.34
92.985 82.722
28.679 63.89
79.143 71.103
87.6 64.778
18.653 73.77
42.984 32.38
23.206 75.678
84.534 55.05
18.271 85.86
80.162 66.725
36.073 34.182
73.712 78.339
17.425 71.71
27.639 72.998
57.79 44.548
13.561 72.658
45.663 41.881
34.74 85.253
23.555 80.107
33.132 43.374
35.52 32.803
34.5 80.139
45.126 27.628
82.302 72.654
29.9 27.204
25.917 73.162
20.504 78.375
29.84 48.639
43.485 33.687
36.993 49.248
13.785 70.763
8.053 81.551
61.773 56.754
29.685 33.612
34.518 44.034
39.91 32.143
77.617 54.83
87.853 61.28
43.128 46.178
78.618 62.091
41.247 13.249
37.67 37.384
29.324 75.663
74.608 67.647
23.833 76.68
47.182 35.941
74.524 71.104
80.868 64.344
76.709 53.253
19.347 71.015
41.268 41.729
38.34 77.895
89.238 67.524
16.825 80.379
83.442 65.492
75.072 70.816
73.987 59.268
43.622 32.978
36.443 32.017
90.283 74.782
87.774 70.635
15.764 68.198
88.26 71.237
37.621 46.93
38.749 41.065
22.981 75.61
77.358 71.586
25.207 47.323
