200 7
50.0 50.0
67.614 42.0
73.594 48.912
39.873 32.535
62.207 35.329
31.562 26.085
25.117 44.116
27.025 25.348
12.257 28.105
52.355 43.114
76.725 38.355
64.933 56.791
63.471 57.389
9.713 29.436
67.665 51.472
62.501 62.895
37.68 30.496
60.129 18.236
18.176 25.891
34.316 50.775
28.935 27.44
55.778 46.919
70.723 62.707
48.157 41.408
68.075 41.058
40.482 36.074
51.987 39.985
70.814 26.362
79.404 41.836
27.319 26.654
67.751 74.45
35.15 24.467
77.224 69.959
69.439 42.017
61.871 46.971
27.906 38.441
74.767 35.164
21.722 38.898
87.148 38.996
74.121 76.0
25.231 30.965
72.032 52.672
28.546 17.063
67.526 59.003
38.449 41.789
61.522 57.646
45.942 30.939
19.282 39.933
7.867 29.143
62.864 25.158
9.598 37.313
25.176 32.179
19.078 27.712
71.689 43.551
29.43 29.492
47.932 30.479
34.05 22.251
40.076 36.408
22.239 24.887
81.525 37.429
75.166 66.81
29.449 40.673
19.313 28.644
80.952 73.008
43.74 25.531
40.64 40.324
58.546 75.469
80.415 60.393
59.282 61.984
41.066 26.82
71.526 38.39
20.383 17.524
42.344 44.151
66.896 67.471
73.478 68.128
44.336 38.219
11.54 23.3
21.878 31.781
75.059 45.938
54.525 41.528
61.181 62.525
49.415 31.029
74.744 56.842
70.713 65.608
61.258 96.954
73.206 51.021
73.891 50.281
62.656 69.197
62.676 40.226
33.06 46.906
57.913 52.52
48.012 26.978
44.023 30.344
72.192 36.817
84.813 80.923
19.511 29.338
82.039 46.047
33.686 30.389
18.456 40.476
63.216 70.004
25.386 41.509
84.422 68.052
62.533 59.521
74.907 76.529
68.123 64.57
66.395 84.081
63.222 70.92
24.779 30.285
77.794 48.731
63.843 70.227
81.335 38.409
60.826 35.946
50.238 18.971
27.755 27.764
44.49 30.399
40.825 42.826
71.384 66.836
24.836 22.922
79.561 39.031
10.488 22.21
66.629 66.047
71.714 43.787
83.682 37.031
63.765 39.876
75.123 80.746
77.537 68.225
35.387 25.316
61.702 70.593
81.493 77.193
75.442 72.426
66.236 73.577
70.013 64.769
43.807 44.326
70.226 48.688
39.268 41.433
27.65 22.034
39.936 31.379
36.683 26.267
70.358 74.781
33.667 25.122
77.831 80.743
65.899 71.278
68.591 61.194
32.522 31.539
13.519 19.759
68.532 69.031
71.732 44.965
65.807 53.826
69.062 73.035
57.559 72.627
35.014 26.333
16.625 37.083
26.583 29.128
29.712 22.088
18.35 42.583
33.38 34.28
67.39 51.296
73.088 67.101
79.351 51.053
68.306 59.8
54.643 54.956
44.967 37.82
57.18 67.594
37.959 34.049
37.945 45.488
13.297 21.654
44.103 55.115
74.229 48.621
79.124 49.931
74.065 54.898
56.778 60.293
61.798 42.965
71.291 69.463
13.748 40.594
64.978 49.548
68.342 37.167
90.359 66.758
54.846 86.285
70.975 30.603
64.993 72.557
68.904 78.122
74.059 48.784
55.099 44.275
69.768 49.527
15.707 38.211
30.003 35.341
62.38 70.223
36.932 20.725
15.092 21.378
54.823 73.106
32.731 26.95
68.624 56.984
28.197 36.06
17.372 26.6
73.485 40.002
72.219 46.773
31.863 21.529
67.635 43.418
66.095 75.708
49.401 28.004
