100 5
50.0 50.0
28.058 22.004
54.062 48.305
28.347 7.529
19.85 41.264
30.734 14.836
10.081 43.658
13.662 26.212
25.059 14.107
30.495 16.879
22.646 23.177
61.912 77.914
55.955 68.766
16.251 51.217
22.301 47.637
13.247 53.832
19.557 53.55
22.941 28.276
63.717 60.021
76.9 65.011
18.359 26.276
19.156 19.742
28.619 21.755
18.416 35.028
68.276 88.306
24.586 37.286
52.892 61.348
18.573 27.955
36.17 5.534
31.986 21.332
8.971 33.965
11.636 49.395
28.662 36.539
15.404 43.323
61.625 59.131
66.317 74.899
23.698 53.025
24.471 23.804
13.191 15.529
23.591 17.242
64.043 71.991
26.399 45.233
11.102 14.645
64.326 76.796
16.881 35.912
21.631 29.295
69.423 72.979
72.336 65.998
59.905 60.522
30.674 12.733
16.532 62.074
16.582 43.193
13.02 33.873
27.228 53.786
54.297 71.741
12.162 51.756
66.483 73.49
11.809 22.94
50.05 68.067
16.817 21.452
62.227 62.273
11.939 24.18
11.278 11.405
12.289 23.695
79.284 57.798
33.889 16.694
56.662 63.79
65.221 61.628
22.919 27.113
7.788 38.848
22.238 49.581
21.517 55.716
75.155 59.624
72.827 66.118
65.742 67.221
16.055 41.261
66.154 54.499
23.45 12.158
12.875 43.155
71.15 59.426
3.751 16.294
34.018 26.42
63.425 73.364
5.906 25.805
22.427 32.302
9.57 49.879
8.871 52.163
74.113 77.817
55.809 73.851
18.692 12.757
65.912 67.181
17.259 23.064
59.314 64.316
26.014 10.494
13.45 52.186
28.986 38.747
26.167 19.195
65.499 66.677
24.127 42.147
13.959 25.462
