1000 3
50.0 50.0
44.465 68.542
76.307 77.057
26.833 50.295
28.44 41.615
43.842 21.703
29.432 49.527
44.336 25.909
81.759 75.138
49.286 32.953
71.906 78.507
54.005 74.292
24.241 21.981
27.551 35.581
25.359 48.351
86.646 68.511
30.985 53.358
83.289 87.063
74.786 79.165
38.682 76.048
82.666 73.354
82.589 71.379
70.779 70.615
59.754 24.168
37.894 29.969
80.382 61.413
33.777 37.395
69.412 70.753
32.114 67.766
44.244 18.218
38.045 53.004
52.379 36.465
46.203 31.953
51.063 19.579
16.431 57.355
45.507 80.399
40.878 40.829
86.957 67.055
47.291 73.488
38.738 54.948
55.35 80.205
18.552 30.251
61.775 27.685
41.183 72.508
39.338 70.867
83.38 84.501
69.362 71.807
50.839 77.35
52.079 65.71
19.346 43.462
93.378 82.851
34.328 39.069
40.3 66.49
75.013 82.34
59.215 21.173
54.157 35.932
43.561 18.631
29.925 47.093
49.187 30.851
30.363 34.958
41.686 68.751
71.653 71.513
47.026 26.607
61.979 77.362
28.005 41.46
42.3 10.244
39.655 45.234
75.03 78.445
71.608 79.775
46.266 29.018
51.585 78.176
24.432 48.161
79.89 73.579
22.981 37.188
44.87 42.456
23.537 47.646
58.562 30.058
51.158 36.186
78.241 73.19
55.472 66.36
53.204 17.73
50.891 77.307
49.026 73.852
26.285 47.991
31.139 77.74
28.212 39.019
41.77 25.445
38.358 61.512
51.966 29.189
78.356 71.94
92.706 74.168
47.84 63.104
81.645 72.616
48.627 24.459
68.598 69.882
33.906 81.917
20.117 45.951
43.889 73.779
28.006 38.686
37.346 47.978
46.787 74.062
46.524 73.033
47.613 71.687
33.307 45.635
33.317 30.982
49.197 13.422
49.304 82.758
67.886 30.944
26.419 33.544
72.125 78.923
74.368 82.953
44.171 82.179
71.654 58.889
76.676 74.121
49.813 66.48
34.887 28.805
64.184 72.44
56.785 18.452
77.079 86.809
29.735 34.781
40.755 28.026
34.427 42.51
90.726 73.434
41.562 65.065
39.971 75.311
32.477 37.072
69.473 12.554
83.981 78.509
77.681 88.202
48.739 79.75
42.37 65.156
76.573 72.389
75.721 70.553
79.311 67.735
48.234 39.859
53.426 64.271
75.699 78.732
84.858 65.687
63.954 74.578
72.313 81.446
95.613 49.275
36.951 62.499
38.746 25.493
71.761 72.917
77.428 69.786
43.316 83.959
46.059 62.338
83.407 86.42
88.124 76.286
45.726 35.963
72.768 70.071
39.481 44.882
23.951 83.94
88.826 82.624
47.004 27.54
47.278 25.612
69.971 55.997
59.46 68.336
51.596 66.296
40.741 23.314
39.836 27.4
40.766 67.977
32.74 81.212
40.471 70.191
28.055 48.695
83.935 78.35
49.144 21.97
53.089 39.203
48.667 62.181
70.988 86.646
56.68 30.924
23.003 59.59
83.738 75.041
88.982 75.392
39.71 43.399
52.584 67.916
45.939 15.469
83.398 81.218
35.269 47.312
56.767 23.788
54.573 66.769
41.953 78.313
40.44 36.849
88.478 57.037
58.66 16.973
37.325 70.722
82.558 65.607
74.256 70.218
26.353 31.072
45.662 18.028
56.303 62.215
49.514 27.979
85.36 86.418
39.014 73.282
43.245 85.02
53.056 28.323
47.586 74.142
38.633 69.509
54.273 23.051
42.818 19.896
35.644 37.431
68.569 31.036
81.497 77.91
42.573 81.202
17.41 42.39
41.366 82.838
48.153 23.988
42.719 16.428
72.544 66.614
74.678 72.545
49.967 74.414
37.243 44.302
77.216 74.649
44.046 21.374
44.943 73.775
23.836 42.807
87.956 70.848
60.642 29.725
28.674 77.556
37.308 62.105
42.189 21.794
34.966 53.061
58.995 75.509
90.368 68.23
42.458 42.364
36.418 67.317
40.741 17.145
30.796 57.549
42.022 72.887
40.576 32.051
18.724 44.615
37.698 73.257
33.319 74.206
35.634 74.739
75.771 74.136
46.245 77.516
35.213 32.284
20.573 40.626
46.967 73.646
53.671 25.816
75.51 67.389
43.654 21.293
45.966 38.971
49.062 69.029
79.896 72.046
73.705 84.665
45.753 22.352
39.747 80.613
32.73 40.403
23.024 35.303
60.625 14.755
40.2 37.846
78.194 79.084
58.927 39.505
51.752 74.034
30.709 67.575
92.513 69.93
99.859 73.906
43.849 18.641
28.724 37.585
38.12 29.341
41.164 9.821
30.163 47.968
50.491 79.639
47.456 33.73
71.358 63.552
29.572 47.525
44.845 68.678
30.881 42.109
40.004 72.1
26.803 39.565
33.388 72.831
80.124 76.528
27.495 30.637
78.517 76.55
74.533 72.858
37.36 41.861
61.51 25.824
70.875 69.522
59.282 76.775
40.828 29.225
29.12 48.798
39.192 48.923
46.061 70.212
47.017 16.758
46.532 80.922
43.548 16.62
48.819 63.557
33.268 50.726
65.572 72.055
41.656 13.797
23.558 37.221
82.26 72.954
39.565 79.442
54.762 23.884
36.649 72.047
70.012 68.71
91.396 78.166
39.686 70.143
90.182 75.423
50.963 79.506
30.623 41.444
49.324 21.909
47.711 58.879
33.195 49.137
29.966 36.404
36.468 63.0
28.445 70.141
63.138 11.826
51.337 66.103
45.383 23.903
45.146 66.492
85.647 86.118
48.635 29.403
30.701 45.405
58.608 20.275
82.878 66.214
47.097 77.692
30.109 44.383
75.079 85.82
44.754 25.146
53.936 19.977
27.217 48.695
27.456 31.272
45.842 42.352
81.465 65.749
26.595 71.447
82.494 82.473
49.294 36.837
66.627 59.343
54.046 18.296
67.645 66.521
66.066 83.202
22.69 46.989
49.893 24.324
44.93 71.581
36.449 75.295
87.283 61.135
74.305 79.946
54.71 25.162
33.007 92.374
49.394 65.248
27.254 34.403
50.405 55.226
18.609 44.137
55.947 11.646
22.712 39.63
38.589 71.824
79.952 79.958
76.517 68.719
37.255 54.46
68.434 76.71
52.757 41.565
56.228 77.093
44.868 41.02
82.025 63.672
21.065 48.524
76.439 66.995
55.661 22.879
72.31 80.044
60.572 28.388
41.542 21.097
53.008 70.219
47.71 20.688
49.635 69.906
35.717 47.371
88.174 79.972
34.252 40.67
32.443 22.186
39.211 75.023
70.457 73.924
41.977 35.383
44.578 67.063
35.073 52.033
44.808 73.076
50.906 23.591
51.367 65.123
78.096 68.024
34.006 45.003
53.944 77.257
45.883 50.907
26.853 40.098
72.678 75.219
77.904 63.788
65.937 73.714
50.005 19.406
86.127 80.355
74.611 65.901
69.246 76.801
54.229 63.948
49.516 34.4
38.164 41.365
49.455 71.693
37.302 27.582
41.545 65.627
66.451 68.395
42.199 27.36
40.812 71.001
50.779 24.891
41.754 34.701
83.744 74.934
34.873 44.04
10.804 42.887
46.192 24.728
37.206 64.482
60.09 71.509
39.451 50.296
46.634 73.544
75.267 82.752
42.441 73.979
30.58 75.522
46.979 63.554
53.855 15.773
77.252 74.087
87.342 65.544
24.77 47.657
36.349 90.126
45.61 78.97
58.466 16.303
79.113 77.493
28.093 52.732
24.717 33.639
93.526 78.074
28.877 76.31
42.775 36.711
47.566 72.019
36.851 45.485
76.226 31.285
82.672 76.518
25.191 43.554
79.862 84.517
7.038 33.145
48.592 14.068
48.579 72.329
68.782 74.179
80.451 80.449
36.516 23.568
77.771 58.154
42.465 34.295
81.299 74.021
80.493 84.869
40.141 60.73
43.062 14.616
53.001 17.146
22.083 41.847
39.701 71.881
74.178 78.465
51.994 36.278
50.168 87.136
86.21 83.008
50.832 29.549
77.021 72.054
20.242 29.161
63.748 80.517
22.955 36.494
77.48 75.912
36.344 31.064
71.728 78.232
42.893 66.341
51.158 33.271
75.451 80.732
88.599 75.699
52.943 16.747
53.937 25.982
55.671 31.786
68.012 88.575
43.65 66.835
36.349 77.313
39.127 69.826
77.701 58.131
33.029 38.508
34.758 44.571
41.642 26.864
54.525 22.049
65.872 20.521
59.135 69.86
39.757 36.044
54.297 20.4
26.06 39.6
28.478 42.125
56.326 33.318
35.962 37.792
45.751 34.476
77.1 56.029
66.631 29.373
55.247 26.772
45.642 81.483
55.073 17.318
44.287 78.584
83.239 72.99
53.535 28.836
75.391 72.134
73.663 89.496
82.608 61.3
51.069 74.012
30.585 29.444
79.527 66.578
73.806 68.905
65.075 72.766
51.599 32.425
60.836 25.067
43.997 73.764
65.128 38.711
29.145 36.655
83.157 68.757
31.108 41.026
83.812 84.129
85.956 57.266
68.553 63.57
50.928 66.537
67.403 65.785
39.699 33.76
43.632 41.019
40.682 44.922
45.43 77.175
70.294 59.788
50.967 62.198
94.647 80.443
42.579 74.346
24.217 45.928
46.09 70.522
20.313 53.067
77.0 76.118
52.504 45.116
38.616 76.038
44.961 68.947
36.721 80.013
91.457 80.526
36.92 77.304
32.403 41.918
35.924 71.388
48.788 74.191
57.348 31.951
44.195 46.096
93.06 77.942
33.604 55.705
56.789 13.17
33.305 81.47
36.604 33.395
68.156 76.227
17.628 48.683
35.347 53.48
32.364 38.907
43.328 76.86
61.225 85.877
31.022 23.215
71.092 72.198
81.678 76.444
54.823 27.94
42.169 44.822
72.318 80.278
28.503 39.233
54.046 18.063
72.427 66.839
58.133 17.905
45.46 30.182
42.572 38.638
30.666 48.251
81.549 83.333
77.3 72.158
80.411 76.824
60.522 29.321
53.859 29.229
33.458 40.318
44.835 72.437
35.989 31.389
37.151 76.069
42.807 82.669
68.896 82.503
26.01 47.377
42.332 8.899
40.36 92.885
65.021 68.179
24.874 31.35
60.703 76.062
46.017 67.835
42.059 47.487
46.982 76.834
46.192 70.929
62.489 27.425
62.659 26.161
56.668 78.48
35.597 93.727
89.109 82.507
38.431 37.555
56.411 78.685
48.35 21.36
24.086 53.093
40.425 32.816
78.054 74.207
56.36 20.573
52.676 74.366
32.595 57.958
67.852 73.917
84.054 81.472
81.58 80.143
44.489 20.104
88.958 64.889
66.742 66.851
27.443 71.567
40.393 73.85
51.822 72.392
52.43 16.847
42.666 20.202
73.328 77.402
65.034 93.481
92.432 62.561
43.115 72.673
49.506 33.232
65.563 60.425
27.772 38.294
12.813 48.416
23.783 31.022
75.83 89.004
47.491 60.006
41.156 54.59
39.089 79.132
37.273 37.205
47.552 38.732
76.238 90.589
41.077 74.484
42.427 10.313
31.587 28.272
42.635 30.054
75.114 69.254
61.878 79.445
30.052 51.664
72.654 94.438
43.451 33.225
51.599 28.103
48.128 35.127
78.843 76.747
34.003 80.106
49.858 30.96
47.371 26.953
24.623 56.011
53.475 24.05
32.486 41.342
58.899 65.734
78.115 79.964
67.462 74.798
36.778 87.65
25.857 26.172
55.827 30.115
35.316 31.05
68.943 72.244
31.014 46.037
43.834 54.644
68.444 57.027
85.901 65.972
81.154 67.576
19.115 28.068
37.008 39.33
75.288 66.068
35.004 35.753
68.596 72.334
35.856 59.85
63.011 38.108
53.764 20.388
44.453 65.085
74.371 72.514
89.387 87.533
44.608 61.463
31.162 37.828
54.98 35.071
51.859 35.247
27.42 48.649
50.232 22.433
20.546 48.815
48.099 34.714
55.264 39.096
18.948 45.326
45.103 41.941
48.161 55.358
19.596 49.836
33.123 41.985
61.982 74.724
22.102 40.177
74.368 81.048
76.986 71.954
21.822 32.091
43.222 62.467
41.169 14.365
57.006 81.915
42.753 36.959
38.976 78.212
52.207 84.475
70.497 63.421
72.765 73.834
78.431 59.35
81.112 68.771
73.19 69.856
30.659 48.27
45.684 68.709
61.501 25.522
20.812 34.026
57.97 75.096
51.19 17.553
97.08 75.232
47.5 74.535
78.111 87.617
38.091 46.239
72.203 81.943
55.262 76.022
27.908 43.465
72.377 76.766
69.86 66.13
49.645 70.628
47.754 71.565
35.913 81.329
61.451 31.225
34.436 58.601
46.903 76.845
33.758 29.402
35.294 31.324
47.203 20.44
25.826 33.042
79.221 82.368
61.346 16.424
64.87 74.994
61.46 69.268
41.765 35.317
74.486 73.469
35.165 52.861
29.377 43.491
46.203 71.719
46.018 35.471
15.261 68.956
59.571 77.43
63.127 32.349
71.538 77.377
39.85 36.66
57.792 82.725
58.271 51.567
51.245 13.464
30.775 73.999
40.877 32.278
43.748 75.123
69.489 80.544
39.051 26.914
79.58 57.236
35.647 40.007
79.018 62.679
22.503 44.253
38.888 40.892
26.333 45.817
27.658 41.659
27.045 36.721
70.639 66.362
47.998 23.519
46.171 76.454
45.167 35.742
80.141 83.564
75.592 73.724
53.064 70.88
48.252 35.743
63.288 63.944
46.351 27.449
69.442 82.369
26.231 49.441
24.401 72.867
67.492 78.487
54.125 18.647
55.007 42.683
32.93 31.181
25.266 45.873
92.167 74.618
55.838 26.465
49.508 62.639
47.125 81.421
45.455 36.076
30.325 45.457
37.741 17.82
31.189 38.871
64.414 68.96
37.817 48.034
78.845 69.126
74.807 68.242
48.19 27.998
61.967 78.314
67.684 70.771
36.803 28.809
35.492 26.488
73.883 68.087
41.3 9.084
21.229 43.766
39.795 46.382
13.586 41.459
47.958 28.586
59.131 22.619
34.622 69.798
35.382 33.831
43.565 80.913
41.748 66.931
60.793 10.514
44.218 28.942
79.049 82.587
31.958 37.975
40.33 72.014
20.894 42.962
51.88 26.298
31.49 42.724
84.309 57.661
63.467 37.145
35.582 77.232
34.293 38.747
34.27 72.054
34.586 79.305
75.252 74.529
99.838 80.469
29.522 35.197
44.465 15.664
34.347 45.601
44.201 45.18
71.272 75.13
18.767 34.678
61.583 31.815
46.445 76.451
32.869 41.378
23.18 46.894
40.295 48.044
45.815 35.714
56.651 79.162
63.841 68.962
49.792 24.113
31.885 51.091
61.747 89.019
43.423 23.559
25.937 48.663
28.512 48.273
43.702 20.786
67.406 73.325
29.806 49.654
78.558 67.018
43.028 34.462
35.081 40.76
85.379 78.032
50.651 16.609
43.439 87.656
25.739 45.311
52.292 73.476
44.284 74.295
43.277 29.55
42.384 34.413
30.162 37.146
85.659 65.491
40.908 76.116
39.108 61.252
73.419 71.004
50.19 36.724
21.718 33.883
53.126 65.921
28.804 78.634
93.637 63.835
27.477 50.455
40.941 80.806
23.451 42.327
41.468 21.079
76.919 62.397
67.721 79.231
50.709 26.863
91.817 80.26
62.988 72.867
48.658 10.991
83.888 83.615
65.902 72.335
49.528 62.494
46.06 56.033
38.539 48.087
82.155 72.615
49.205 63.028
48.569 20.912
72.278 76.627
18.32 47.067
39.108 70.124
69.784 72.117
55.993 27.209
20.84 42.866
39.826 71.95
45.343 73.87
52.604 46.187
30.733 53.16
28.81 42.036
82.764 73.331
86.176 70.795
33.827 26.385
75.494 70.001
50.562 73.313
37.674 28.386
48.109 87.099
89.045 75.795
88.504 83.077
84.395 72.758
64.211 21.328
44.22 78.895
59.238 21.575
75.373 90.077
31.158 26.097
58.696 20.283
30.085 36.292
44.633 68.199
50.204 29.221
31.88 67.069
26.306 49.304
84.478 77.103
36.743 38.746
45.905 70.456
46.157 18.67
78.084 75.382
30.678 70.718
53.595 73.994
81.748 75.958
48.762 21.14
86.092 68.433
84.64 59.044
51.154 28.261
49.587 28.449
27.297 47.546
53.726 27.887
28.429 36.386
45.118 78.25
53.129 78.349
46.448 31.607
74.46 74.02
50.055 71.829
45.931 26.872
26.94 29.239
53.755 36.402
51.551 77.749
43.521 34.995
79.962 70.363
37.977 88.619
29.795 72.608
54.875 30.959
30.705 38.494
36.301 51.9
38.783 29.192
53.886 64.775
40.18 84.902
42.338 59.552
87.204 74.018
83.228 89.038
46.344 59.058
30.963 32.503
50.932 49.214
21.689 46.177
38.705 82.263
68.976 74.438
53.561 65.103
51.679 70.325
52.094 67.276
40.529 23.974
33.127 75.946
40.311 30.09
34.97 67.602
45.836 28.676
37.999 26.112
49.288 28.385
81.284 79.452
37.31 22.025
50.455 25.441
38.278 81.033
86.59 71.734
32.091 64.446
50.964 28.813
81.009 86.695
49.534 32.394
46.956 36.245
41.262 62.815
53.915 14.17
95.293 65.593
51.768 26.839
36.69 73.896
41.302 36.115
30.474 51.903
83.023 72.522
27.358 37.801
52.443 36.915
32.135 29.974
52.782 21.377
52.536 20.34
79.466 73.882
71.728 67.289
56.591 22.591
48.42 69.883
53.366 74.639
32.388 45.664
47.652 68.112
79.69 70.614
73.61 66.897
66.319 34.372
64.816 93.866
87.674 62.757
84.122 74.849
43.537 77.768
32.608 67.342
44.609 68.082
20.256 61.048
27.483 60.095
37.078 78.065
