200 3
50.0 50.0
82.779 32.35
40.69 36.034
75.75 66.627
41.492 25.368
89.582 75.238
56.041 36.203
30.878 38.543
21.965 33.571
88.052 53.625
54.836 37.383
30.562 45.022
52.181 45.032
45.534 34.581
38.755 38.952
73.198 69.024
76.222 44.172
81.194 75.299
61.474 29.305
33.044 25.798
74.288 37.064
75.078 85.723
24.781 45.62
44.698 42.104
54.966 53.616
57.321 40.01
35.492 41.722
35.993 36.237
65.408 75.788
81.57 61.802
35.198 53.021
48.614 38.207
86.717 58.721
65.687 25.274
76.357 66.841
68.162 58.097
39.467 48.164
81.579 55.309
69.161 33.305
64.815 65.655
65.885 40.512
34.816 38.881
74.118 46.927
83.192 70.787
89.593 65.75
48.533 47.561
75.512 21.542
52.666 21.55
63.176 71.394
68.904 51.164
63.423 29.102
77.203 39.6
87.83 57.862
78.569 71.991
77.625 37.592
60.507 42.982
40.71 35.631
38.697 47.1
42.103 36.838
71.444 46.706
77.771 38.352
55.617 30.895
68.206 64.774
88.202 68.549
57.997 41.385
68.7 30.868
81.41 74.851
43.535 34.339
32.786 34.642
43.547 20.886
40.47 22.303
24.259 31.885
41.943 39.054
73.38 57.119
60.326 33.307
42.809 17.546
71.805 81.601
29.085 44.211
23.394 38.088
24.028 39.325
33.047 30.671
74.756 70.522
26.147 31.372
70.767 69.635
24.598 47.465
63.014 41.44
68.258 41.147
66.099 56.989
27.985 34.589
35.412 47.974
76.052 51.361
13.628 49.1
63.931 34.308
75.757 60.619
57.818 28.998
32.848 25.078
60.96 49.665
72.418 28.088
77.857 51.793
24.287 22.681
67.431 53.907
82.494 68.757
61.006 68.282
87.733 59.754
79.861 68.925
52.291 38.16
37.268 42.462
67.647 44.235
82.767 66.52
39.933 33.939
66.781 68.509
58.8 47.557
27.117 44.426
90.51 62.15
78.854 53.547
83.423 45.401
29.452 53.297
54.516 29.486
26.798 41.27
17.554 39.548
37.886 35.199
52.544 51.789
36.328 44.214
77.895 73.157
61.376 35.973
77.182 78.975
75.382 73.178
89.088 65.714
46.79 34.405
84.292 56.26
62.689 37.214
70.876 37.601
47.117 46.466
27.878 41.38
65.599 46.567
83.174 72.298
70.396 39.832
39.453 46.24
73.883 31.751
80.27 68.686
65.68 30.039
71.178 69.886
65.084 65.206
63.975 42.869
76.652 57.819
33.741 35.818
84.504 61.74
89.58 54.186
68.483 30.95
81.807 62.302
56.023 38.831
63.792 35.783
39.2 39.407
27.843 34.297
62.149 70.66
25.195 37.87
61.595 35.707
94.712 68.077
33.231 35.426
77.897 66.975
65.855 36.117
65.756 32.567
79.731 45.788
37.586 32.492
66.714 30.892
70.079 52.465
69.04 66.478
68.126 63.405
76.319 61.52
69.559 38.004
80.811 69.15
62.725 30.891
71.658 57.959
69.631 57.744
18.713 22.724
54.875 38.062
73.145 32.465
71.266 32.395
43.355 44.8
67.003 70.276
78.002 74.847
74.279 64.049
21.318 39.767
68.792 28.083
85.351 65.551
41.175 26.214
72.49 45.192
76.774 79.917
69.68 66.315
37.6 44.586
45.615 39.035
31.71 41.33
82.769 78.806
66.559 67.245
47.619 46.446
75.174 51.703
86.116 39.533
43.25 32.564
71.588 36.017
32.97 42.465
