200 3
50.0 50.0
75.22 55.462
37.31 31.61
76.777 65.819
44.476 48.226
64.331 74.215
77.49 62.923
80.872 44.159
72.44 89.352
44.578 75.222
55.665 78.692
83.089 57.411
43.946 63.664
84.666 72.081
53.228 22.194
64.762 84.03
54.712 79.868
39.252 29.813
38.265 16.793
64.633 78.477
41.741 85.842
28.3 43.0
61.328 50.925
74.697 48.892
64.468 72.911
71.638 60.95
67.924 84.016
24.121 31.914
48.181 66.557
42.075 18.277
71.665 83.924
76.274 36.349
52.851 63.792
36.923 60.974
72.123 57.302
45.148 35.791
71.344 47.766
86.691 65.617
39.201 37.668
28.898 23.921
79.29 90.262
41.315 37.214
34.459 23.301
34.749 34.291
70.562 73.996
74.099 85.925
73.434 76.391
70.246 66.944
34.432 42.28
80.331 74.106
37.244 83.232
68.034 71.422
67.918 43.274
66.49 61.586
47.268 60.377
73.249 95.261
70.073 55.949
37.543 44.756
56.589 75.706
68.25 65.306
76.759 46.564
21.052 39.297
77.274 97.372
86.519 57.996
26.394 18.254
72.668 58.723
74.593 83.935
30.998 36.985
42.194 76.824
85.143 58.865
34.258 11.532
82.923 51.983
37.459 71.896
44.789 74.962
43.528 60.442
27.006 42.621
36.221 73.124
67.767 69.444
23.261 16.033
35.731 31.895
75.104 58.309
34.209 34.833
36.541 74.517
56.982 54.884
46.35 72.809
48.439 65.411
48.202 61.503
71.181 62.048
59.173 65.194
76.491 64.033
76.039 69.879
74.725 61.963
72.705 41.353
73.096 71.617
43.678 65.219
88.573 46.337
83.803 53.745
74.311 84.249
75.026 74.703
68.644 82.936
85.831 61.015
33.138 29.762
42.353 74.689
58.535 48.736
85.374 59.344
80.74 81.735
85.941 56.315
78.482 79.77
81.333 49.546
81.539 59.817
29.983 33.763
38.352 44.737
65.09 74.285
42.468 79.777
79.134 81.957
74.142 86.787
73.537 75.748
62.007 79.239
74.11 84.048
82.22 71.937
46.482 67.253
82.464 58.3
38.074 41.087
48.783 68.983
52.169 71.794
29.564 16.111
79.492 76.084
58.414 81.796
73.742 42.369
63.03 54.502
31.194 31.17
40.814 30.092
34.783 33.153
87.746 50.024
45.373 54.7
70.54 49.483
76.941 55.25
63.823 61.231
30.431 26.025
79.542 60.735
43.44 26.056
81.211 98.257
38.198 39.812
31.519 54.682
82.479 71.631
32.889 14.868
64.472 67.442
75.19 59.8
71.044 54.225
17.8 22.34
39.303 27.663
39.303 24.877
60.11 69.983
50.075 72.554
35.828 27.811
30.262 30.354
55.849 24.534
31.653 44.343
80.471 63.309
49.311 85.752
86.503 80.523
36.394 74.54
52.483 62.114
64.573 64.845
50.114 75.908
67.193 81.589
69.678 83.858
83.321 43.853
53.773 68.385
25.103 37.676
69.903 70.176
62.582 51.275
22.765 24.474
50.908 33.572
74.218 71.416
77.446 76.998
78.169 56.423
83.914 60.965
77.962 74.02
81.882 50.902
35.985 73.958
79.575 72.122
46.537 33.868
63.038 57.886
43.108 62.221
34.491 77.198
74.041 77.537
36.886 32.99
83.305 70.687
47.086 28.116
64.435 82.959
73.077 79.451
53.857 73.098
24.615 27.721
66.386 45.674
35.554 32.404
79.472 50.008
69.29 54.975
84.509 75.705
75.58 74.547
