1000 5
50.0 50.0
48.466 20.121
45.32 27.862
70.051 81.116
74.728 73.388
65.057 27.277
41.78 15.047
46.052 41.449
85.994 44.871
45.292 42.874
52.647 78.661
67.0 74.271
77.759 36.608
37.443 81.671
38.766 39.705
85.863 38.419
48.987 38.299
74.706 31.154
72.454 87.582
35.952 68.977
48.169 12.148
40.202 67.56
72.826 32.095
81.943 88.239
50.87 8.792
82.227 15.551
82.119 35.492
48.77 66.615
66.073 81.564
79.579 25.802
52.29 69.492
33.984 88.397
62.135 92.211
70.435 32.498
67.333 32.141
70.952 37.593
57.519 75.787
46.467 19.617
42.849 89.091
67.049 76.307
40.382 32.371
48.487 82.174
43.961 30.594
52.039 86.9
47.376 23.506
87.155 26.027
52.758 63.878
93.063 28.716
49.178 31.272
59.924 23.138
32.311 40.024
43.682 31.346
42.868 29.163
53.176 38.021
46.559 39.71
75.745 22.974
48.335 76.92
73.246 36.154
25.765 74.323
78.079 33.226
42.569 35.903
32.38 17.377
36.867 68.675
84.634 32.534
57.822 80.698
72.346 40.44
83.32 32.676
61.224 28.243
53.129 20.208
35.508 75.625
65.544 26.107
41.15 81.273
79.07 97.702
68.563 22.303
64.882 74.619
80.095 36.173
67.188 71.303
43.637 82.492
81.039 33.681
42.847 34.613
37.339 25.933
75.801 40.583
74.294 16.606
53.154 78.272
69.209 34.281
52.568 38.323
42.89 26.283
55.077 70.552
80.055 28.085
37.041 94.045
44.122 74.892
27.009 76.179
29.003 82.507
44.005 27.062
85.58 47.024
58.393 65.538
46.726 61.126
77.816 22.161
48.908 77.389
67.218 74.423
44.737 48.289
60.219 78.957
68.403 49.725
38.42 70.127
32.942 20.775
40.187 79.571
43.919 82.15
42.71 67.641
31.793 87.196
68.621 36.747
87.037 32.732
76.697 30.005
49.917 23.192
45.309 74.176
43.32 71.528
50.987 44.402
34.758 75.124
45.66 86.116
67.464 79.308
62.597 42.787
75.691 62.011
64.554 30.24
62.532 71.032
58.351 20.273
76.562 39.32
56.133 91.67
45.888 34.672
62.765 50.736
73.036 28.09
65.822 40.714
40.515 64.991
51.127 18.253
80.109 24.728
87.943 26.856
38.298 85.07
82.334 37.205
87.872 44.531
32.926 29.316
54.017 43.882
66.299 78.965
60.493 81.43
38.343 49.79
41.646 21.668
51.854 26.219
81.108 92.586
44.942 84.092
91.572 30.921
33.509 64.281
63.28 63.864
44.709 83.903
73.068 27.802
57.072 33.367
63.251 40.531
75.732 85.673
74.183 15.766
48.996 24.454
71.319 78.942
88.016 34.529
70.71 40.469
60.318 69.96
90.179 28.727
80.827 29.52
33.524 27.627
53.812 83.723
44.7 88.358
76.651 34.396
61.339 39.792
49.296 71.802
72.945 47.107
75.516 31.267
44.706 69.461
43.722 77.707
56.597 30.748
69.163 74.362
49.857 74.725
41.071 69.202
54.481 18.202
67.184 70.519
79.454 36.785
45.884 94.691
50.687 33.297
75.453 31.449
71.76 79.814
84.356 43.235
79.54 31.184
38.353 61.297
59.813 26.954
38.373 66.951
43.837 40.019
68.625 74.308
49.759 31.806
88.358 38.518
41.346 64.47
40.75 68.01
56.439 83.142
52.957 70.068
80.37 37.998
50.033 74.708
38.107 82.337
29.782 70.821
54.683 69.949
89.617 38.881
34.944 32.5
61.735 76.974
79.3 39.94
51.931 85.515
24.17 78.307
46.123 76.495
47.952 82.54
57.823 70.797
63.091 83.517
46.399 72.906
38.36 17.199
65.741 74.148
82.917 20.093
62.298 65.826
66.742 72.054
41.593 43.115
72.47 26.754
68.559 74.918
61.976 40.107
98.664 21.034
67.44 47.782
93.129 40.289
81.269 76.798
42.703 30.519
60.945 57.611
59.497 43.128
40.081 28.558
87.733 24.468
32.569 27.996
28.905 32.247
70.222 75.576
45.033 38.812
38.625 76.23
60.073 70.429
28.496 71.209
62.986 72.282
48.996 25.931
42.068 76.714
45.825 35.985
72.396 43.489
74.862 41.326
50.095 84.099
76.058 72.751
52.342 80.559
44.95 24.808
44.506 72.616
35.112 86.954
51.957 24.471
81.471 53.646
79.157 31.418
53.074 75.155
59.173 71.949
56.575 87.946
77.323 86.954
56.762 25.427
43.613 20.313
69.905 31.814
60.006 69.247
60.937 78.751
44.646 75.607
42.801 23.095
37.743 86.153
68.289 29.557
79.68 31.395
55.938 35.183
65.673 68.993
22.833 69.959
46.006 74.204
24.26 24.594
32.544 76.136
44.78 67.979
78.675 23.644
40.266 75.026
74.295 18.364
62.803 81.463
75.567 27.903
71.723 41.843
66.384 65.72
39.142 23.961
49.773 37.388
48.541 41.456
68.126 81.801
66.399 38.345
63.736 88.321
47.917 41.973
37.102 58.391
62.853 83.908
46.064 66.72
84.09 77.01
57.177 63.018
52.045 30.478
78.173 20.52
44.737 24.009
58.123 60.409
88.336 48.144
46.769 36.266
27.252 67.583
61.372 75.738
47.272 33.48
87.358 30.124
48.818 83.852
54.744 36.703
34.873 74.429
74.435 39.888
34.374 76.783
84.123 36.765
68.919 36.615
39.401 33.303
58.886 76.739
36.024 69.245
55.011 28.099
31.783 84.139
78.969 45.243
44.794 28.436
47.685 71.017
58.809 75.036
40.25 75.768
61.053 36.569
47.427 36.199
54.855 27.147
44.784 29.452
50.721 33.766
28.895 69.199
65.419 33.605
85.745 47.061
67.068 51.678
61.761 75.468
68.377 73.237
40.652 52.947
43.23 86.503
75.521 28.544
51.212 90.856
58.547 23.345
79.977 40.879
54.762 39.504
53.115 87.845
83.476 22.733
51.733 36.302
36.372 84.223
62.012 76.901
52.869 17.903
49.59 33.254
87.551 21.354
62.844 81.921
80.665 39.218
84.34 77.241
34.912 33.481
70.023 79.92
30.06 93.89
75.48 39.766
48.05 82.318
46.871 48.38
38.625 67.172
31.95 74.247
54.409 72.567
39.32 71.636
38.881 74.809
67.923 84.437
69.935 85.97
38.867 23.863
33.393 29.164
36.456 31.479
49.122 77.331
78.45 18.677
32.684 79.16
86.373 32.31
76.453 39.401
60.792 37.543
54.835 20.966
48.126 29.903
50.964 83.152
40.151 28.882
79.411 40.648
38.197 73.764
68.586 32.881
71.782 81.359
77.181 32.187
60.196 86.905
51.094 28.931
44.249 36.512
18.855 62.829
30.248 65.14
36.927 75.166
49.017 85.6
37.008 70.326
40.453 55.355
28.728 63.661
50.501 34.563
69.152 27.062
62.083 27.789
44.093 20.818
44.69 69.313
70.054 36.15
76.164 29.261
60.68 72.243
78.632 33.772
76.866 82.222
40.737 24.671
37.51 77.919
62.281 39.485
17.572 66.524
34.335 31.14
58.156 56.857
62.126 88.876
55.557 66.482
75.328 33.572
85.466 29.397
32.026 71.697
31.003 82.329
90.898 26.646
51.824 69.54
31.375 34.858
42.099 24.767
46.397 68.578
63.184 23.856
57.569 70.498
58.758 95.276
53.564 26.478
78.183 33.896
47.198 66.361
39.977 85.845
51.275 79.794
52.549 32.765
32.852 20.895
51.14 84.514
64.707 84.868
77.063 86.667
53.352 30.327
36.807 75.36
53.602 69.89
77.316 22.911
73.12 70.655
32.554 80.753
38.618 32.245
46.087 34.404
40.309 83.085
43.407 32.377
74.788 28.69
42.737 36.404
31.234 67.864
43.182 26.578
25.434 72.202
48.098 36.812
60.146 66.923
41.049 90.518
80.71 32.02
54.941 81.868
47.239 80.526
60.227 81.142
28.447 82.712
38.128 28.431
62.135 67.8
78.217 69.663
65.229 86.513
54.823 72.505
31.013 70.669
36.293 65.51
90.187 28.57
35.161 82.236
47.082 84.076
37.37 78.454
67.667 80.987
75.764 33.449
40.693 19.365
53.492 89.05
80.284 36.194
73.429 13.415
43.694 73.176
72.333 81.434
53.096 73.367
63.994 40.808
43.343 33.964
37.614 70.606
83.156 19.658
61.302 45.559
50.506 18.553
36.95 29.029
69.577 27.978
33.905 68.446
57.735 84.303
39.008 28.597
78.944 26.497
28.688 72.041
55.504 26.117
40.432 68.517
39.231 27.559
33.48 66.332
52.192 22.745
75.431 30.615
41.849 23.169
78.289 32.773
51.252 65.692
44.197 77.44
37.02 29.893
40.836 17.29
23.263 66.562
42.301 75.369
84.047 27.378
52.909 69.795
77.725 35.535
58.244 93.013
43.342 36.905
55.932 78.695
56.377 41.851
42.146 78.892
29.806 68.418
57.944 33.588
68.979 88.74
88.975 26.741
48.294 79.506
77.95 36.944
65.049 90.041
56.898 61.444
39.11 55.194
49.809 48.619
47.939 84.383
71.704 28.282
79.611 28.594
55.125 87.005
79.612 28.079
64.849 24.761
85.716 44.891
78.953 38.823
90.357 29.857
44.9 78.662
62.797 84.272
38.314 39.194
42.978 72.142
86.996 93.816
55.682 90.874
52.637 84.322
78.14 79.52
39.848 81.836
30.353 38.348
41.454 38.009
30.395 66.322
72.44 62.683
77.345 23.309
35.912 23.812
71.678 27.827
87.778 45.796
85.861 35.852
50.187 34.777
76.755 18.002
34.911 21.295
61.157 85.619
48.647 36.598
47.895 48.811
52.077 29.69
72.261 87.521
50.499 73.486
48.195 28.5
74.806 48.801
59.185 48.696
77.74 21.24
38.984 65.846
81.842 36.025
35.63 35.275
36.795 76.964
44.503 37.42
68.139 45.417
47.569 32.725
42.429 31.034
29.426 83.64
32.924 83.277
38.92 27.945
37.553 75.901
41.699 44.764
48.262 71.275
71.092 85.704
34.368 39.167
28.571 52.768
47.734 66.245
35.032 64.407
57.606 80.697
40.846 76.257
24.079 78.691
74.788 31.885
84.329 30.186
41.038 74.551
73.146 80.028
60.521 37.215
55.65 26.003
71.165 76.487
42.569 38.161
34.539 26.036
50.546 33.357
33.908 34.126
74.858 33.411
63.734 32.808
46.702 24.653
41.076 59.486
31.197 79.815
26.553 78.337
59.724 72.34
41.389 81.424
76.699 37.473
38.94 29.161
31.913 6.418
61.69 35.231
77.538 40.11
39.301 31.3
40.658 76.487
56.234 78.422
31.569 20.669
47.545 37.199
44.268 31.705
61.548 73.592
29.153 30.411
26.114 27.8
68.709 25.089
46.147 26.608
38.722 36.667
73.255 30.816
74.195 80.678
32.278 84.919
36.19 73.116
44.26 37.923
37.456 70.914
48.286 27.113
78.712 29.953
50.9 83.222
80.527 34.697
55.105 73.432
35.29 69.484
58.596 25.499
39.085 73.772
77.516 18.011
58.132 89.024
45.158 53.438
87.281 32.976
71.812 88.241
78.511 23.281
39.084 59.73
35.619 72.594
67.051 77.603
26.808 81.857
70.957 88.14
37.311 40.825
80.6 30.488
81.099 33.52
72.024 42.445
45.682 40.289
42.828 38.057
46.366 75.214
36.21 76.601
80.398 36.666
44.268 19.936
72.186 39.645
38.354 87.664
72.116 77.392
48.32 28.093
63.456 81.418
66.607 84.059
72.263 35.86
68.863 87.037
63.504 81.883
28.211 79.202
42.403 83.006
66.647 79.624
39.248 72.183
68.741 90.591
70.396 41.224
77.769 76.631
59.591 23.74
77.65 27.226
32.426 71.143
77.82 30.472
35.87 90.82
87.09 41.62
26.235 76.679
58.57 78.101
60.712 86.696
41.865 43.22
64.951 27.525
41.936 84.809
71.586 84.688
45.967 72.367
69.324 81.454
65.723 69.952
80.259 18.07
62.523 88.493
38.483 24.209
77.233 38.168
48.549 68.629
51.487 81.729
63.334 90.889
43.637 23.283
54.915 68.631
53.434 81.966
46.112 37.003
82.051 44.11
31.119 66.649
70.559 71.965
53.781 93.073
48.681 95.215
42.109 67.71
57.765 69.187
52.386 33.574
44.137 37.591
49.311 24.672
36.557 22.442
82.164 38.69
45.3 27.322
63.984 83.028
39.967 57.672
64.417 85.558
62.33 71.572
76.462 82.716
48.92 72.49
54.793 82.311
55.547 67.262
64.843 48.399
45.542 28.509
65.869 19.879
37.748 84.113
75.211 84.432
43.893 23.307
62.879 79.164
73.038 37.407
51.205 28.694
40.969 85.478
25.027 81.742
70.329 27.718
40.838 26.215
36.003 34.981
41.137 70.591
37.781 74.773
44.509 73.24
78.831 29.176
57.456 72.189
68.591 43.254
54.499 39.081
49.665 88.302
62.757 85.308
69.077 87.834
63.591 82.997
74.005 84.069
82.421 37.883
89.629 37.806
45.769 41.229
60.235 39.211
43.362 67.242
74.302 38.758
70.125 22.659
46.42 74.553
62.175 28.419
65.996 36.787
64.333 80.21
30.742 64.176
83.432 34.454
76.076 78.092
78.234 69.614
79.892 24.325
36.367 64.237
39.931 44.532
75.98 35.233
61.736 83.503
50.022 29.178
44.095 73.743
41.114 22.301
51.664 75.41
34.803 68.098
60.051 70.632
44.193 78.596
36.579 64.254
64.874 81.694
80.041 88.925
35.017 77.298
75.548 51.042
84.735 30.211
40.607 11.614
34.415 78.728
29.209 61.712
76.517 32.13
84.099 33.435
51.534 33.344
79.978 20.669
74.059 39.31
41.531 64.119
82.14 73.659
37.22 27.526
64.912 85.513
72.16 16.82
78.854 32.931
77.927 48.193
54.219 79.677
38.693 42.088
35.456 36.521
40.58 66.144
40.735 90.037
69.975 61.322
52.362 66.415
80.925 46.598
57.056 78.104
49.434 81.526
87.541 29.818
29.272 75.126
56.995 76.255
88.831 25.974
22.211 78.626
40.95 77.388
38.213 77.492
55.183 75.058
60.764 72.075
68.67 54.118
58.622 23.903
62.276 78.724
76.848 42.386
50.02 71.841
63.142 71.543
62.866 21.854
62.25 69.979
64.002 80.054
79.716 42.654
60.675 82.937
41.774 80.807
40.891 30.321
66.405 79.395
33.791 64.526
85.171 22.648
60.392 87.749
31.424 80.785
50.162 78.708
39.116 31.847
74.28 74.978
42.771 79.527
72.657 31.147
93.319 33.888
79.77 22.803
64.817 86.161
32.155 82.888
73.1 83.192
44.206 39.456
65.814 88.182
89.921 25.865
57.176 35.264
37.963 34.306
55.671 68.468
61.045 67.599
26.374 63.018
44.901 67.758
87.052 40.751
65.672 30.257
83.405 20.206
38.555 73.209
72.433 25.879
26.424 70.109
42.211 16.359
45.668 75.379
40.61 76.701
36.785 30.644
37.548 53.126
61.6 30.892
45.75 27.054
44.25 69.557
39.872 28.131
70.328 27.954
55.845 81.926
45.113 42.764
50.239 84.621
85.238 32.241
43.806 33.446
34.53 66.672
77.09 25.621
62.615 78.41
28.033 70.542
46.77 20.738
43.452 74.654
83.776 22.752
77.051 78.34
52.891 38.507
20.048 88.165
40.819 35.627
36.981 73.142
65.735 76.298
73.146 74.158
63.509 54.241
38.462 62.741
63.028 73.416
35.871 70.747
85.003 43.754
67.984 72.323
88.143 30.618
55.451 65.434
74.597 30.25
49.507 34.871
43.197 23.529
43.447 81.661
61.854 78.97
38.806 82.985
60.862 35.142
83.236 18.737
43.28 72.465
47.68 64.993
25.892 79.647
44.084 43.098
83.851 25.411
49.32 26.369
74.148 77.012
55.197 85.333
72.536 23.244
80.136 31.595
48.417 33.797
36.198 85.217
70.855 88.728
72.697 30.356
79.005 40.18
60.557 70.042
82.255 46.697
79.1 80.095
46.47 76.458
42.387 79.19
27.417 67.327
38.324 78.158
57.882 78.161
29.201 19.705
43.875 76.184
85.308 35.377
50.978 14.774
83.999 25.108
75.342 29.309
54.804 89.271
28.065 40.269
76.607 40.685
69.543 93.001
44.556 80.641
43.297 40.122
44.662 32.961
65.404 89.128
34.503 68.944
37.912 81.309
71.911 41.488
38.035 45.836
65.37 47.071
44.827 75.985
66.215 45.793
39.822 32.845
56.549 83.031
39.331 19.683
75.815 38.064
42.891 40.081
72.301 25.748
57.787 49.484
65.231 79.524
33.559 51.944
73.46 36.466
82.549 26.39
70.96 50.261
40.332 28.646
71.746 94.748
40.06 82.749
93.558 53.382
64.747 36.498
50.048 37.895
27.426 74.926
40.851 30.814
74.628 20.935
73.27 31.617
27.489 81.971
49.889 28.23
63.081 86.93
79.72 34.337
37.41 21.234
62.059 86.287
75.882 30.01
31.166 63.052
44.084 78.792
72.389 34.361
69.997 85.12
46.526 24.651
60.321 31.659
76.84 34.384
82.227 43.34
71.152 79.153
69.252 85.924
35.334 87.841
31.707 83.571
58.724 29.852
55.615 86.347
56.122 67.681
59.517 75.616
44.028 68.589
76.964 17.713
56.195 77.278
77.901 19.203
47.277 75.956
42.42 61.832
73.404 22.448
30.59 78.294
41.04 61.147
40.724 25.526
79.231 42.691
69.499 35.066
60.623 28.396
55.275 82.933
49.03 78.559
90.907 37.519
