100 3
50.0 50.0
54.273 26.937
49.37 26.567
45.772 48.327
12.421 59.5
59.475 39.383
6.834 58.522
85.684 63.677
50.176 26.864
81.492 62.413
47.15 23.112
29.574 59.7
24.548 66.106
64.505 65.28
27.267 52.944
75.795 60.982
21.281 71.701
62.234 32.563
78.404 55.097
62.421 33.606
64.969 55.264
54.417 25.612
43.363 38.518
13.236 52.222
69.343 79.189
73.32 64.651
24.026 66.636
69.119 62.27
52.735 25.767
73.105 54.441
99.719 66.726
57.908 55.442
69.4 62.089
74.159 63.036
28.135 38.652
78.796 65.275
15.669 65.197
65.237 45.592
48.928 27.128
49.462 25.273
61.274 23.608
66.432 53.264
29.706 63.532
22.827 53.367
17.333 42.89
39.134 23.965
55.383 24.404
20.853 71.307
39.706 27.843
29.339 65.376
18.418 56.259
20.362 55.746
85.425 57.054
58.795 27.148
78.965 57.982
26.066 58.296
29.756 47.765
87.47 75.989
83.332 71.178
85.026 55.971
16.715 69.449
53.667 39.753
54.73 15.339
49.351 26.314
18.651 65.429
30.521 52.709
64.044 27.593
8.258 52.202
90.895 52.185
57.33 23.707
68.748 80.075
27.039 71.998
72.973 75.697
21.692 69.619
30.959 39.7
59.973 40.833
28.321 59.722
13.913 52.26
52.194 39.134
45.98 23.946
81.014 80.575
88.444 70.702
48.212 19.107
22.492 47.105
46.368 26.07
52.759 17.223
60.425 38.43
58.689 23.713
43.543 24.778
20.978 66.604
66.23 58.056
20.761 67.01
11.18 72.329
19.428 54.942
51.641 15.763
89.064 58.554
20.364 72.943
68.981 26.363
73.391 62.037
83.211 47.426
