100 3
50.0 50.0
39.921 64.895
37.746 70.685
44.986 75.631
44.206 90.26
68.751 27.894
13.229 44.048
36.68 70.846
57.069 85.102
33.326 69.17
41.849 21.357
19.862 40.599
36.727 67.697
10.122 38.168
25.221 33.274
41.923 73.938
38.294 56.718
53.92 91.491
26.474 27.776
21.173 42.342
56.002 22.859
29.813 84.859
31.13 61.126
18.847 43.86
63.099 28.417
53.705 83.822
60.531 13.631
36.572 78.81
29.536 76.857
22.991 32.81
60.523 22.782
36.216 84.212
64.927 9.624
18.278 61.649
33.422 35.338
31.897 34.946
69.084 27.67
48.133 66.222
59.783 76.626
33.258 49.713
28.806 26.593
33.455 52.139
58.979 85.533
56.165 79.015
26.859 62.407
23.116 69.356
41.122 68.351
29.563 64.578
48.019 77.87
31.555 40.887
31.32 67.216
65.613 28.682
21.033 62.33
34.06 63.878
34.864 30.845
23.857 42.993
21.775 33.16
17.252 36.485
56.902 21.695
26.923 41.463
48.14 4.983
46.148 73.045
37.845 84.562
60.162 28.89
75.287 18.82
11.806 45.123
23.964 77.792
34.116 48.752
15.337 19.369
37.719 77.519
10.75 24.202
23.258 28.652
23.839 77.934
42.67 38.865
29.942 24.367
62.722 33.766
54.315 28.916
24.493 53.015
46.38 77.873
44.402 84.44
45.239 34.826
13.04 41.861
47.286 74.375
42.459 76.087
32.29 55.624
36.643 76.86
49.381 24.859
40.758 72.406
61.715 3.859
26.955 60.495
49.533 21.711
50.799 64.831
48.833 77.116
20.98 36.011
23.58 63.714
19.412 33.663
16.165 35.581
34.094 74.843
75.931 13.03
33.655 76.353
