500 3
50.0 50.0
39.725 69.017
9.694 14.154
40.823 65.898
36.52 24.805
31.241 14.616
47.012 66.136
57.076 74.679
4.232 85.793
41.41 9.175
70.292 27.082
39.78 72.974
24.169 65.285
26.121 81.447
33.792 76.619
70.422 39.068
27.776 88.171
35.153 18.529
75.05 27.413
59.999 34.76
60.032 37.646
45.779 58.706
39.977 17.54
71.856 50.221
15.158 20.813
45.278 69.026
41.446 65.529
40.667 67.974
32.159 92.77
43.703 77.063
23.505 24.377
44.296 76.209
27.661 82.463
17.46 70.556
33.893 82.408
76.789 32.509
29.622 79.348
16.036 5.2
25.368 85.463
30.475 23.044
49.285 56.64
19.304 85.244
22.225 92.445
23.181 18.042
36.719 34.819
40.105 82.389
52.061 22.382
45.949 67.761
55.953 69.014
23.941 80.732
17.072 83.212
22.986 73.398
56.749 33.072
36.586 20.435
17.642 27.149
50.21 60.35
12.773 15.248
26.859 89.9
17.971 74.542
27.696 26.235
19.497 80.571
64.827 45.942
26.298 82.662
33.35 77.702
42.296 61.485
70.219 32.032
25.631 13.142
31.656 20.575
35.313 23.052
56.515 16.887
43.245 18.376
28.925 76.225
29.883 93.827
63.585 46.854
23.427 91.009
56.568 45.263
37.532 27.25
22.49 75.26
47.0 65.395
48.243 31.554
35.501 10.075
75.551 51.921
18.884 24.518
18.421 24.065
79.92 40.655
20.996 32.325
49.733 68.805
55.747 57.12
14.864 84.193
58.243 71.599
50.611 65.59
47.012 61.074
31.114 82.449
68.25 38.243
29.78 18.101
48.352 69.06
37.29 24.603
27.893 21.025
60.675 39.74
65.93 32.321
22.837 87.303
56.213 50.047
25.242 74.181
50.203 69.225
22.747 70.628
15.788 92.789
59.535 53.393
31.982 24.904
21.39 87.997
50.844 71.247
22.532 15.615
46.585 29.609
70.037 42.592
66.171 37.433
56.555 73.792
72.528 36.011
34.704 18.581
72.878 41.391
55.787 70.565
32.099 68.478
50.231 74.53
61.727 72.492
28.61 90.427
16.364 87.426
19.71 85.133
65.444 54.227
71.147 57.862
21.226 71.103
73.595 31.833
16.662 77.324
8.908 77.729
73.387 30.404
31.149 80.651
56.41 44.442
26.584 72.196
35.162 9.961
34.39 71.372
69.833 36.443
40.31 20.524
62.604 53.635
63.744 42.713
39.841 63.894
66.062 37.594
42.013 64.375
21.188 87.606
30.832 88.407
70.061 48.46
46.622 74.932
19.258 81.51
65.494 41.0
8.65 87.908
23.864 78.628
20.239 12.429
44.872 79.42
40.803 9.311
75.923 37.072
33.636 89.587
43.341 71.044
31.515 81.239
27.698 28.057
27.772 25.222
22.749 8.281
65.455 43.708
60.755 26.637
21.186 10.689
31.241 85.47
13.894 89.085
22.764 29.487
36.787 21.185
42.784 14.168
42.633 28.412
77.744 31.314
24.587 66.378
72.984 41.598
69.73 40.121
32.089 21.446
57.859 43.63
83.057 40.571
64.977 39.438
70.731 16.988
31.867 86.524
52.457 74.233
80.94 48.547
62.012 73.272
30.446 20.619
26.509 12.063
57.414 74.672
28.701 77.553
21.377 73.349
71.567 28.137
50.703 41.024
32.78 9.649
36.978 16.354
50.231 67.823
28.08 89.722
67.881 33.706
50.073 66.528
65.399 32.175
21.011 70.381
51.407 81.807
54.58 62.991
26.812 79.202
33.949 78.907
34.279 12.903
29.423 23.361
39.683 87.42
51.92 48.182
30.383 76.189
16.844 99.606
37.473 11.503
45.832 78.152
21.954 76.653
16.443 78.597
67.614 55.784
42.446 65.156
26.566 22.094
65.272 33.106
74.471 32.24
34.906 19.34
75.378 30.656
42.791 61.27
40.398 24.933
29.211 16.502
58.191 23.642
35.422 69.127
24.574 85.46
34.677 58.341
33.976 84.879
8.577 81.481
59.568 68.817
75.1 41.06
20.411 23.184
51.56 83.683
73.149 32.462
17.224 88.043
19.765 86.393
67.76 30.327
75.609 34.96
37.254 65.322
21.568 85.274
46.96 71.645
48.797 62.946
37.999 13.389
42.662 64.902
21.703 12.879
49.141 39.039
76.024 40.208
24.117 15.447
69.373 25.962
45.724 71.924
32.301 88.45
20.94 25.734
44.503 84.129
28.008 25.593
39.885 79.444
33.31 24.535
49.29 50.01
73.528 42.787
27.721 20.239
29.392 17.597
54.363 74.264
20.394 88.349
42.122 79.395
63.251 42.609
25.253 82.692
26.281 82.018
64.684 36.416
30.541 31.253
67.209 31.099
58.985 75.462
61.719 38.802
36.078 84.231
24.682 78.793
26.05 83.845
25.311 81.986
41.8 76.688
65.942 26.661
44.012 69.894
37.223 72.722
35.68 28.874
41.239 71.71
23.791 97.039
46.9 74.619
41.071 27.574
25.667 79.867
52.075 38.869
33.155 81.351
18.946 82.844
25.211 27.823
46.958 38.626
68.129 37.889
21.252 27.357
26.878 77.111
35.19 10.651
15.335 30.834
52.904 87.17
46.089 71.871
51.468 75.402
29.389 16.632
47.849 81.365
69.684 36.288
23.546 69.763
45.462 82.184
47.524 64.692
24.347 23.331
76.891 38.399
68.84 33.867
29.066 21.34
72.152 36.511
45.785 81.076
33.117 20.934
25.788 88.898
30.972 78.55
39.801 71.924
39.386 87.598
41.712 69.513
57.99 63.392
57.122 40.531
30.623 15.809
51.922 69.535
30.603 78.873
68.163 35.047
37.558 90.235
38.564 27.757
28.399 15.524
46.773 66.85
45.406 74.94
26.561 77.331
16.959 80.363
36.591 78.906
49.308 72.135
17.649 88.516
36.707 22.012
61.678 41.995
48.124 56.581
34.271 11.459
11.988 75.731
21.927 77.476
17.386 69.967
36.876 78.433
24.256 86.31
75.39 31.206
71.274 29.737
29.991 87.849
46.337 77.572
10.455 81.641
51.773 44.501
40.941 72.062
68.152 41.864
32.876 19.559
38.625 84.747
43.595 67.73
30.022 21.78
34.25 28.922
32.733 15.12
15.15 63.294
6.645 72.026
22.676 29.954
66.511 25.543
43.222 67.306
50.255 28.138
23.142 65.636
29.253 21.722
16.709 78.331
30.015 16.544
23.69 23.707
49.533 90.795
23.367 78.779
16.058 77.429
24.901 18.79
6.657 65.767
11.628 78.718
70.976 20.867
33.94 74.605
46.863 67.581
70.719 42.069
49.032 78.105
20.667 76.124
20.661 87.88
51.645 66.896
26.515 75.524
18.42 77.612
29.761 66.226
64.428 28.852
66.391 57.979
48.115 20.805
32.852 10.172
68.191 50.901
62.41 29.185
28.658 12.378
31.93 26.305
27.85 78.534
75.97 35.805
30.896 69.552
34.874 28.259
21.189 77.427
17.813 24.207
34.938 77.356
37.186 14.081
38.15 91.295
36.158 77.59
12.696 83.426
34.204 81.202
33.634 75.641
17.231 81.99
58.852 25.908
39.888 91.434
32.626 77.805
51.315 62.74
41.514 22.924
55.893 79.187
25.414 77.994
41.665 70.49
67.981 75.643
23.063 17.192
38.797 81.6
65.175 68.843
39.041 26.099
27.747 12.17
42.656 72.587
26.01 78.75
38.187 36.36
33.365 95.208
45.836 67.837
66.793 33.481
63.558 34.022
44.134 64.347
50.854 69.803
35.862 12.838
46.643 76.515
26.833 21.427
13.628 98.483
50.439 70.987
61.633 21.418
42.394 24.34
27.087 22.919
58.387 77.361
67.814 26.331
56.54 69.967
31.289 8.722
32.102 25.642
12.74 83.386
16.932 83.813
24.861 70.957
21.13 77.652
17.534 71.239
53.697 79.717
41.59 19.584
46.372 76.225
54.526 63.098
23.52 3.312
38.742 19.631
29.478 82.608
14.147 78.313
65.405 44.79
71.055 38.8
61.827 33.737
34.706 14.317
33.913 26.734
25.272 14.736
30.926 24.328
70.541 41.515
67.328 32.331
72.897 42.96
60.949 31.147
61.439 33.856
49.598 66.799
55.573 30.263
63.566 48.612
42.471 81.519
60.903 47.937
10.054 76.7
41.932 72.433
71.575 28.793
23.146 13.856
24.415 74.115
62.251 38.47
32.093 32.141
30.752 80.238
57.711 62.372
18.642 21.232
60.111 37.98
33.333 89.507
25.075 79.072
26.881 13.21
66.844 22.801
13.997 86.822
25.051 18.281
27.05 88.263
54.827 63.453
56.671 53.401
36.05 53.926
23.54 75.6
10.363 79.846
28.513 79.577
31.48 82.738
24.463 90.039
20.419 19.414
42.547 75.122
55.912 37.222
