100 3
50.0 50.0
25.317 48.232
21.706 52.58
10.906 41.589
21.066 72.532
83.013 71.695
75.624 72.658
73.193 80.063
31.862 53.55
68.891 72.062
29.037 61.983
24.552 80.066
75.099 68.763
80.706 75.992
79.795 73.032
26.858 68.994
32.443 81.54
78.152 60.47
65.148 28.455
18.413 70.111
18.999 87.52
22.06 50.86
15.655 44.7
36.391 81.911
31.848 49.972
78.176 85.734
35.288 52.126
84.758 32.348
34.967 43.609
39.607 55.768
93.432 74.465
14.842 70.584
89.506 70.766
66.895 33.322
25.213 62.327
61.861 78.054
82.171 82.455
32.821 61.829
73.259 81.266
31.058 32.414
37.735 51.653
68.116 47.316
83.698 42.349
33.13 73.85
86.719 75.62
91.763 76.356
66.845 68.476
70.809 30.209
78.378 68.832
76.875 88.75
59.037 30.7
21.913 55.055
34.151 78.385
44.407 44.083
37.002 62.864
74.393 81.947
37.132 32.868
35.463 77.418
29.826 74.76
59.809 42.685
16.987 55.024
51.362 75.749
62.914 35.2
80.515 69.657
45.62 66.253
75.831 78.519
25.278 30.695
72.738 29.272
57.522 47.163
27.398 46.208
64.919 48.543
84.154 35.034
28.397 80.626
39.44 71.699
71.113 42.563
28.493 70.3
63.547 74.805
26.051 48.008
83.055 46.201
68.272 41.091
80.014 71.389
38.348 57.607
18.477 48.917
40.909 68.223
70.963 77.367
64.444 44.802
67.536 41.851
75.83 73.802
72.334 47.209
80.994 58.028
29.217 43.989
72.866 27.83
28.598 48.894
78.399 47.961
37.852 58.113
87.286 32.784
34.725 68.405
63.509 35.823
72.749 36.867
38.756 63.171
