1000 3
50.0 50.0
74.829 25.742
44.97 67.0
21.148 62.626
33.625 68.058
26.667 65.985
11.189 55.457
71.413 16.169
68.242 18.127
58.424 67.03
56.162 66.421
34.304 52.839
11.483 59.734
36.27 65.74
57.32 30.126
58.175 71.191
18.807 64.477
57.13 32.752
18.983 67.102
23.283 44.929
58.033 16.453
29.081 49.08
74.662 65.684
65.35 9.671
68.386 23.761
53.69 62.388
56.755 60.631
56.607 69.803
71.523 27.924
61.79 71.55
74.984 26.21
27.925 64.699
15.737 67.34
55.441 60.577
66.711 14.99
43.643 62.337
61.555 69.614
66.021 68.443
40.961 74.825
30.674 43.839
58.935 64.015
54.848 54.669
70.284 74.302
26.576 65.355
55.042 74.41
58.835 19.094
27.964 53.672
62.585 29.08
59.984 33.931
41.767 77.835
50.783 25.598
74.27 25.905
26.439 65.865
64.916 21.245
39.99 59.686
14.431 69.813
66.046 20.287
7.606 73.679
47.683 15.244
33.95 79.566
17.161 60.108
68.127 17.013
55.474 26.266
46.391 61.854
57.393 82.077
60.341 56.435
19.641 89.5
63.898 65.147
69.043 14.707
22.223 81.056
58.812 19.019
13.837 52.426
27.103 65.148
47.369 68.709
28.197 63.388
67.444 18.154
19.217 56.36
71.379 22.341
22.28 50.195
69.019 15.77
53.195 83.598
51.155 67.505
68.721 76.528
57.129 64.621
50.814 32.488
47.068 65.797
68.434 20.305
70.719 26.368
65.455 80.288
52.536 9.264
26.932 47.413
55.722 74.361
21.529 59.335
52.756 17.752
20.844 57.21
59.921 13.929
70.527 22.729
49.531 80.254
33.831 49.084
72.86 34.831
74.729 71.48
63.494 12.323
41.125 66.42
58.562 72.831
59.563 63.469
60.339 15.771
29.474 69.749
54.942 5.199
52.139 12.017
54.797 23.625
64.671 65.979
50.152 61.053
27.89 66.925
51.217 83.394
66.303 22.977
71.099 9.5
75.346 41.807
21.871 69.304
36.388 65.941
53.154 67.225
58.061 85.678
64.152 63.156
61.105 16.003
56.132 57.972
17.587 51.97
48.165 73.971
73.555 30.663
72.557 22.418
69.171 28.603
71.178 22.931
61.262 5.965
68.013 78.679
25.889 67.621
59.736 14.882
17.855 72.437
59.323 54.083
54.884 65.337
46.303 69.659
78.974 24.305
53.157 62.773
21.7 65.767
28.375 66.986
55.187 8.571
54.494 77.871
25.881 78.607
20.87 53.667
51.358 58.166
9.523 54.61
60.905 8.385
56.074 24.406
62.101 73.648
15.69 68.299
22.714 53.875
9.961 56.785
64.721 28.512
62.673 9.749
27.681 57.161
51.38 31.496
36.074 64.165
58.849 70.553
19.595 66.346
57.134 70.292
39.748 55.366
58.017 83.412
28.513 59.799
53.549 70.582
65.98 72.641
22.17 63.97
55.551 80.245
45.221 8.919
17.128 58.584
64.6 92.593
16.518 75.272
63.706 66.135
63.207 53.37
60.781 20.393
75.698 57.425
69.719 7.887
52.929 70.645
13.146 68.162
66.304 78.362
23.695 51.49
65.308 56.923
23.197 68.724
46.696 18.12
51.777 88.435
57.556 60.859
67.688 23.278
62.788 63.056
67.794 19.035
27.219 68.9
73.098 25.073
60.468 73.096
58.54 55.766
44.456 59.916
19.141 73.377
60.129 33.502
70.334 8.296
64.63 88.023
60.549 31.411
21.516 60.867
58.747 57.641
62.819 21.894
60.818 28.667
19.558 63.108
38.942 57.244
66.363 67.271
62.549 58.3
62.291 14.527
21.022 73.343
18.806 59.892
61.084 19.465
62.147 29.33
39.567 62.149
27.769 63.358
82.764 24.013
23.842 48.425
26.352 76.748
36.282 76.412
71.843 17.937
58.008 74.187
38.524 63.094
44.071 72.768
13.089 64.992
63.134 71.685
50.952 56.417
33.932 58.003
58.648 65.123
71.411 29.69
64.017 69.889
77.866 62.357
55.152 62.623
44.854 63.201
54.819 63.16
64.085 69.53
16.476 64.61
32.087 57.836
31.452 60.698
67.792 18.557
49.671 68.119
31.347 56.97
76.172 24.512
53.583 67.435
71.586 24.973
52.431 61.699
15.713 51.686
67.609 13.147
18.433 65.765
36.239 73.28
78.524 27.486
75.564 64.803
50.568 60.993
32.609 71.019
45.985 68.164
75.809 22.686
70.289 4.202
56.044 85.999
73.315 28.692
61.01 76.403
21.885 53.792
25.663 77.569
61.545 17.903
64.811 28.393
50.975 13.065
62.989 70.549
54.792 63.975
65.177 66.004
33.758 59.352
53.822 68.87
63.408 68.403
54.493 59.483
61.195 72.436
21.571 76.801
62.51 23.652
29.451 52.498
47.733 63.26
21.315 56.754
70.355 18.575
42.15 79.423
57.328 65.297
26.157 64.769
30.325 49.333
69.498 22.656
61.669 69.584
61.314 78.165
14.134 53.102
35.951 54.594
19.806 61.847
62.273 25.834
47.924 70.966
46.087 65.194
21.467 73.599
57.423 18.586
34.305 55.196
62.297 72.4
57.899 54.519
42.655 64.283
49.082 65.862
31.199 53.083
19.04 67.212
67.921 17.924
18.191 62.836
73.166 15.896
44.99 68.542
25.51 52.31
57.66 17.456
64.38 34.103
67.868 63.545
28.835 62.516
77.644 6.268
25.297 52.496
73.773 72.267
73.577 32.743
55.067 45.084
38.928 74.604
27.712 61.654
50.019 61.277
32.759 59.772
42.699 85.302
25.413 51.833
68.319 26.425
63.44 26.672
29.649 67.002
17.69 70.383
61.078 41.324
61.555 31.242
66.21 30.367
49.961 71.846
63.659 68.792
77.235 28.628
51.625 65.653
56.319 71.852
26.03 60.83
60.907 61.91
70.437 16.008
63.522 67.793
53.414 58.504
53.836 64.448
22.93 55.022
59.824 7.271
57.981 61.576
58.384 26.6
57.189 65.246
17.315 62.999
18.421 51.379
63.077 68.665
72.063 63.42
22.012 64.335
2.547 51.455
52.13 78.357
49.025 62.702
34.774 60.593
60.329 14.712
48.822 73.749
59.497 34.434
63.324 12.738
48.074 72.407
74.419 21.807
56.072 25.324
27.954 64.878
59.79 22.953
71.726 13.915
57.437 69.896
51.807 67.66
65.858 19.206
15.959 61.897
58.956 69.819
65.784 68.272
12.432 89.465
2.677 43.891
17.642 69.067
66.156 30.935
52.975 67.494
71.477 7.0
67.042 15.013
72.797 24.296
45.872 18.831
65.569 22.369
22.003 58.026
23.925 63.629
72.016 16.604
59.549 61.097
15.92 58.276
65.272 31.924
81.177 16.241
55.997 78.891
16.036 72.699
65.298 53.271
54.018 62.073
26.51 65.257
60.689 18.748
53.77 50.079
61.607 81.117
38.649 47.419
66.62 28.772
55.965 68.339
71.147 29.368
54.312 69.302
49.731 70.791
27.463 63.298
65.72 21.222
46.44 57.559
54.573 70.956
59.594 61.451
57.329 61.926
59.31 59.752
33.043 47.094
19.282 53.509
25.352 66.078
82.852 27.01
60.196 78.246
44.031 20.342
55.711 84.363
29.61 54.917
63.11 21.485
24.781 56.282
52.736 29.613
58.006 64.743
66.297 9.799
55.459 21.614
10.879 54.12
61.267 27.212
17.711 41.12
73.19 43.599
60.841 23.19
73.87 21.235
32.37 55.226
72.195 30.986
26.804 54.165
62.31 60.96
80.743 26.743
64.016 82.109
37.109 65.829
35.043 56.919
55.315 60.301
63.047 62.438
64.076 27.459
77.152 19.675
71.954 16.261
30.995 63.981
71.778 23.944
69.561 22.434
49.681 70.208
57.695 36.934
25.513 64.236
56.869 72.92
58.804 29.735
79.624 28.698
28.104 71.971
63.574 22.726
63.52 75.359
61.914 71.228
27.006 62.023
70.469 55.341
64.946 22.275
34.422 64.824
10.999 76.216
83.812 38.164
14.094 66.569
67.75 31.447
50.0 68.349
18.487 58.085
32.729 65.241
46.826 24.308
61.728 56.225
55.21 63.191
30.981 63.091
22.712 33.413
12.543 67.277
28.712 71.213
74.311 23.104
49.272 65.79
66.09 24.601
59.289 25.747
30.447 39.985
76.66 24.849
75.592 16.823
63.332 61.052
58.515 73.696
65.533 52.442
58.7 84.791
57.663 27.908
50.772 70.869
65.384 70.095
32.929 66.996
54.833 72.284
60.523 21.682
54.196 62.282
63.13 33.4
61.925 13.752
21.721 67.451
56.858 44.009
70.825 77.4
22.469 59.933
45.519 74.707
55.543 26.422
46.633 75.067
66.517 75.755
53.188 64.007
48.403 22.471
53.925 65.444
44.892 53.927
54.83 27.864
68.579 25.163
31.258 59.257
78.823 24.374
63.288 35.376
51.599 73.219
73.088 34.327
69.898 13.956
30.018 69.081
33.25 54.674
69.089 36.832
67.259 25.759
30.103 67.324
69.752 18.387
24.309 54.236
59.665 29.077
45.255 62.895
57.484 57.072
58.435 21.993
63.632 18.778
57.35 2.599
11.907 65.079
59.058 60.298
26.566 57.573
37.279 51.158
44.322 66.242
53.598 9.922
53.113 69.487
79.228 18.992
23.182 69.954
50.199 62.615
29.946 58.693
16.236 64.283
50.179 79.553
59.979 22.202
67.484 27.242
29.769 57.907
27.224 63.196
28.958 59.069
49.242 11.821
11.062 59.52
31.589 49.88
39.304 71.815
41.415 64.126
53.582 19.165
18.785 61.191
61.832 70.15
59.424 12.809
30.664 55.337
51.125 18.409
66.989 26.307
46.862 74.082
22.39 56.211
54.23 64.633
19.777 59.203
26.535 61.754
64.448 3.52
48.028 26.385
1.541 57.218
69.849 22.793
54.684 59.953
53.864 79.625
24.267 58.817
63.554 69.848
60.285 26.591
48.137 58.236
65.357 67.201
26.212 70.576
22.4 62.194
30.228 61.001
30.313 60.292
53.606 13.914
55.897 58.22
56.231 69.757
67.096 25.996
16.359 60.456
28.778 66.0
76.499 12.733
28.055 87.124
70.217 21.586
52.068 63.163
62.26 26.624
17.445 54.91
60.678 64.913
70.426 17.79
65.662 75.982
33.024 56.223
74.796 13.013
67.239 28.117
72.981 29.715
18.534 59.272
47.665 66.256
44.969 72.597
22.129 50.752
16.8 79.493
41.38 74.342
57.649 23.672
27.44 52.7
54.497 59.345
57.4 75.39
20.509 64.19
59.045 25.59
28.044 45.276
10.711 71.582
55.499 63.369
57.788 56.681
25.293 49.496
59.269 15.014
22.266 68.376
59.607 30.97
27.046 82.982
59.34 15.668
65.865 71.577
58.527 27.956
48.681 17.509
5.051 65.704
24.548 57.289
57.156 77.738
57.139 13.79
29.509 64.033
62.587 40.748
50.417 73.793
32.47 64.563
57.779 16.797
31.588 61.743
37.933 69.297
22.523 58.549
71.341 27.331
63.044 15.949
40.181 57.747
73.787 29.813
44.818 62.793
34.798 70.429
31.125 53.397
46.202 56.747
17.955 69.493
73.555 19.205
43.836 81.353
35.43 64.798
57.791 33.557
49.172 27.259
67.952 61.887
61.813 32.085
45.806 69.715
72.019 60.143
53.492 29.99
72.312 61.687
28.27 54.073
34.707 63.268
41.171 60.294
82.373 25.634
46.822 72.06
47.012 65.465
54.646 78.019
22.956 59.679
21.969 53.377
55.294 33.099
49.516 67.126
66.269 10.033
24.583 53.936
62.396 23.527
31.718 56.949
39.931 56.107
25.751 72.529
16.901 56.308
59.569 86.074
59.61 23.698
55.337 71.143
67.874 21.557
28.379 54.224
11.507 65.697
21.072 71.186
43.406 74.651
53.01 80.981
19.497 61.788
50.56 20.667
8.184 64.906
46.585 69.465
21.515 63.368
66.421 30.796
68.305 28.636
60.925 28.265
61.184 62.203
27.203 62.039
47.243 24.547
13.243 58.093
9.059 53.517
43.877 71.708
76.98 29.715
15.727 73.551
21.258 46.71
67.868 22.941
50.539 53.194
60.929 24.674
67.695 24.158
50.425 71.609
56.76 59.114
56.523 76.707
34.056 50.062
59.074 11.466
25.583 41.317
47.413 68.879
19.347 55.927
61.997 13.533
63.696 51.5
71.822 15.95
63.394 16.6
59.032 29.436
28.977 43.726
78.059 26.844
56.548 15.163
12.965 64.609
18.807 53.038
47.985 47.733
24.509 82.908
69.967 20.902
21.849 65.986
25.138 59.216
68.424 20.596
37.519 71.39
62.1 14.644
68.152 61.774
0.832 64.519
64.3 68.671
62.142 66.845
35.224 55.957
24.635 68.715
63.737 35.263
26.395 67.461
67.914 78.249
58.889 65.943
50.179 57.504
74.772 71.216
47.575 59.556
69.754 16.598
17.291 67.148
53.161 81.483
67.486 19.313
16.03 55.267
68.364 15.815
24.32 65.526
54.302 31.07
21.841 51.243
30.983 62.955
20.763 36.791
31.635 55.0
29.116 70.656
22.024 55.284
18.345 47.82
88.667 9.805
62.378 24.467
66.91 27.221
61.466 73.294
59.268 18.696
26.71 58.584
25.165 67.601
67.451 29.831
59.069 80.483
60.914 69.444
42.858 71.912
60.688 31.073
73.051 31.539
69.501 63.777
56.323 13.065
32.533 50.561
49.535 80.357
70.328 22.162
26.821 63.152
54.913 68.236
57.282 56.316
75.648 27.269
71.302 10.47
48.944 21.546
61.195 8.522
67.906 52.03
17.945 69.432
77.91 19.321
27.964 68.495
23.63 65.001
42.947 58.215
35.752 73.651
52.774 26.038
74.317 23.158
37.764 68.408
52.804 57.75
30.844 49.362
68.722 76.524
69.076 18.771
78.899 28.944
11.089 64.893
69.389 17.337
65.311 39.891
48.092 52.26
61.141 23.532
60.391 7.386
14.045 51.045
44.191 71.896
67.381 8.252
56.464 53.409
66.384 22.819
63.667 67.571
13.444 62.955
21.544 59.072
33.086 64.538
54.12 64.598
59.881 14.989
59.031 20.4
25.121 79.369
62.661 71.542
59.675 73.392
46.845 54.887
25.655 61.208
26.493 73.967
30.793 51.493
24.097 69.126
48.417 84.856
64.482 18.332
75.376 26.867
8.682 62.742
67.217 78.041
50.501 53.656
30.612 52.763
58.645 65.998
32.469 60.6
66.625 2.24
62.875 14.314
34.596 64.239
69.629 72.037
55.888 21.613
57.737 16.08
61.198 76.458
73.838 15.171
33.844 46.438
59.302 16.257
55.472 21.979
11.252 66.379
66.985 19.137
63.513 63.446
59.739 5.157
61.359 32.864
28.076 49.329
58.078 11.408
28.088 65.03
29.414 56.126
63.021 16.547
72.599 21.058
61.601 64.244
53.306 77.686
57.17 78.26
28.743 61.57
24.611 52.544
53.612 63.141
26.402 56.609
22.958 52.525
70.51 19.41
52.449 32.656
57.094 76.259
82.5 34.061
40.723 49.862
21.207 56.233
41.279 66.235
65.698 25.584
57.464 63.71
57.501 28.221
69.796 12.123
10.111 75.328
18.789 56.531
37.044 56.826
31.314 53.562
29.454 56.306
67.276 59.265
10.782 57.883
58.658 69.079
48.959 59.598
62.083 8.149
38.055 58.718
67.714 61.522
77.3 10.608
24.235 56.382
29.349 62.123
62.029 12.382
73.65 20.862
22.627 75.771
26.889 68.855
72.596 21.122
31.388 59.571
59.307 69.448
24.652 65.737
62.415 22.22
22.947 60.163
44.536 69.421
68.614 29.428
65.319 45.071
63.093 19.711
61.299 24.594
58.241 71.587
32.778 58.184
51.067 67.561
38.818 70.956
53.406 58.442
57.713 11.317
68.097 23.901
52.033 21.654
54.499 84.516
25.311 53.304
73.18 21.836
56.631 68.83
24.705 60.331
60.533 27.359
32.744 45.159
25.549 62.659
17.478 60.836
53.427 18.893
43.592 76.885
31.679 62.455
22.234 74.51
67.674 6.773
30.819 54.808
52.21 61.21
54.213 53.008
58.992 13.986
61.794 56.045
10.623 69.095
29.832 52.427
22.341 64.225
67.971 74.363
71.674 34.612
71.725 21.19
32.588 54.967
63.33 30.102
69.525 4.97
27.745 53.41
61.068 15.929
67.858 14.144
30.759 64.054
52.598 52.72
57.408 64.489
20.893 62.442
55.967 69.578
58.84 66.676
74.566 13.744
34.474 68.873
13.815 56.467
54.532 66.183
41.824 57.007
50.871 50.179
36.226 72.522
59.29 67.605
51.638 84.463
58.897 27.263
67.277 23.985
55.836 75.041
64.374 18.939
60.79 72.484
82.583 11.09
28.473 70.31
76.741 26.112
60.986 31.779
54.4 71.146
30.022 70.085
17.131 67.805
69.969 56.459
11.146 65.884
54.466 66.818
11.561 73.125
51.196 21.344
22.804 55.496
41.406 77.668
57.253 63.172
61.673 67.294
33.048 68.385
41.171 50.469
56.405 61.114
9.973 61.773
49.517 58.278
66.433 75.084
58.915 25.811
20.746 70.823
70.315 29.271
37.489 37.193
18.368 54.929
67.197 24.021
16.608 67.398
63.475 17.617
83.488 29.045
50.776 59.871
18.88 60.794
35.883 60.313
60.576 55.155
52.689 24.499
16.651 55.417
15.566 60.123
70.214 14.759
18.294 59.264
17.983 66.047
58.717 78.321
27.729 61.193
26.461 71.279
