500 5
50.0 50.0
75.269 59.557
86.183 72.297
71.658 68.719
19.324 62.663
73.153 69.084
88.675 65.279
48.635 77.419
21.987 61.331
76.571 50.192
80.918 63.157
20.963 45.322
75.877 45.936
2.182 59.653
69.832 45.581
73.313 81.495
84.945 84.457
64.875 67.619
72.687 75.53
90.267 36.454
38.253 78.769
55.557 84.167
34.433 84.545
85.007 77.361
69.533 65.912
77.23 47.348
82.308 40.989
43.521 62.816
77.449 77.149
79.345 46.659
32.886 57.167
46.014 81.54
50.287 85.905
90.187 67.271
62.18 44.798
19.729 64.624
25.304 66.511
20.667 47.76
57.457 84.329
63.438 46.546
43.814 77.091
60.415 56.565
92.397 58.79
22.471 58.223
95.856 41.089
43.146 84.515
69.238 27.466
74.958 57.821
78.421 42.195
47.427 95.74
81.385 42.908
63.758 36.649
26.061 55.154
79.096 76.115
42.128 73.548
39.074 60.872
40.188 83.276
47.274 74.05
25.06 53.362
13.691 54.168
98.592 47.517
74.18 64.253
42.461 64.317
55.256 74.003
71.768 94.773
49.725 64.481
43.32 88.439
76.758 76.216
24.907 50.719
14.287 54.224
15.093 57.899
71.994 89.214
20.863 54.292
77.843 51.355
16.869 60.596
40.488 78.9
70.283 62.803
72.093 43.114
44.803 80.803
86.274 51.779
38.963 82.599
25.377 70.797
80.159 74.097
0.396 73.165
70.956 39.45
48.648 81.438
89.761 87.661
77.307 79.9
46.266 75.402
23.51 49.247
85.406 35.138
78.972 71.194
19.793 58.067
77.058 34.032
26.44 68.9
28.369 54.873
71.381 28.373
73.007 76.056
54.362 79.141
72.278 53.477
58.473 76.524
46.988 91.28
30.801 82.196
18.191 65.675
23.696 69.722
87.015 77.873
62.914 34.168
69.735 37.725
84.75 32.694
47.63 79.14
54.49 79.247
22.556 65.809
73.972 58.864
65.09 45.038
13.227 52.8
71.006 40.312
16.25 69.559
75.471 58.255
70.835 41.659
79.776 72.974
25.747 55.601
90.383 67.269
14.909 48.945
78.787 37.623
11.73 56.39
49.664 75.311
79.184 32.818
11.07 74.897
64.853 46.022
81.343 73.282
60.728 53.178
58.615 80.514
81.376 45.545
83.759 82.306
59.282 74.827
73.866 64.257
31.199 82.432
20.863 56.701
74.862 71.914
62.638 46.258
28.156 59.162
36.426 62.301
40.042 73.701
72.478 35.655
74.316 38.156
48.923 87.536
46.406 77.647
60.12 69.786
7.635 48.259
11.083 62.191
54.803 71.341
68.772 49.932
17.865 55.919
10.896 52.378
15.512 61.286
25.574 57.512
72.204 50.398
71.363 37.61
55.787 72.683
67.633 40.897
84.651 65.906
45.833 78.016
84.205 70.335
54.079 79.98
17.135 69.699
65.397 52.406
40.996 72.603
25.718 66.134
55.912 78.407
66.335 41.16
39.791 86.97
25.971 62.445
80.231 76.576
21.488 61.162
69.434 53.933
33.56 52.287
83.678 67.113
22.166 57.465
41.327 87.918
10.223 51.008
17.782 59.465
83.853 78.153
73.674 35.549
72.96 40.359
65.725 43.246
74.297 46.381
70.089 51.029
89.468 86.932
79.312 50.248
53.88 84.619
35.212 74.194
77.218 42.116
72.105 66.501
55.896 44.322
40.717 66.557
75.436 49.585
53.99 86.086
69.703 44.672
89.129 35.887
77.37 64.601
77.015 66.155
85.172 9.362
83.425 74.988
81.099 41.28
5.723 54.774
49.985 77.792
78.637 36.281
77.948 77.739
66.126 82.917
84.628 80.365
18.111 69.495
39.849 78.252
33.724 73.053
42.337 85.321
80.551 37.73
18.218 56.618
36.008 54.173
48.874 83.552
87.648 65.399
75.647 73.045
48.007 81.408
53.924 82.124
87.214 72.789
74.885 84.994
27.048 67.033
74.242 45.921
13.767 57.155
72.485 82.608
75.151 74.505
43.168 73.566
92.922 63.022
12.631 55.928
13.36 62.771
11.45 64.538
44.518 83.227
41.751 81.665
49.619 83.383
44.926 83.72
81.521 69.631
31.206 72.68
81.618 78.39
77.308 80.624
4.78 52.716
57.598 81.118
77.533 38.346
90.139 65.567
57.327 68.442
44.962 64.187
20.39 71.63
64.17 28.581
15.416 63.538
24.985 64.166
35.401 43.716
23.132 69.335
50.695 77.986
74.186 72.427
21.431 60.198
30.481 68.361
38.77 98.996
24.675 58.863
70.587 82.901
69.063 24.06
62.604 33.828
82.501 80.737
19.609 59.731
62.722 44.241
17.318 56.806
40.977 68.236
14.056 66.758
66.973 80.08
64.877 82.356
72.459 81.177
86.49 86.041
34.812 72.456
74.063 47.709
80.589 62.936
38.805 43.147
12.892 67.867
14.282 80.753
38.698 82.847
79.944 39.533
25.982 55.336
77.705 35.623
71.766 77.779
73.023 29.429
51.34 68.014
88.2 74.404
85.366 80.601
81.604 69.812
71.061 27.881
89.892 78.387
7.297 60.489
85.241 68.874
4.218 51.569
37.554 88.53
78.664 55.065
73.098 77.354
53.017 91.297
47.104 90.745
73.916 45.802
16.088 63.143
21.334 57.875
25.574 72.479
55.799 35.033
75.191 69.446
67.245 42.005
76.042 73.582
67.202 49.975
99.07 67.12
71.411 36.73
50.585 77.88
73.096 33.546
80.047 39.337
28.015 57.339
78.529 40.785
87.706 79.379
71.937 46.849
92.489 55.887
88.737 77.491
67.021 72.215
45.219 85.849
17.012 54.443
84.396 37.034
79.377 58.708
26.294 66.858
20.735 60.871
60.672 66.522
10.662 57.284
39.189 78.291
79.616 73.173
46.016 69.072
49.446 71.629
73.571 43.351
77.932 51.563
32.437 72.103
27.86 43.273
38.958 66.079
14.031 51.189
84.332 24.144
82.402 49.049
19.324 64.675
81.956 76.184
14.021 59.713
65.995 29.328
47.428 67.004
82.792 34.064
66.221 66.465
85.373 30.272
69.733 40.88
65.943 42.239
58.847 48.402
87.37 77.593
83.159 78.972
48.21 91.948
45.599 74.503
88.778 76.359
70.24 82.405
18.391 56.765
43.546 90.685
27.268 60.415
22.71 40.295
85.323 51.912
45.287 68.711
25.701 52.002
58.152 23.572
72.434 40.168
68.613 36.201
51.935 81.076
17.177 58.831
50.302 80.827
83.82 40.163
90.392 42.396
23.091 53.224
61.747 71.947
25.389 50.442
6.243 61.114
14.793 60.103
36.346 74.849
78.731 80.297
19.743 64.778
50.726 75.013
59.789 78.164
47.733 88.34
72.776 22.868
10.399 50.426
50.057 79.289
66.642 37.157
87.147 77.595
77.569 28.511
53.793 78.963
76.816 78.109
82.013 66.372
80.908 18.048
23.933 53.257
86.99 77.0
14.825 55.238
16.443 51.861
43.257 82.582
79.963 85.227
62.204 68.272
83.342 81.749
89.585 67.851
46.859 76.791
56.259 64.313
82.801 70.036
40.051 67.729
77.435 79.086
18.636 64.093
51.37 70.661
50.983 58.865
53.584 76.682
16.837 72.576
47.633 76.066
82.555 79.725
44.664 71.231
16.091 64.758
68.749 70.506
26.708 69.642
84.265 74.17
86.716 71.284
74.544 69.113
14.059 55.002
69.859 41.425
38.911 79.367
9.45 71.523
81.735 55.313
38.405 80.978
51.479 85.191
80.196 72.453
43.238 65.121
77.43 48.091
56.366 50.854
81.229 83.254
72.521 60.426
74.503 79.56
73.67 30.095
42.299 83.009
42.751 91.537
96.999 75.286
76.769 80.61
75.371 45.432
83.916 40.318
46.586 71.325
64.349 49.399
18.112 68.493
15.097 69.47
16.85 54.17
66.339 44.997
69.909 77.031
24.381 73.805
50.871 88.936
72.367 81.88
40.07 90.746
65.316 29.835
48.106 96.55
80.697 79.669
51.534 74.671
38.971 85.817
46.879 66.332
79.047 45.639
11.672 59.692
52.208 82.468
43.097 73.061
27.983 66.644
65.283 41.472
83.465 50.614
88.814 39.901
75.065 37.191
29.815 64.718
72.062 39.258
68.673 47.584
86.158 72.589
69.924 60.73
76.283 34.591
88.786 32.665
19.599 39.392
8.838 61.575
73.79 77.626
10.392 60.54
61.983 82.34
20.803 62.88
10.031 52.455
72.662 34.558
91.948 89.05
61.469 85.119
78.028 72.79
35.117 56.824
55.106 77.594
74.171 46.265
14.672 52.597
46.673 72.46
45.333 70.782
46.718 73.849
74.985 94.485
85.275 72.399
30.08 79.366
89.145 82.47
63.111 95.349
84.376 44.736
25.144 63.267
