500 3
50.0 50.0
34.166 76.806
34.416 80.373
72.778 38.265
90.104 46.092
59.546 28.989
62.114 76.531
62.231 39.416
42.769 64.898
20.513 74.963
51.165 40.68
31.445 74.02
65.076 44.13
67.508 38.572
18.723 82.497
35.636 73.392
80.417 56.065
42.318 77.7
29.529 99.09
59.106 86.845
56.802 73.977
83.605 43.976
65.201 72.769
23.128 78.068
75.388 39.197
82.889 44.891
26.937 77.401
94.211 47.97
76.632 76.787
59.018 87.144
78.776 28.427
89.337 64.536
79.238 41.388
27.801 71.35
62.051 83.531
74.197 42.397
60.367 84.857
75.101 64.287
76.706 54.644
31.645 67.669
64.932 42.373
19.785 79.412
55.247 81.954
72.775 57.674
83.124 68.728
55.162 75.828
70.413 84.157
83.844 58.87
84.469 68.021
56.986 81.449
69.816 82.405
40.156 88.733
23.545 79.818
55.321 70.766
87.037 45.317
68.981 77.936
19.147 89.113
25.037 88.828
64.397 50.17
23.736 62.047
61.936 45.515
67.56 58.509
15.899 78.566
53.723 94.42
89.172 62.45
58.687 81.198
52.525 78.682
77.298 50.461
25.144 88.555
69.65 48.356
82.338 52.473
56.312 78.103
60.734 36.684
63.282 90.511
54.802 74.703
68.211 30.285
90.006 56.063
80.9 55.606
22.07 65.225
68.329 76.051
42.752 89.429
29.221 71.141
61.218 44.144
64.316 63.893
28.873 75.048
76.659 50.944
18.056 73.315
62.84 36.146
24.226 85.064
71.709 77.131
69.055 35.415
13.821 79.325
74.306 61.958
67.528 80.452
86.391 55.904
49.869 78.784
27.673 77.03
58.345 66.808
35.615 89.186
74.836 60.751
22.476 82.487
28.123 80.942
85.476 59.183
56.052 29.594
60.854 45.631
73.405 43.328
57.676 80.869
60.453 30.738
71.217 57.029
74.266 43.08
60.393 67.977
60.954 33.647
28.61 85.095
56.87 68.42
64.299 54.934
93.347 55.658
70.199 35.1
68.109 77.959
33.884 94.853
34.41 66.122
76.125 39.695
67.702 39.095
82.977 53.506
74.019 43.966
71.732 54.498
11.098 83.011
56.565 32.222
27.48 81.674
67.112 39.603
70.878 38.145
52.941 71.27
75.324 68.759
69.782 30.54
56.248 74.933
93.512 65.575
32.002 76.878
62.09 35.313
72.501 32.55
68.279 41.299
67.671 93.598
39.567 72.059
73.848 66.724
79.509 38.842
63.634 60.638
80.787 35.572
72.84 42.598
73.995 69.671
24.963 77.56
25.535 65.15
73.896 35.147
19.169 86.144
71.83 39.222
56.572 89.31
64.984 64.359
55.96 75.234
59.387 22.919
25.757 70.114
36.536 81.388
23.032 73.525
28.243 76.082
26.597 86.561
18.554 89.772
52.502 80.092
68.157 31.545
77.319 29.93
26.253 86.559
70.501 45.652
25.51 87.64
79.294 64.294
51.648 75.479
93.807 59.317
56.548 79.816
64.819 72.089
61.084 41.184
13.033 74.312
67.773 33.32
24.598 79.483
78.271 65.303
77.985 31.995
30.066 76.726
77.494 57.879
77.747 54.379
44.52 43.464
29.231 78.174
64.685 42.099
96.438 62.388
70.587 46.94
56.821 79.87
55.546 86.934
20.611 70.675
56.382 67.426
67.037 88.76
60.836 73.093
58.63 85.998
62.024 78.087
34.476 81.466
25.995 87.018
21.77 72.907
83.365 22.069
70.13 36.113
51.876 79.41
57.52 69.965
67.372 50.124
88.878 55.963
87.1 48.114
22.809 77.66
37.259 91.545
86.46 55.113
63.541 50.844
69.24 29.897
61.34 35.069
81.688 38.621
88.828 58.63
24.186 73.655
55.379 46.301
70.178 35.218
68.609 57.53
86.085 72.004
59.074 52.425
82.197 49.524
26.454 75.939
65.56 74.953
72.303 54.615
27.711 85.159
84.162 60.924
83.615 52.649
60.038 82.252
66.213 89.434
59.976 72.103
14.183 89.12
63.48 53.993
74.148 35.585
15.372 88.199
71.318 54.977
74.361 62.257
72.189 38.476
51.521 86.573
28.702 76.92
79.095 68.766
97.466 56.223
53.013 83.648
61.872 61.267
73.398 44.396
48.013 72.181
63.065 73.559
46.04 73.752
67.913 28.735
29.731 70.746
26.982 61.005
53.235 71.606
61.001 87.561
87.459 52.121
84.239 46.637
70.769 53.756
60.793 84.709
62.603 83.812
24.574 71.117
55.336 88.793
74.868 53.031
32.452 66.845
32.316 59.67
95.446 58.632
29.648 72.345
74.946 65.303
32.915 84.139
75.477 56.011
46.435 85.702
38.772 70.855
33.538 83.473
88.791 79.164
80.689 73.617
22.203 63.057
62.728 71.248
61.837 77.474
75.408 62.801
18.213 78.663
74.66 33.606
78.833 49.321
27.106 84.224
62.804 46.527
82.751 68.819
71.019 50.783
62.223 83.845
76.088 73.75
60.075 44.987
34.161 82.553
51.709 72.311
74.037 65.163
28.354 79.275
78.812 48.599
66.04 74.197
84.779 74.202
89.035 56.818
36.118 83.46
85.956 47.625
80.199 54.987
89.643 59.105
23.764 75.901
99.83 62.318
23.914 73.553
54.648 87.46
54.918 44.708
69.796 66.266
77.121 57.072
79.402 59.592
69.27 34.589
30.76 73.06
87.312 57.494
23.711 67.835
74.526 85.055
73.99 53.019
63.755 37.937
25.72 75.735
71.816 32.361
55.878 74.44
84.793 65.652
93.675 53.731
45.085 78.562
30.528 82.785
83.104 55.865
68.542 41.327
32.573 76.601
83.798 60.465
55.731 37.193
78.035 41.527
67.393 36.785
83.306 58.92
87.664 53.148
60.432 33.588
79.422 46.207
91.366 59.837
69.421 36.942
62.511 85.876
84.26 40.186
65.631 69.438
69.744 51.896
59.073 59.389
25.862 84.789
82.83 59.883
59.818 45.825
72.067 41.575
40.984 89.312
61.06 75.019
59.071 40.944
56.955 32.549
76.176 40.345
71.916 48.274
50.123 89.919
49.712 51.481
73.376 55.518
84.636 48.316
26.444 83.337
70.148 98.356
34.944 76.53
50.193 66.109
13.914 71.739
63.534 48.461
29.208 95.04
93.165 46.566
80.953 50.691
78.926 63.596
97.608 58.584
73.036 43.304
81.866 59.627
53.991 83.916
13.769 88.747
78.882 57.255
36.289 87.77
98.38 56.403
60.99 70.155
50.742 78.277
93.067 59.374
20.925 72.561
58.43 88.758
24.172 67.467
52.929 36.098
58.908 82.611
95.624 66.126
41.299 83.538
67.529 42.256
86.663 59.085
51.722 73.412
17.517 86.248
77.803 50.858
32.541 70.148
76.193 86.375
15.815 79.976
90.823 58.008
75.955 61.661
52.333 84.286
55.058 77.371
57.206 50.31
62.523 43.626
68.317 37.549
74.582 45.431
36.6 90.011
68.142 93.201
47.018 85.627
29.694 74.124
81.368 44.717
51.189 86.727
78.845 57.973
67.178 20.985
67.073 83.773
54.539 71.816
85.886 66.103
69.08 85.207
60.421 36.142
30.186 90.145
77.428 54.979
77.711 53.961
65.764 49.294
69.74 40.784
76.978 58.392
62.5 44.503
35.233 83.82
22.655 67.285
29.856 89.893
82.435 67.168
30.17 73.271
64.022 36.747
9.178 92.944
71.656 34.494
21.815 65.694
84.75 70.263
75.852 33.816
60.19 87.381
70.771 42.762
9.884 80.501
81.049 53.013
56.555 89.936
80.153 68.641
73.613 54.6
35.297 63.032
72.868 35.162
68.948 83.397
69.896 41.87
84.339 43.29
28.103 76.982
61.024 75.266
81.076 52.475
31.048 85.553
75.576 59.395
52.81 73.25
20.333 72.426
66.115 60.466
29.173 79.72
80.44 40.217
15.917 77.139
62.306 38.995
49.937 78.947
75.013 19.904
57.138 71.14
76.465 51.244
25.227 77.8
80.56 41.186
31.14 85.178
64.521 23.778
62.557 81.353
96.837 65.827
11.893 71.5
45.827 78.726
59.604 61.702
53.436 68.171
26.29 86.889
16.1 75.275
33.321 77.204
63.889 38.096
60.975 37.072
84.025 52.482
72.999 49.023
83.198 67.948
63.34 90.746
64.188 85.46
22.836 91.847
27.493 78.256
67.708 54.036
90.426 45.359
72.969 43.52
92.055 54.722
59.41 65.453
73.007 41.002
23.754 72.292
58.195 82.784
13.844 89.556
84.968 54.964
66.007 87.121
62.13 69.688
50.24 82.857
61.238 86.063
16.669 84.544
63.475 44.852
20.65 77.146
32.231 64.038
53.218 96.172
67.191 57.38
55.168 36.762
86.725 64.698
49.879 76.378
80.304 78.185
