100 7
50.0 50.0
19.649 93.91
12.768 8.593
29.759 20.001
70.277 77.027
76.599 43.787
22.183 29.128
7.739 62.73
77.363 76.855
66.402 74.277
86.035 49.43
25.706 80.107
75.099 41.9
38.917 39.533
81.766 64.114
35.064 18.745
69.458 33.62
11.823 32.738
74.262 69.816
30.074 25.511
17.585 83.663
13.711 79.962
11.636 69.157
85.303 78.993
74.027 87.951
68.909 56.403
18.561 36.028
35.11 82.925
19.681 20.05
24.458 83.409
84.789 38.258
67.007 37.339
23.987 69.652
61.906 38.999
74.854 42.939
69.398 74.984
25.504 32.99
14.676 64.525
78.619 44.834
80.068 49.118
78.423 36.967
66.562 77.892
10.847 27.176
1.81 89.762
24.48 81.967
75.091 54.605
3.683 79.176
71.641 91.123
10.082 26.304
26.617 81.865
15.7 18.723
75.922 40.963
33.052 78.287
26.746 30.827
4.839 25.454
76.039 36.755
27.407 75.062
19.978 84.023
11.057 73.255
6.171 71.547
69.537 27.902
59.901 82.519
15.183 75.244
62.243 23.432
69.523 28.166
56.862 78.228
13.134 30.842
16.091 32.874
17.982 79.828
25.914 32.97
69.557 84.988
15.311 80.456
21.181 16.535
79.642 41.911
19.617 28.614
72.044 22.911
78.466 34.399
69.825 73.727
67.931 42.037
62.696 78.678
72.054 49.116
73.785 71.858
8.212 70.248
3.519 37.432
69.784 42.0
76.666 69.222
26.063 36.137
70.614 79.677
83.861 82.971
71.466 38.959
8.349 9.23
16.779 85.333
73.875 80.081
60.713 83.107
74.931 36.73
55.136 86.916
9.587 81.678
72.362 41.229
17.239 99.997
17.362 72.572
