1000 3
50.0 50.0
55.523 30.45
26.973 47.315
40.216 24.022
28.49 62.275
21.153 72.681
25.962 32.813
39.219 12.679
73.746 39.516
39.55 35.676
37.246 21.073
70.228 36.895
60.842 37.856
32.721 36.222
65.125 49.423
51.634 11.234
17.159 68.325
37.54 19.44
18.232 62.499
63.766 32.848
28.469 18.126
15.917 52.146
48.558 9.91
64.987 29.303
16.674 46.77
25.767 58.773
25.754 63.829
12.131 63.254
26.903 31.926
28.552 70.202
84.954 30.045
31.621 11.753
27.474 39.902
42.766 25.242
46.862 7.835
11.47 43.126
23.997 70.866
35.362 47.575
59.2 32.855
58.96 41.008
48.167 24.274
31.102 57.846
33.524 74.87
32.82 48.436
80.83 44.927
68.259 36.43
35.49 14.864
19.242 76.79
3.551 75.616
21.931 48.536
30.047 62.238
41.539 23.845
79.433 45.249
29.652 68.314
46.554 26.304
23.81 39.254
77.704 42.888
39.072 28.385
75.937 29.457
29.293 44.244
15.761 82.416
62.05 29.954
41.897 31.873
34.396 34.231
36.382 24.626
68.023 37.834
26.157 39.676
68.967 33.97
45.377 17.031
36.117 26.883
46.266 20.137
56.839 12.766
37.194 21.751
56.219 26.351
25.987 37.451
28.287 30.215
19.43 37.984
43.411 24.762
75.901 43.018
53.506 25.444
32.523 22.152
62.167 26.64
31.766 41.66
28.539 37.689
29.984 32.797
30.994 70.857
47.865 13.928
62.839 28.461
70.914 34.996
31.799 70.173
45.706 35.627
19.769 62.704
40.957 34.158
63.712 24.813
37.531 53.061
10.423 69.696
67.945 30.974
45.486 23.487
32.54 40.509
55.329 33.388
34.481 21.657
66.485 27.798
42.13 18.547
73.019 48.937
12.801 73.928
25.733 48.06
33.787 32.897
20.712 49.684
42.015 18.523
25.935 69.348
20.231 23.571
40.424 15.581
29.92 44.992
21.989 65.542
29.772 64.43
29.702 35.633
20.234 48.138
18.465 28.724
33.133 67.881
67.955 37.107
55.639 32.15
36.156 15.757
24.58 62.733
42.368 19.398
24.964 70.361
63.297 32.887
26.183 35.884
21.323 43.858
40.023 84.477
27.3 59.478
29.038 65.436
39.032 24.716
37.994 35.109
34.567 13.433
27.373 64.318
37.014 36.01
16.629 45.942
26.333 56.94
37.592 22.139
34.856 37.17
30.584 66.909
19.176 70.961
20.821 15.123
26.635 16.71
82.248 20.444
13.302 21.583
23.539 70.857
32.282 36.177
26.223 67.238
35.57 49.811
22.293 44.355
36.029 55.551
51.514 32.168
12.939 64.736
23.183 85.001
18.047 65.534
18.312 69.248
66.902 45.959
30.662 45.349
19.099 72.996
67.164 26.647
70.856 41.387
32.638 42.808
18.656 35.362
23.336 42.095
53.871 39.245
37.757 22.239
72.689 35.731
36.608 61.431
22.497 62.067
25.426 37.666
26.155 59.659
25.453 79.247
42.906 25.892
26.664 65.033
31.951 35.211
28.495 43.557
70.178 42.58
60.49 28.512
68.214 37.055
25.57 60.723
11.806 73.81
58.224 39.425
31.446 6.86
32.579 14.528
25.46 71.336
27.642 26.512
23.654 33.431
49.444 11.839
23.043 70.26
27.95 61.527
19.582 50.795
75.399 30.382
42.33 67.622
31.06 58.981
39.921 69.846
27.337 50.843
34.177 81.205
19.733 73.928
39.447 42.263
1.866 52.404
16.24 60.65
69.997 43.634
37.633 27.422
9.544 74.463
45.45 5.657
14.789 69.595
72.138 17.784
30.334 30.833
77.325 13.9
8.45 43.686
58.996 39.448
21.665 63.452
25.974 59.037
21.467 60.062
15.921 36.405
73.703 31.016
22.917 36.15
41.369 23.294
38.052 47.929
15.755 36.357
29.369 14.26
22.599 50.819
66.857 33.018
36.297 64.8
30.692 69.848
73.231 46.887
31.734 35.595
27.513 58.283
33.327 13.417
30.456 43.997
50.207 42.095
10.108 48.71
52.729 29.869
36.927 14.37
45.858 14.192
34.275 53.333
29.233 35.512
43.534 19.576
45.034 1.924
25.71 32.598
23.7 34.377
64.915 39.331
63.438 37.967
65.584 49.035
29.292 35.646
5.597 58.377
21.248 67.478
12.927 71.576
65.2 24.656
27.914 58.753
39.041 38.156
21.207 39.542
49.315 28.899
26.442 22.413
18.886 69.659
30.267 47.547
19.534 56.702
42.617 23.422
56.482 24.638
34.391 38.813
22.846 47.167
39.199 9.93
27.694 42.229
53.691 37.406
11.39 51.536
48.587 29.179
35.167 30.071
70.642 43.698
21.253 54.426
17.269 64.261
68.06 42.397
38.186 15.979
23.847 68.63
32.25 54.654
66.417 27.374
28.892 45.137
27.669 59.397
27.312 29.028
47.406 27.157
65.933 24.111
61.852 40.917
32.771 20.092
36.017 36.829
55.902 33.157
35.238 33.868
64.271 38.813
68.423 31.039
72.523 37.995
24.486 25.919
23.605 65.815
21.248 76.4
67.505 28.372
17.851 76.293
10.683 72.022
31.379 36.751
33.88 15.323
42.972 20.359
34.008 9.405
22.021 44.42
42.47 32.36
40.986 9.713
40.531 29.276
78.299 38.415
28.791 43.86
23.252 17.321
20.764 35.384
42.914 28.6
59.302 29.143
19.219 32.004
16.168 36.389
45.049 23.965
19.537 67.267
13.806 32.343
29.753 73.191
36.049 31.623
69.31 18.042
70.874 29.306
75.904 40.922
27.382 67.346
24.832 73.472
30.989 31.715
83.829 34.701
25.375 56.697
36.02 38.154
29.333 30.644
66.75 18.964
32.314 55.72
19.368 61.022
66.979 32.929
37.555 58.087
30.242 34.925
69.031 36.496
29.211 41.27
24.773 73.534
31.058 43.544
29.224 20.236
49.735 25.995
20.172 57.977
35.797 50.875
27.667 39.784
25.752 61.928
80.198 28.24
58.309 31.226
35.027 18.404
60.056 34.274
34.267 18.623
62.997 34.479
59.729 48.926
42.721 31.027
29.939 66.587
54.422 29.159
34.327 66.665
24.722 66.033
21.745 55.028
31.796 15.628
20.377 46.701
20.637 31.329
30.623 56.854
25.076 41.255
79.816 31.515
29.667 39.614
38.959 16.98
34.287 15.836
28.63 30.895
25.439 68.58
35.922 77.998
48.894 20.82
47.161 17.221
60.149 45.506
18.575 51.389
28.662 38.285
11.02 52.715
44.159 16.685
41.044 17.449
34.304 21.899
77.266 31.458
62.662 35.775
45.094 16.124
32.23 71.713
35.967 44.654
47.522 17.275
37.945 31.577
61.096 25.668
58.282 45.709
25.005 40.219
37.933 26.0
13.877 77.41
74.826 27.663
39.257 31.502
25.374 29.949
45.414 19.243
22.968 57.272
19.137 66.437
35.105 50.035
20.701 33.966
60.446 43.335
54.297 46.47
43.389 21.643
17.764 32.024
37.407 10.487
27.672 68.321
63.201 41.723
16.61 45.788
32.959 72.821
16.226 58.97
35.399 48.809
29.401 23.319
53.537 27.015
8.844 76.814
25.667 50.854
23.268 73.781
17.53 64.381
25.088 39.624
24.858 70.423
58.227 21.522
62.857 27.265
23.021 53.709
28.539 29.013
16.48 69.299
65.478 35.914
44.758 27.594
23.742 44.273
10.184 34.271
35.909 16.943
36.253 36.868
32.036 27.295
13.981 79.057
13.546 66.692
39.357 38.054
32.563 41.652
71.209 43.55
18.635 64.882
33.384 67.778
12.278 59.959
44.732 21.407
69.411 31.732
17.349 64.065
68.313 27.282
21.404 42.967
24.174 60.544
68.206 23.453
35.91 28.336
37.123 17.338
72.225 39.455
27.248 58.831
20.986 37.46
64.528 41.049
23.286 70.838
28.286 64.165
33.889 39.125
23.115 65.629
49.477 42.561
34.505 19.171
28.574 69.053
22.886 50.628
29.119 46.931
45.134 23.726
66.645 32.226
60.813 23.521
24.487 49.644
42.849 34.44
55.806 13.956
29.752 38.696
31.997 40.834
76.323 26.96
31.778 26.27
21.386 58.146
36.487 38.47
26.665 52.44
40.574 29.493
23.297 58.793
37.877 9.312
20.991 59.927
62.953 18.218
22.284 48.812
7.954 69.292
26.066 70.818
31.431 33.917
24.296 25.774
25.731 89.13
27.444 32.624
15.258 67.568
39.635 23.283
18.969 60.133
77.444 41.915
34.188 48.354
61.948 26.549
26.42 41.525
42.119 39.009
51.761 17.74
35.182 18.438
29.75 67.54
70.251 19.76
47.069 18.587
19.82 76.078
40.085 26.282
25.629 73.253
80.216 24.116
36.762 37.429
41.957 16.191
75.246 44.617
24.237 15.159
37.728 39.638
27.769 22.912
23.06 37.958
16.259 61.429
32.953 34.218
26.971 43.783
65.494 33.714
68.834 29.362
48.929 22.905
64.587 22.467
34.179 51.838
36.963 27.363
24.408 66.959
71.76 22.167
64.843 36.261
34.316 12.387
26.713 33.208
63.026 35.181
63.528 38.953
51.427 9.458
30.896 72.581
14.585 56.41
32.792 88.964
12.845 63.802
60.391 32.595
5.659 64.548
30.769 28.521
39.804 71.168
31.773 60.887
12.947 39.605
35.746 71.288
63.465 42.433
51.444 38.034
52.747 32.592
30.772 35.24
38.229 31.494
48.599 40.375
24.577 50.801
37.443 6.367
23.312 53.734
57.307 27.593
18.382 76.973
23.806 67.183
23.808 48.174
32.08 54.818
17.721 76.678
36.585 21.265
36.04 40.224
33.089 51.978
30.015 61.066
73.195 32.774
37.797 5.755
13.757 49.326
46.528 28.628
23.696 41.556
41.234 79.94
23.188 79.431
42.655 10.823
40.694 43.209
60.008 43.32
42.158 52.048
39.913 41.86
18.842 65.347
35.375 11.465
36.439 39.197
41.261 40.996
45.609 28.561
30.62 49.765
30.951 58.267
60.641 39.362
28.872 69.188
21.172 60.68
44.422 18.993
66.041 37.171
15.077 58.649
41.511 20.701
39.684 35.913
66.897 29.049
54.296 25.723
31.823 37.467
38.11 19.126
24.836 62.989
43.814 21.973
55.923 31.669
32.344 42.887
47.956 31.085
16.182 37.12
33.995 46.778
26.064 51.356
24.578 56.081
54.074 35.34
54.861 18.135
24.756 56.811
34.999 32.688
20.239 59.282
36.946 43.132
68.209 44.432
27.595 66.53
36.071 26.419
52.638 21.756
63.481 39.996
19.208 30.272
42.884 34.334
48.625 9.152
71.779 28.3
16.319 64.877
30.045 65.165
28.24 59.672
58.319 55.959
67.078 29.268
20.052 28.63
28.939 22.984
39.363 16.317
63.975 28.936
34.131 43.547
36.306 23.347
30.781 21.162
33.159 38.79
70.064 32.042
18.972 76.22
56.681 24.643
50.041 17.475
52.844 13.156
72.826 26.151
19.445 41.601
65.279 32.04
27.9 41.124
21.322 28.47
38.741 11.866
39.192 13.606
25.68 41.611
16.358 66.852
61.096 39.541
38.456 16.176
66.295 38.513
25.865 77.167
14.103 56.799
37.327 46.581
16.603 34.558
35.619 3.05
29.287 42.068
23.153 30.776
17.286 22.63
70.731 42.201
59.987 31.981
25.856 46.611
32.69 40.678
32.444 38.751
23.215 65.401
20.221 64.255
20.69 37.634
31.03 39.24
22.576 70.589
70.984 35.185
47.399 35.467
10.16 33.723
32.556 76.745
69.086 37.529
36.45 32.895
10.213 32.674
51.679 11.17
26.231 61.737
25.645 73.07
28.837 52.185
41.608 8.592
24.39 60.296
34.41 29.307
14.488 56.332
34.708 41.428
39.654 44.66
53.5 49.139
17.999 67.165
27.1 38.307
20.782 31.268
19.272 61.647
20.311 32.159
29.832 74.387
51.073 19.366
24.775 49.526
32.689 31.773
51.267 25.33
65.761 28.067
16.264 64.379
15.148 51.908
60.18 31.596
44.865 33.918
64.757 41.72
24.185 76.714
27.545 67.733
35.295 28.465
56.119 27.847
17.103 79.733
37.953 15.751
64.964 30.078
27.973 46.499
40.681 34.759
69.979 21.692
68.026 29.139
29.53 51.061
38.563 27.015
19.756 51.549
36.33 14.434
73.879 37.41
31.939 12.594
16.374 64.356
39.25 32.127
46.254 30.018
71.178 27.937
67.909 18.587
65.427 10.909
29.079 17.609
39.435 3.476
49.828 30.933
66.364 35.965
29.363 37.143
25.871 51.108
30.388 22.568
15.877 70.683
36.63 19.816
54.283 27.556
67.193 29.141
65.408 42.311
23.487 36.286
21.195 23.645
38.988 55.306
50.964 33.27
50.941 34.164
40.556 22.753
41.951 41.729
74.77 43.066
32.128 41.672
57.117 32.057
35.235 44.483
63.931 34.443
20.239 81.405
40.984 15.136
27.765 39.279
52.749 32.811
35.565 21.663
73.222 44.258
35.142 32.057
24.205 57.459
36.742 21.923
37.605 27.663
34.664 24.893
39.865 18.75
27.52 41.576
18.047 67.398
34.5 61.623
67.409 23.902
37.509 19.704
16.497 82.933
33.372 37.956
35.845 49.87
32.448 48.522
31.881 35.499
45.347 19.497
43.101 21.763
40.128 34.856
64.505 29.162
49.247 45.606
19.622 35.963
53.831 45.742
36.487 39.661
22.634 33.753
42.05 22.668
60.981 37.295
21.657 69.609
21.291 12.876
35.846 30.219
33.693 54.667
71.805 34.49
39.624 16.3
2.367 29.189
23.61 40.289
55.76 46.508
55.781 46.829
34.55 32.162
42.916 15.066
59.862 29.911
23.946 41.788
40.362 25.115
59.573 24.336
35.024 37.566
60.343 35.147
29.368 46.341
35.393 38.003
34.693 41.304
12.847 58.624
49.9 42.498
29.562 31.893
23.225 22.793
65.457 31.527
28.655 64.327
18.737 70.855
15.836 73.133
37.685 56.769
29.298 19.374
27.633 15.573
67.435 31.22
41.146 19.991
18.247 61.26
67.059 31.754
71.828 28.421
57.196 26.978
20.941 67.308
31.33 66.588
20.443 41.494
30.307 13.761
41.432 14.976
35.601 48.438
30.721 70.249
23.982 56.939
33.246 9.222
28.599 30.447
33.109 25.984
62.19 38.678
22.131 23.341
69.234 18.019
44.465 35.825
36.479 56.471
37.968 17.008
35.069 40.92
14.332 69.499
27.575 61.658
32.739 68.911
34.113 44.088
20.91 82.108
32.054 54.017
71.606 30.074
34.138 62.955
19.065 39.172
18.597 48.429
58.367 28.131
40.15 7.123
29.09 29.863
41.307 12.217
21.293 37.777
20.606 56.843
48.396 20.106
74.736 36.676
58.694 27.121
64.776 31.498
86.116 40.838
38.117 31.282
32.605 44.237
36.631 28.473
22.859 62.837
46.304 13.684
39.11 7.968
49.12 27.658
41.648 2.436
62.673 33.343
19.713 39.636
17.941 65.703
22.825 59.486
66.242 41.797
54.075 38.817
13.332 37.789
30.837 66.738
32.718 18.661
68.165 37.575
31.752 58.292
64.123 23.464
51.615 15.207
58.711 13.774
45.593 63.555
37.869 39.447
16.621 44.185
30.83 62.435
76.564 21.915
18.076 64.356
8.989 56.191
50.355 33.609
52.85 13.898
24.485 40.744
36.101 36.615
60.292 24.471
21.998 49.005
25.763 70.392
49.53 35.59
58.736 30.639
32.647 14.652
24.319 56.901
28.696 59.073
57.855 32.812
34.306 14.413
31.1 45.437
21.131 49.39
29.075 74.404
37.341 32.311
26.291 71.503
25.089 27.942
20.827 38.749
45.761 14.778
21.541 64.834
28.063 40.902
46.372 22.246
18.516 30.282
30.945 56.761
73.023 29.756
43.445 23.734
59.515 23.176
17.839 65.451
69.356 35.38
21.58 66.033
39.961 37.673
17.186 35.388
40.084 14.652
45.005 14.132
39.527 25.7
60.298 47.075
66.995 36.885
41.14 47.611
23.5 76.544
30.093 62.742
37.047 32.421
42.496 23.338
34.5 22.498
68.237 44.04
29.425 29.519
27.73 30.094
24.869 66.631
19.901 42.746
38.103 10.374
45.285 18.372
59.727 20.487
42.706 12.818
15.917 23.694
65.061 28.896
40.035 19.293
19.495 59.811
33.039 22.694
17.575 66.046
23.006 38.592
39.096 32.364
45.298 20.687
82.781 29.622
67.732 38.785
37.815 21.616
37.935 48.632
42.776 15.525
28.799 38.099
29.348 35.04
65.184 43.188
23.96 25.795
10.776 67.838
23.663 36.214
28.481 64.142
31.442 45.367
28.647 35.008
61.219 36.178
39.213 21.083
35.918 26.142
71.246 48.484
24.55 27.382
79.64 37.924
32.079 43.536
67.824 32.82
17.63 58.551
27.04 16.034
23.193 66.988
25.637 54.824
69.239 20.6
36.86 25.76
45.04 34.899
16.435 68.814
36.641 66.488
30.866 66.014
23.53 53.453
18.411 63.005
23.981 61.128
36.095 44.643
22.037 56.916
28.637 50.73
23.064 41.447
45.732 22.8
42.007 15.971
62.948 24.015
25.507 7.677
21.753 66.466
54.106 28.535
29.044 58.489
26.509 81.572
39.307 36.082
31.168 35.901
59.465 31.443
23.092 42.757
68.237 31.5
66.654 40.711
24.766 71.27
25.446 30.504
30.151 21.883
61.84 33.157
20.553 47.483
71.406 21.31
34.408 83.41
