500 3
50.0 50.0
21.005 28.899
26.005 16.401
39.846 14.781
30.153 45.774
65.732 88.361
61.443 77.646
29.345 18.145
53.387 73.307
18.744 84.596
86.844 25.381
27.373 67.383
18.4 13.81
85.938 27.771
56.757 39.456
23.564 72.072
54.348 83.625
38.115 76.187
39.514 73.971
25.42 30.919
73.797 18.083
84.507 8.815
17.078 64.428
30.022 69.945
72.947 27.385
26.433 23.905
23.417 32.967
63.009 68.857
77.019 26.459
31.724 80.958
32.163 21.362
82.084 35.057
68.881 22.655
28.764 31.618
27.686 57.269
18.527 22.44
65.823 79.936
69.733 75.977
32.107 24.478
53.959 82.648
26.585 18.327
64.333 73.668
28.702 21.109
66.436 31.847
69.478 24.442
75.633 18.702
24.609 70.24
22.647 77.36
73.417 24.605
23.749 72.343
26.209 20.759
56.652 74.725
28.489 66.206
77.747 26.33
24.853 18.401
64.457 10.561
67.911 18.907
37.84 28.221
39.143 72.192
72.826 32.908
50.616 76.96
63.758 86.175
64.102 79.198
74.378 30.388
31.841 19.958
18.692 14.231
24.817 14.58
63.402 69.978
76.562 40.476
53.719 27.353
11.75 57.711
35.029 20.54
13.0 18.068
10.634 18.287
18.761 69.928
24.777 20.03
49.817 85.387
24.844 83.525
30.029 75.524
28.652 8.918
29.17 73.366
33.258 30.981
18.765 18.485
30.764 20.227
52.994 66.602
82.964 13.103
69.38 17.146
54.738 88.329
30.825 1.921
53.801 85.876
70.072 18.609
83.74 20.943
28.758 67.05
72.944 39.581
76.839 26.577
71.874 33.905
68.666 73.483
70.415 88.696
58.554 25.73
73.961 15.755
18.739 66.603
27.975 24.787
38.521 14.321
64.369 19.897
63.608 70.888
24.897 56.916
18.899 71.79
81.29 36.945
33.26 14.788
31.014 53.747
36.498 24.608
69.916 69.738
75.971 13.68
52.503 88.282
57.431 86.295
29.506 64.082
66.101 46.908
31.302 69.889
26.884 84.953
60.631 12.835
29.635 19.295
22.977 19.65
25.872 14.182
65.343 78.067
46.662 18.835
26.82 67.359
34.459 67.686
60.333 77.341
23.69 15.349
25.168 61.535
13.73 62.57
56.744 93.694
30.065 82.756
24.668 82.238
64.583 66.979
63.524 26.592
56.873 76.205
56.653 90.529
81.11 15.817
51.095 64.272
67.31 77.734
58.605 88.592
38.244 73.353
68.153 99.694
18.187 65.096
31.484 21.49
61.574 78.343
27.485 15.683
82.073 25.46
71.374 16.437
23.335 2.478
25.273 64.465
17.24 69.476
16.878 8.81
69.685 21.586
27.745 56.33
73.509 14.865
12.92 64.692
67.008 22.938
23.776 19.922
50.659 83.315
26.352 78.223
49.491 70.434
58.563 94.629
25.459 15.317
75.711 28.316
23.758 22.686
62.917 87.009
25.02 27.519
75.155 47.549
68.218 33.543
13.87 16.702
16.844 63.323
25.757 70.647
66.693 71.107
48.484 24.005
46.079 63.519
14.886 16.969
34.88 79.461
21.553 9.383
33.465 24.502
68.903 25.713
79.746 85.615
29.036 40.37
51.477 67.239
31.079 5.049
38.636 74.677
73.47 83.28
85.205 31.367
66.389 30.752
30.357 75.949
42.014 20.283
68.65 17.968
41.361 88.114
52.495 92.414
58.372 74.399
34.388 44.209
82.561 23.53
5.78 66.762
64.76 29.726
29.939 38.745
72.403 26.898
17.29 77.446
22.799 48.458
34.379 25.701
35.603 29.283
67.841 28.582
15.124 76.83
80.188 32.158
65.55 75.989
29.631 62.211
57.783 76.578
38.015 88.206
23.397 21.561
68.327 73.371
66.532 82.547
32.337 62.034
44.411 67.094
78.849 27.251
20.774 18.855
70.0 70.567
33.919 26.341
70.388 76.572
21.317 54.076
88.629 21.234
73.61 87.831
34.873 13.627
67.271 17.034
67.273 27.086
61.067 84.733
67.338 21.183
74.598 78.346
69.927 76.18
77.82 15.978
26.691 17.543
78.74 29.074
79.034 23.919
65.298 78.267
24.245 58.965
42.559 1.75
25.304 55.865
39.413 10.61
58.654 93.877
55.071 96.615
73.36 23.774
62.563 20.843
71.199 82.041
23.966 81.682
59.711 81.246
67.815 15.092
40.229 71.839
13.311 79.773
35.791 17.892
44.092 8.488
46.797 80.864
33.215 21.304
31.794 57.909
69.207 23.056
18.823 25.385
57.834 99.156
43.717 68.672
54.307 76.997
32.408 20.66
49.876 80.25
66.263 71.017
28.919 68.379
22.522 61.243
60.329 76.544
53.35 74.981
22.512 72.043
21.097 73.778
16.762 67.507
28.744 70.309
22.189 30.196
26.481 66.552
38.838 30.902
51.253 87.865
65.995 69.135
21.474 20.853
78.253 39.507
62.343 28.672
61.153 20.182
19.669 7.656
54.133 74.729
35.061 27.376
67.323 89.29
19.16 19.901
40.694 80.89
63.181 76.77
23.786 69.002
21.346 81.293
55.462 94.622
29.452 21.495
39.783 74.353
20.048 19.611
36.536 22.173
22.077 71.951
57.749 27.049
67.163 15.968
73.17 87.998
66.572 88.314
55.713 30.718
55.284 79.192
23.136 75.626
17.645 12.708
22.111 21.999
42.141 24.66
25.013 83.488
14.105 83.935
58.596 90.54
72.809 26.256
30.924 13.573
52.436 81.532
20.273 59.881
32.132 2.548
20.672 15.149
35.955 23.686
69.209 79.155
49.742 83.62
58.553 91.647
41.692 75.736
18.145 24.344
86.301 18.975
21.3 18.696
26.34 72.677
25.87 77.361
26.628 17.847
58.826 75.064
72.014 20.629
85.613 31.916
16.528 67.587
74.825 10.667
49.03 83.038
31.872 77.827
23.238 24.06
59.994 70.261
19.148 67.274
67.385 30.739
29.869 64.504
53.48 62.114
67.566 18.462
78.456 24.875
65.107 82.63
24.341 83.924
15.163 19.136
59.42 86.738
68.016 20.605
62.088 17.457
64.218 89.783
22.256 68.261
32.562 1.18
39.11 61.979
33.803 16.279
30.509 27.994
47.188 57.138
20.582 28.011
72.699 24.14
29.323 77.033
64.017 71.173
27.19 22.957
21.692 32.119
14.951 65.416
25.053 65.54
74.559 23.034
29.363 10.72
73.702 28.075
70.267 24.191
62.604 91.82
74.518 22.723
66.132 31.171
51.673 96.743
10.586 17.542
58.936 88.618
70.237 41.37
27.922 15.633
70.678 18.892
17.85 74.641
41.869 22.246
11.722 86.668
23.161 63.155
67.068 25.342
34.63 24.487
65.401 16.372
53.976 96.09
26.416 75.226
16.31 11.26
33.961 59.862
69.236 70.784
73.036 23.403
50.033 83.6
57.482 7.973
40.554 27.524
72.067 23.513
26.874 70.141
21.967 59.321
72.645 43.415
56.285 92.274
26.968 76.284
60.868 82.181
60.102 77.089
38.034 18.584
84.471 26.508
59.332 13.157
34.978 67.078
61.914 13.563
26.117 59.121
72.458 85.403
80.84 14.716
74.938 8.858
32.797 7.504
22.066 26.204
60.106 25.401
30.523 12.908
24.039 80.813
40.458 72.953
24.652 7.783
48.219 67.242
20.428 72.835
36.066 68.573
33.077 69.785
51.867 84.183
83.038 24.337
17.092 74.797
66.986 18.957
71.902 32.108
32.884 77.206
43.011 81.802
24.117 14.586
68.015 30.833
67.345 72.265
83.753 30.765
63.319 85.844
72.387 28.085
63.045 21.464
25.983 20.111
24.643 70.629
30.378 33.142
16.481 67.966
59.788 79.111
78.352 46.615
93.13 26.619
31.61 31.699
33.663 13.409
19.649 25.583
18.861 81.426
77.917 23.465
33.419 26.584
32.975 72.736
64.8 24.584
26.635 77.886
23.993 75.204
71.089 84.233
21.62 27.566
73.783 80.987
42.372 56.438
28.577 13.661
63.955 88.496
23.946 75.439
29.13 65.223
20.027 24.347
30.653 79.784
32.556 66.116
43.796 23.707
77.279 33.448
33.286 17.038
61.626 84.027
58.847 84.575
65.714 80.095
72.509 17.893
60.882 87.893
23.353 66.039
30.19 33.734
30.485 35.272
81.221 27.227
25.708 23.155
67.013 90.602
21.156 71.754
69.822 19.904
28.347 73.158
53.299 93.738
82.028 27.335
22.033 44.922
35.838 68.861
50.157 68.29
28.769 74.69
67.599 69.06
47.165 83.668
30.148 26.317
39.779 82.753
60.791 92.904
39.523 31.115
46.245 25.655
56.544 86.683
27.935 16.052
73.104 8.622
32.718 82.315
70.51 28.839
74.939 21.524
21.445 66.962
71.991 61.021
