200 7
50.0 50.0
42.782 73.155
94.182 75.768
30.583 76.864
74.916 58.887
59.355 41.343
74.807 63.496
75.134 24.701
82.248 26.131
72.504 93.026
74.365 62.799
83.403 72.01
72.622 70.954
87.331 18.815
72.617 48.302
80.926 80.874
83.556 88.914
53.285 75.298
29.858 73.956
82.444 74.685
66.243 77.194
88.608 72.662
77.398 19.568
82.885 86.234
58.558 63.037
39.685 77.079
40.563 68.99
68.596 62.913
80.286 27.121
69.445 36.669
76.922 27.482
70.012 76.861
81.513 35.864
84.786 92.25
94.936 79.435
80.843 56.43
76.807 72.686
36.329 79.292
75.423 75.58
39.897 70.997
86.429 75.57
71.768 30.413
82.525 81.431
70.677 66.159
69.863 65.291
31.209 79.604
59.348 58.054
83.042 27.405
45.711 92.821
82.165 19.513
73.826 58.698
71.646 59.403
84.293 77.067
72.195 57.056
81.453 72.739
77.565 41.102
72.401 18.437
63.628 22.486
21.31 77.791
76.752 74.188
74.765 23.106
71.938 65.666
73.172 52.644
61.373 68.543
75.675 87.921
85.92 74.897
77.386 25.377
83.981 99.2
67.95 33.121
71.836 36.42
87.599 81.306
63.353 31.488
66.455 59.649
63.307 75.268
82.664 73.793
40.657 75.264
82.715 14.445
63.931 72.705
90.465 85.67
38.347 85.179
65.42 63.325
76.003 24.827
37.429 71.32
83.573 85.376
83.665 32.681
37.514 65.125
72.403 10.74
89.364 56.596
78.651 88.219
90.931 32.35
73.87 58.193
27.108 85.757
70.847 24.521
74.838 56.644
85.762 85.362
19.853 72.139
81.911 85.713
65.042 70.29
72.186 31.543
65.609 82.265
76.334 71.628
94.213 76.112
97.031 17.027
83.933 23.246
14.02 75.849
70.797 36.675
75.033 70.114
65.641 82.108
54.494 68.561
81.584 47.671
65.832 70.39
74.323 34.074
80.265 74.365
70.184 26.496
80.414 86.307
87.468 30.679
77.015 61.318
69.411 17.508
91.657 81.035
68.997 74.495
59.681 74.579
74.463 89.727
86.027 73.813
78.104 51.062
79.357 92.406
71.452 64.402
77.14 29.624
71.587 62.961
67.471 81.71
96.672 70.83
65.252 61.602
83.258 79.09
78.203 58.788
78.851 56.901
46.999 80.391
78.616 75.287
82.88 38.46
73.469 61.85
82.408 56.558
78.339 12.609
26.73 84.958
75.146 83.365
78.904 67.904
74.372 29.38
62.989 50.614
78.851 65.219
79.622 56.603
75.523 59.275
65.807 51.244
88.833 74.298
24.213 83.84
80.352 14.884
72.384 61.562
92.591 79.957
40.191 77.624
34.622 84.315
70.802 79.479
42.461 77.731
74.008 62.297
72.058 57.997
77.853 79.754
66.032 59.658
72.82 57.91
83.583 35.842
72.556 23.928
67.324 61.018
69.703 54.475
87.217 71.49
83.939 73.951
83.539 39.932
69.314 59.028
80.086 64.951
24.728 76.056
62.387 57.772
62.335 58.546
27.344 67.052
66.071 62.699
86.752 3.461
28.368 75.871
69.667 53.236
67.821 80.067
59.34 48.77
49.833 80.159
37.464 69.563
81.152 39.044
83.523 27.944
73.674 30.169
83.219 81.768
34.777 88.007
87.563 79.868
67.259 25.722
75.405 26.56
75.851 72.655
71.771 44.39
71.366 27.018
86.814 78.847
73.761 30.792
74.99 62.687
36.355 84.67
72.06 74.543
