500 5
50.0 50.0
84.775 5.842
64.818 67.948
90.462 31.228
59.024 72.926
45.473 89.769
18.756 9.412
28.697 23.457
8.58 9.774
93.978 27.226
8.484 21.787
38.819 86.291
74.422 80.21
63.377 80.568
16.644 30.111
79.456 25.541
49.899 83.942
27.057 12.79
71.897 50.664
64.907 65.368
97.561 28.582
65.59 72.016
42.673 71.084
76.864 28.445
20.366 3.206
57.459 60.4
60.476 81.895
51.299 88.635
87.503 16.126
11.464 24.136
80.34 62.683
77.692 20.026
62.497 53.011
78.473 17.459
69.466 69.909
86.155 14.863
39.318 74.355
88.071 20.589
71.51 22.573
49.843 87.307
45.917 88.208
64.969 88.544
65.498 61.15
22.417 8.433
55.883 57.429
44.417 69.47
93.294 20.581
39.501 56.834
65.407 65.726
89.208 29.873
49.931 83.958
20.407 19.99
30.912 23.761
38.645 85.664
25.928 84.861
44.738 65.401
58.57 77.2
66.253 70.756
77.319 59.858
33.683 16.876
90.231 27.237
78.989 27.651
28.463 20.088
72.905 19.366
43.725 75.209
56.054 68.727
43.321 67.985
74.938 71.324
96.518 27.548
19.952 21.129
18.014 31.687
8.762 20.809
60.801 66.702
83.934 59.055
9.973 27.172
67.065 63.632
42.94 80.148
5.319 23.785
45.936 84.939
52.294 57.147
20.772 28.47
60.125 71.332
38.081 21.863
5.664 13.059
75.773 64.456
84.256 20.494
51.413 73.904
68.405 64.57
35.12 82.686
74.546 59.834
81.987 28.701
81.922 19.061
85.401 37.562
38.053 5.405
77.599 20.95
60.052 46.85
19.807 16.622
73.738 38.615
19.891 24.354
20.96 12.636
80.995 29.848
84.22 35.007
9.212 31.98
20.786 24.498
84.316 40.482
13.622 19.24
10.604 19.482
24.883 11.021
37.36 91.55
20.678 12.668
82.638 23.162
17.99 16.693
62.98 60.667
64.642 66.164
75.534 29.351
63.949 77.396
36.43 77.07
19.343 8.874
24.222 20.668
46.202 82.614
24.306 29.622
38.799 91.838
62.528 51.977
51.676 74.724
24.609 19.865
61.456 62.566
17.352 16.677
50.687 77.514
53.269 69.326
68.148 55.28
62.396 64.986
86.582 35.452
82.234 29.426
19.52 15.734
93.81 18.2
24.653 35.589
18.879 26.135
65.376 46.134
25.403 12.697
5.577 25.138
13.51 9.678
43.311 75.96
81.181 7.683
56.239 71.571
66.111 25.77
72.665 48.515
16.166 25.681
20.991 27.142
30.902 22.808
54.569 69.71
45.117 78.247
59.453 83.554
38.856 81.143
81.276 30.714
23.92 21.009
40.092 85.203
77.015 20.155
76.994 14.415
14.086 19.371
92.574 41.201
72.37 14.894
43.566 82.982
81.883 15.22
50.949 73.913
59.533 64.022
89.73 21.906
47.325 74.115
76.462 54.771
65.65 63.101
60.192 35.735
69.544 60.292
63.506 76.48
68.058 57.99
79.136 11.226
20.237 19.322
59.573 60.474
44.098 76.21
79.945 62.836
12.115 4.646
42.385 91.364
22.349 83.249
72.266 64.262
82.431 21.803
77.108 24.822
39.965 95.322
17.845 19.867
88.105 21.116
30.112 22.157
70.928 66.13
49.788 84.805
57.096 64.678
71.848 67.326
25.172 16.619
46.255 81.765
80.55 40.966
81.981 28.222
16.562 16.915
68.837 51.934
15.463 20.025
36.566 98.152
85.659 21.559
77.234 17.463
77.103 25.623
78.022 25.194
34.969 82.541
54.772 70.171
12.494 25.09
23.491 19.272
50.887 78.364
28.161 31.205
83.481 38.837
52.867 82.66
81.351 16.791
73.884 59.581
48.967 82.277
86.013 17.817
52.055 81.645
52.46 78.585
67.461 65.796
23.626 87.233
76.104 76.727
76.789 23.169
22.355 41.148
81.563 27.099
80.59 60.581
27.026 21.748
76.979 20.438
7.472 8.408
20.258 33.038
25.061 85.722
2.822 3.78
73.817 68.641
73.9 31.276
83.332 29.073
43.128 69.544
75.737 20.203
56.399 73.166
12.299 36.98
24.698 44.359
84.196 23.265
39.21 82.073
80.063 31.13
45.351 41.882
57.299 63.327
23.505 15.974
32.628 95.972
41.209 53.815
71.532 62.298
19.469 26.374
46.49 80.909
73.808 26.63
76.934 23.97
91.175 19.155
75.999 63.288
40.602 77.054
42.622 82.05
20.724 28.568
48.032 57.891
69.337 71.487
47.799 80.916
68.595 68.625
17.851 21.081
67.186 69.292
83.472 23.964
83.297 61.752
69.021 51.866
30.035 85.017
74.651 25.867
79.997 35.019
84.278 30.397
23.449 12.816
67.484 53.687
29.327 85.685
70.644 33.181
57.756 66.75
89.408 9.118
11.086 18.333
17.861 9.127
53.723 83.283
39.789 69.701
85.328 23.221
2.305 24.013
75.992 30.909
74.574 25.61
79.682 71.952
27.204 11.061
77.626 22.342
49.002 86.167
73.178 26.842
19.908 20.896
34.996 91.158
89.733 19.769
5.628 0.633
51.097 75.764
76.63 21.252
78.379 34.03
88.266 27.163
61.828 56.085
48.141 79.403
64.271 64.633
51.377 90.215
32.591 19.607
57.859 53.431
42.171 89.972
34.676 75.955
17.762 30.719
73.592 69.983
59.29 53.464
55.353 84.062
90.475 28.062
75.544 62.24
62.349 74.346
10.979 18.742
69.975 81.88
39.55 80.801
80.695 22.169
71.044 55.851
64.784 79.461
61.825 63.174
69.961 66.826
39.656 82.407
70.903 68.38
93.825 19.414
34.427 60.522
74.767 71.452
67.503 60.45
66.381 76.802
91.755 22.561
81.261 19.39
89.183 20.804
81.569 54.429
30.135 31.135
45.006 84.637
48.821 87.433
38.418 30.802
69.496 17.861
48.077 58.506
48.137 79.31
55.48 59.032
93.675 35.994
54.001 94.31
38.754 87.905
61.08 64.743
27.828 22.142
51.987 97.267
96.123 23.713
60.006 70.382
73.966 21.721
44.51 88.606
52.359 94.722
54.468 76.871
55.299 88.722
19.857 25.885
29.208 23.285
51.976 74.635
38.601 79.981
41.828 84.898
29.055 33.395
47.296 81.984
48.267 84.95
41.761 79.896
34.011 72.771
11.04 9.301
20.812 21.85
37.607 21.841
62.656 64.144
46.213 79.658
65.109 61.503
18.252 13.047
31.767 19.964
24.467 16.126
62.636 29.233
19.426 19.054
15.165 7.506
53.622 58.795
64.636 63.331
72.879 63.212
70.095 62.763
27.618 4.597
65.422 81.094
52.88 80.298
80.792 40.002
22.742 17.666
26.216 27.083
50.147 71.565
16.994 18.685
76.284 25.865
84.502 32.195
58.37 90.869
44.087 81.92
39.559 83.662
71.552 18.475
25.388 16.909
83.31 21.703
16.345 18.08
38.332 82.219
69.395 81.912
67.441 53.219
38.244 79.028
8.798 2.393
49.637 89.519
22.528 80.211
91.318 24.932
87.495 34.437
46.277 66.103
67.4 75.744
87.357 68.306
46.043 83.72
96.768 34.783
34.176 15.488
75.406 75.515
54.439 80.866
65.071 66.007
82.446 23.895
61.746 58.298
20.053 19.065
35.62 80.147
26.04 25.33
23.426 9.976
66.995 81.717
93.714 45.818
9.277 32.562
74.217 36.904
12.129 13.07
31.617 85.389
43.45 75.233
75.124 20.685
22.77 25.23
76.648 14.052
49.44 56.929
66.682 68.188
68.437 21.013
30.2 84.65
74.885 18.648
6.548 27.262
36.576 97.488
27.099 72.556
69.004 29.835
93.852 35.492
85.193 17.815
36.479 68.368
72.811 79.902
85.737 61.125
67.292 15.503
56.528 84.634
19.59 22.734
25.434 17.322
48.464 86.411
37.868 88.521
24.47 9.674
45.273 13.125
22.687 30.483
61.136 60.796
79.781 26.863
45.031 74.958
44.645 90.573
76.287 58.441
66.479 67.491
55.985 80.847
43.259 88.711
36.428 76.601
19.694 33.319
41.368 79.337
84.987 19.696
8.394 24.392
64.726 70.918
70.185 63.084
43.149 81.015
80.445 3.571
39.824 79.528
14.49 16.801
72.08 9.372
38.472 77.821
45.772 74.009
18.22 12.498
61.621 76.397
82.727 17.765
65.262 71.346
36.272 68.439
40.392 77.043
29.286 16.892
20.981 27.519
87.698 22.668
10.34 20.896
72.807 69.146
79.165 30.416
76.985 29.745
77.961 28.691
50.372 69.291
57.828 58.671
48.91 79.65
48.925 74.613
14.003 23.198
44.435 84.053
81.804 31.597
47.658 71.65
79.214 20.578
61.29 76.627
37.226 85.748
44.842 71.16
