200 3
50.0 50.0
65.431 70.495
42.664 72.253
3.779 35.538
43.471 21.192
18.012 23.493
9.929 18.31
32.332 7.997
69.085 68.493
62.451 55.752
91.608 58.308
21.211 35.338
27.399 25.255
41.042 17.52
23.086 29.924
21.086 42.672
52.68 23.741
28.822 32.832
32.816 77.03
21.596 37.181
64.878 62.237
35.695 27.606
34.276 58.789
27.818 12.898
15.813 25.673
22.879 25.086
23.165 17.04
53.002 24.016
12.979 42.615
35.38 22.129
15.544 35.457
26.051 39.531
50.55 18.083
39.222 66.431
33.175 70.281
30.527 20.384
83.916 63.021
47.714 84.472
69.444 54.471
48.274 37.388
37.208 19.252
46.872 67.155
64.743 65.063
62.233 57.992
39.468 22.907
16.144 33.337
42.611 12.479
49.825 19.335
45.473 15.879
70.2 71.63
42.387 75.299
71.138 68.069
46.835 69.064
62.743 64.141
70.253 46.729
63.541 59.133
62.99 75.844
67.552 49.501
45.095 78.652
44.417 82.539
23.635 27.977
20.216 24.342
48.886 24.847
21.296 27.052
51.776 77.532
41.424 83.653
21.444 34.756
66.179 59.822
66.639 69.072
54.351 61.816
59.503 56.564
41.735 70.792
57.675 62.964
66.366 61.398
19.493 40.967
32.91 37.884
76.752 67.109
70.755 48.932
77.841 60.599
25.934 31.266
73.735 74.953
64.29 58.233
23.426 19.0
51.519 21.863
70.551 55.737
21.555 29.999
10.523 17.461
36.416 37.978
43.093 62.555
40.64 73.179
14.365 35.381
47.844 71.008
50.442 10.943
46.775 74.881
29.282 15.483
32.977 16.517
48.515 33.097
77.492 60.248
19.825 37.173
26.647 39.04
48.326 76.382
52.434 17.619
56.061 80.931
32.34 38.823
33.562 80.379
35.464 58.655
71.124 51.791
39.625 64.864
7.011 36.067
71.468 60.359
41.901 30.908
71.028 65.381
64.637 56.96
19.113 34.732
41.589 33.707
48.521 16.143
41.063 81.547
10.562 27.556
27.464 89.806
57.914 70.552
50.47 66.819
42.494 18.351
40.145 81.261
17.007 37.447
40.2 75.325
22.306 33.438
34.294 76.487
50.815 19.161
29.301 28.293
22.384 36.484
20.975 38.532
56.116 65.354
70.62 62.099
49.458 61.168
44.278 74.82
82.645 59.478
12.627 30.282
37.327 84.466
48.389 79.916
20.554 34.789
15.19 27.522
13.658 30.361
64.136 55.402
82.094 74.713
27.149 40.543
59.041 70.582
66.324 68.619
16.428 45.447
62.196 60.298
26.65 62.472
25.184 31.824
50.579 59.477
1.054 31.714
71.553 71.427
51.416 30.445
47.111 27.244
29.012 35.145
30.968 21.274
10.131 22.631
65.527 68.472
29.128 81.842
25.632 23.261
80.997 59.713
72.259 68.802
28.607 66.041
56.103 70.925
22.068 32.826
30.294 73.515
49.122 19.87
75.128 62.789
47.402 72.876
57.322 52.067
4.512 28.346
60.644 62.638
35.429 16.566
40.486 19.514
12.737 36.037
53.253 70.802
48.126 7.504
42.26 73.564
11.073 20.269
58.767 55.482
67.377 72.34
65.06 77.237
44.976 15.076
72.936 72.889
46.087 5.792
74.605 67.774
68.693 73.511
5.022 34.754
41.724 18.737
51.356 20.103
48.941 85.166
46.837 18.922
37.477 19.77
25.227 26.378
39.989 33.299
39.716 27.286
38.371 72.925
71.683 63.751
