1000 5
50.0 50.0
48.893 59.075
57.154 71.336
65.425 23.249
46.191 79.76
63.061 28.373
86.45 80.585
41.214 41.104
71.971 46.793
74.116 72.774
74.935 40.356
39.682 51.801
77.495 83.831
82.541 83.026
52.856 27.778
51.282 25.279
73.088 49.485
55.883 37.257
78.734 81.772
49.03 55.047
65.556 74.753
68.369 74.715
48.473 30.207
62.197 40.11
78.511 67.157
87.047 80.107
46.491 66.908
46.18 74.509
83.288 57.214
62.669 58.608
91.397 74.025
54.648 65.832
38.837 77.358
55.674 85.482
69.124 30.563
69.778 69.639
58.759 43.713
73.591 81.193
49.722 73.42
71.282 48.148
52.399 79.001
63.127 68.396
62.456 54.044
65.867 57.452
75.6 91.231
48.706 80.137
79.015 50.374
82.002 83.831
88.442 76.356
66.641 54.317
53.196 66.607
41.964 74.731
74.174 75.686
66.945 76.063
58.713 76.545
60.872 53.438
51.027 68.736
40.273 58.84
36.315 73.124
62.566 36.146
46.07 62.272
41.038 59.464
61.186 35.814
49.857 79.866
83.246 38.975
58.154 23.025
51.002 32.01
76.522 46.213
47.93 31.009
76.71 52.619
84.872 58.684
80.776 53.309
55.726 34.548
61.779 36.374
75.715 60.107
60.045 71.554
61.923 62.642
47.848 42.211
51.676 72.056
55.206 60.378
59.861 33.267
88.142 76.293
78.53 72.341
49.746 65.944
66.999 53.075
41.843 34.405
48.644 51.569
75.203 50.017
60.085 40.718
74.966 49.748
85.056 45.398
73.647 74.809
88.854 85.282
83.721 76.574
59.837 43.786
89.658 46.93
75.819 96.833
48.611 59.707
62.866 38.568
60.925 64.975
86.194 73.189
48.797 74.196
87.752 70.166
40.31 67.043
67.39 39.978
45.343 57.455
57.569 40.983
48.932 73.129
46.744 74.893
59.804 59.387
77.294 73.712
47.265 66.837
62.759 70.57
54.547 48.852
98.81 83.467
55.574 63.623
72.499 26.049
68.888 64.665
43.313 72.796
68.145 57.998
51.917 51.841
52.805 40.979
46.878 73.105
63.972 30.382
48.318 60.308
45.969 32.412
35.843 60.569
76.887 69.09
49.158 65.034
88.234 67.002
61.848 69.031
74.91 82.457
57.091 67.84
76.652 42.391
70.571 76.608
78.956 95.95
56.369 46.973
74.723 48.092
78.374 73.009
82.311 80.309
46.241 26.327
58.775 35.206
49.839 74.188
63.611 62.776
37.03 54.773
84.114 40.073
57.951 54.057
90.852 87.839
82.229 85.348
52.39 71.914
63.083 81.527
47.837 38.198
75.83 86.978
37.109 25.158
69.342 44.206
39.593 35.97
78.87 43.681
72.895 54.965
47.974 32.325
70.328 53.767
50.657 37.591
82.541 62.343
77.948 78.993
53.26 18.94
66.248 28.855
58.072 37.671
81.736 62.642
87.16 67.848
44.802 63.488
70.149 45.113
34.094 67.572
53.982 63.105
68.867 46.09
69.295 50.251
56.413 49.604
61.874 46.949
70.987 37.451
84.5 84.44
86.118 82.791
47.623 30.099
81.876 42.267
77.373 57.252
42.042 73.545
52.789 65.275
89.881 80.532
79.52 59.006
76.905 90.155
71.251 44.223
41.012 39.666
57.935 54.182
91.711 86.44
73.857 52.235
46.324 38.357
68.088 36.321
88.341 79.441
94.77 72.976
62.703 56.101
48.805 38.904
76.645 79.683
84.466 85.054
61.433 35.439
46.482 25.131
88.465 68.457
41.676 74.543
71.026 41.27
72.098 58.246
68.375 30.661
81.17 75.339
83.729 47.136
70.195 55.863
40.49 20.973
74.207 56.886
79.792 50.768
81.871 97.884
40.407 30.222
48.022 55.443
75.779 46.166
50.28 43.981
66.679 50.58
73.083 73.453
81.632 61.267
77.161 43.962
50.688 26.016
60.19 21.085
69.308 39.359
75.774 77.403
71.702 28.839
48.274 21.828
90.81 73.809
43.975 32.998
47.54 74.559
59.017 57.786
80.277 85.038
80.038 73.742
38.435 70.933
51.243 39.589
84.623 47.0
42.246 29.534
69.497 71.375
87.37 81.882
91.364 50.282
41.521 85.974
28.773 62.151
59.741 85.76
46.443 35.644
50.609 74.088
84.073 68.832
74.015 38.228
46.634 36.27
74.98 49.098
81.083 60.388
80.194 75.334
65.477 84.926
75.078 47.689
97.136 72.226
57.724 29.083
55.346 53.471
71.197 52.824
80.025 50.688
88.433 47.433
57.325 48.613
86.694 74.215
55.818 36.853
54.609 66.928
66.015 58.641
46.232 33.601
45.845 66.304
79.351 77.998
78.472 62.366
48.943 62.336
61.29 45.312
90.891 86.559
86.233 73.653
47.164 34.068
59.355 35.963
46.019 67.376
83.266 77.84
75.252 89.477
60.763 35.471
47.037 67.488
54.226 27.637
64.04 45.914
96.706 67.126
48.078 24.492
58.998 36.068
72.644 45.386
77.088 81.574
63.052 34.944
54.775 76.702
47.539 66.685
73.203 56.968
77.852 44.507
73.256 31.602
48.797 75.254
74.671 82.41
75.861 63.885
76.098 83.986
31.222 73.249
50.225 78.035
81.878 83.228
77.44 43.812
51.942 70.104
48.627 41.19
80.709 47.532
82.264 51.758
78.231 38.478
43.472 63.193
62.499 54.153
58.592 84.471
58.513 24.813
67.424 34.414
92.205 84.473
45.454 57.353
51.766 35.666
69.222 40.316
86.528 76.25
78.377 48.896
49.008 65.255
47.276 69.674
76.29 88.913
60.449 44.137
39.938 71.014
83.712 76.448
60.314 28.467
42.555 34.458
63.721 43.509
54.271 60.927
51.15 35.744
76.097 72.869
47.073 29.92
65.548 31.264
83.156 77.254
75.809 77.505
78.146 84.446
62.087 20.983
86.714 85.538
59.096 44.233
54.114 63.937
62.382 23.074
48.958 72.882
44.428 69.999
61.239 40.178
34.226 82.876
97.322 72.546
68.549 60.076
69.017 30.613
78.637 72.88
58.402 31.226
43.56 60.148
53.691 67.696
51.003 28.824
58.849 35.361
39.829 40.093
85.003 84.838
48.543 22.818
52.674 38.643
80.862 46.437
86.22 64.243
75.499 41.434
58.171 30.977
79.834 53.713
49.328 53.646
47.284 37.799
47.959 67.862
60.398 59.385
85.108 81.527
65.622 50.969
64.921 44.828
48.625 78.157
54.764 28.861
76.55 55.443
63.703 83.77
64.395 40.464
60.697 37.176
65.664 70.033
49.927 80.713
67.078 61.779
94.743 85.924
54.012 32.549
53.653 33.66
95.845 43.347
77.192 87.71
49.225 67.413
55.059 32.2
72.63 83.849
48.308 76.965
56.008 31.592
55.451 67.157
44.738 66.667
81.481 80.132
89.275 81.526
89.529 86.19
50.178 30.185
76.93 84.88
83.024 84.714
79.914 51.791
47.396 32.791
48.499 35.537
65.623 31.518
71.109 50.064
54.744 75.593
63.648 73.896
60.414 22.215
73.523 81.376
60.135 64.375
89.988 71.026
75.099 54.9
70.515 47.979
89.787 58.176
78.339 82.298
37.949 72.877
64.527 58.663
81.596 35.362
49.608 27.559
78.395 48.317
39.917 62.358
57.655 78.491
48.637 44.119
65.857 46.9
42.257 67.49
88.652 62.283
48.297 80.453
77.218 72.825
86.231 69.253
75.382 65.371
63.269 43.123
43.404 72.342
52.022 58.338
40.035 41.236
67.356 58.268
62.613 48.861
50.553 76.793
86.823 71.696
52.38 29.979
43.668 23.157
44.439 40.705
81.004 51.358
51.25 79.837
48.231 35.875
41.031 61.152
59.626 61.944
76.283 43.527
78.242 83.074
44.113 72.235
56.056 77.127
45.702 62.174
50.415 75.337
31.224 59.499
88.972 70.479
73.378 50.153
56.525 56.843
40.084 71.959
49.115 70.976
66.657 38.165
85.755 89.645
50.431 74.362
36.045 72.842
74.809 52.385
56.417 34.365
57.411 49.807
59.239 61.532
93.999 84.466
42.51 85.481
64.54 37.26
67.766 49.225
40.013 71.265
54.387 68.462
71.795 53.929
46.144 83.153
30.892 23.698
43.819 27.755
95.256 80.501
61.143 29.789
61.4 39.131
53.738 51.813
60.723 59.429
56.08 64.207
93.162 74.411
47.14 26.677
71.521 64.276
77.105 86.076
85.572 84.875
65.979 44.551
53.001 57.351
86.187 87.846
58.525 34.236
51.886 64.805
57.54 48.27
72.103 61.576
44.718 30.692
62.65 59.118
74.098 90.624
60.521 26.586
87.689 80.233
68.411 46.248
62.795 31.279
46.233 17.885
42.46 43.819
66.467 76.623
60.466 65.104
60.153 47.958
42.978 70.451
52.266 52.998
51.572 57.22
85.749 52.047
46.958 16.064
38.884 65.444
68.14 70.426
58.759 83.062
88.999 77.102
55.811 25.638
78.058 79.99
50.396 20.366
48.322 38.334
91.793 76.8
99.792 89.439
84.528 72.932
43.815 26.226
79.98 74.633
68.769 30.079
44.574 28.608
58.775 30.429
71.835 49.023
47.725 20.397
53.387 59.317
46.526 37.57
81.188 64.908
70.879 77.219
80.778 53.411
58.058 36.095
57.53 58.525
80.291 72.751
46.361 29.658
78.208 62.331
46.841 64.183
72.633 58.766
47.028 28.519
84.467 78.283
68.031 75.813
52.739 57.974
83.082 70.752
74.599 77.771
83.009 53.485
53.258 37.778
54.705 29.133
55.276 65.261
60.704 29.535
51.561 29.47
72.897 81.701
73.574 45.56
66.375 73.903
50.913 69.974
82.513 81.157
51.173 28.391
54.508 28.914
47.682 38.733
55.55 72.586
56.824 84.974
65.269 54.912
58.404 59.88
68.854 47.431
80.069 87.566
68.655 46.059
77.632 84.716
70.909 37.494
44.724 71.33
51.684 28.46
79.323 88.285
86.518 79.48
80.088 50.886
87.145 84.17
35.409 65.136
72.352 44.35
76.715 77.04
44.279 70.47
82.304 48.084
67.825 38.962
48.193 25.867
47.55 69.953
80.09 71.289
82.388 72.155
72.736 49.856
73.75 82.439
69.735 40.969
69.992 65.102
63.489 43.606
93.963 78.905
87.557 74.601
41.138 35.355
87.386 89.504
72.428 56.249
65.681 45.175
92.711 50.948
56.971 37.493
73.58 55.071
73.322 50.386
73.474 47.805
75.677 46.22
45.382 68.715
52.548 35.63
45.254 73.907
60.783 37.166
71.097 36.963
77.63 46.384
92.534 60.995
37.9 70.34
65.139 82.617
67.822 65.596
81.346 73.769
73.725 57.137
75.7 53.141
47.042 63.577
58.39 21.552
50.385 26.913
41.78 66.068
57.651 27.826
84.228 70.448
44.994 72.919
41.386 42.352
54.466 71.181
61.494 33.055
49.665 70.995
56.412 26.681
76.533 52.598
70.487 43.734
45.733 87.636
44.558 68.047
38.261 31.095
90.17 55.804
92.493 88.328
79.302 26.029
57.74 55.949
81.981 46.134
76.618 95.115
49.01 28.74
40.891 70.694
66.197 29.945
79.643 95.55
94.705 73.143
79.687 53.295
70.93 41.129
54.734 69.754
78.296 57.151
58.519 35.492
63.015 73.366
73.051 39.939
48.713 28.445
80.471 49.84
81.831 80.395
56.015 37.211
46.576 75.532
85.616 78.008
94.393 79.689
55.96 32.553
71.791 60.016
41.771 72.213
57.106 57.957
53.222 59.04
39.622 74.546
70.618 54.778
47.492 84.902
49.541 29.618
35.722 74.595
70.329 43.297
45.607 67.885
32.879 77.206
39.044 62.191
57.519 94.007
72.792 67.644
85.546 77.894
56.1 56.582
87.921 79.125
42.452 56.45
74.587 49.254
77.499 49.547
86.581 83.65
64.304 36.39
55.732 30.724
51.813 59.272
52.338 71.425
73.399 76.026
64.447 38.63
81.018 43.889
58.079 29.946
82.001 86.522
37.846 66.711
73.101 47.113
75.177 55.414
78.495 76.548
50.36 34.684
83.787 88.3
91.38 87.754
61.641 37.461
83.067 88.503
77.146 67.336
48.777 69.131
71.975 76.473
40.062 76.21
78.303 32.915
70.66 51.523
53.627 39.817
75.112 77.409
35.021 68.736
81.895 82.45
62.672 54.991
50.655 33.475
69.104 44.929
77.575 72.116
58.049 30.509
38.782 68.216
74.739 55.329
80.484 87.272
67.385 59.663
43.663 55.062
70.828 59.772
55.529 77.058
51.584 19.752
78.113 78.367
82.014 57.711
42.641 74.934
53.296 71.978
79.255 43.602
95.518 66.787
53.174 52.308
74.662 41.788
74.221 53.6
78.335 79.747
83.549 79.983
63.271 40.208
55.737 47.138
52.485 18.939
79.416 80.554
52.199 63.959
52.907 70.591
61.266 31.351
85.564 71.066
63.492 58.064
79.841 89.151
80.96 50.024
76.741 52.91
78.785 39.187
67.468 53.544
49.99 74.617
54.043 65.3
50.019 66.905
53.169 16.686
82.811 70.875
84.095 70.706
66.5 24.904
82.683 80.05
69.192 73.953
82.097 67.391
64.996 35.261
54.105 66.273
75.068 41.873
79.594 54.05
76.69 88.989
84.148 79.649
61.197 16.743
72.19 50.413
41.567 73.789
71.582 72.71
86.898 54.354
51.37 28.02
64.422 48.918
82.229 59.069
86.767 47.582
56.942 40.586
76.509 33.097
54.17 63.101
54.186 70.961
82.68 75.548
84.975 63.313
53.88 23.517
58.926 54.83
53.209 45.338
57.525 69.537
56.954 43.641
67.624 79.145
65.538 59.785
71.357 79.103
47.464 69.496
36.515 34.92
51.551 31.241
37.004 53.799
48.828 36.217
43.514 67.83
64.474 67.485
75.877 70.533
48.003 68.233
57.945 35.919
44.631 39.704
71.515 54.399
48.74 75.905
50.459 27.076
61.126 38.603
59.712 51.15
41.976 61.229
52.399 60.252
78.391 46.034
49.083 75.533
62.304 37.212
39.878 80.276
39.586 61.131
64.622 19.05
71.787 45.684
44.263 19.318
51.127 54.578
53.055 45.12
66.973 50.029
79.826 46.546
74.456 40.208
57.633 33.179
49.133 65.094
79.07 40.39
78.571 56.824
58.14 59.074
55.736 30.331
49.157 63.691
87.938 58.626
67.864 87.889
38.673 68.468
43.674 36.633
56.036 74.611
48.652 59.948
89.925 85.887
63.892 49.16
73.166 61.078
57.736 55.35
76.489 86.859
43.895 83.024
37.15 80.063
76.493 52.62
51.889 29.954
83.916 55.447
87.887 70.201
90.002 43.427
91.555 37.536
76.881 71.299
48.78 19.225
78.688 38.777
61.771 82.015
68.906 72.78
46.08 77.283
72.372 82.57
76.193 58.905
71.738 82.928
81.562 81.179
64.337 39.365
76.446 56.431
77.475 65.498
66.852 34.279
57.044 35.008
37.385 53.994
72.145 26.327
75.415 72.968
41.369 36.685
70.607 25.748
49.586 64.896
64.422 81.101
39.386 84.298
75.017 85.521
45.131 41.56
65.382 49.7
72.389 74.28
44.567 80.008
76.557 34.09
66.565 37.451
52.3 26.831
75.755 41.704
78.398 76.845
52.526 6.765
46.027 78.254
50.045 43.147
86.475 44.901
47.622 34.758
39.411 70.542
80.74 85.893
80.775 72.627
77.326 92.502
82.336 68.949
51.297 32.019
67.317 66.046
77.994 75.118
60.903 17.575
71.334 50.576
90.975 76.874
78.986 88.993
50.142 77.968
61.313 69.567
42.941 77.073
74.726 73.967
43.007 65.07
62.694 31.77
75.838 73.026
65.19 84.258
75.528 51.884
68.717 48.97
82.802 49.43
66.723 44.694
65.173 36.455
70.393 48.496
75.895 86.49
42.712 71.6
53.162 34.945
65.261 46.339
74.072 85.56
39.66 24.18
51.886 69.123
77.894 86.975
57.719 27.04
81.798 70.724
81.278 90.991
74.481 45.58
57.204 70.763
68.676 32.95
82.474 82.12
52.407 54.296
87.601 81.494
61.611 63.604
53.884 37.549
52.852 71.933
50.287 26.191
42.126 54.928
72.45 56.642
75.965 46.624
42.824 28.151
55.434 30.984
77.701 59.412
52.838 60.722
38.895 77.901
46.031 33.648
66.546 53.311
73.996 62.056
70.027 15.551
84.841 81.986
77.811 63.358
93.812 42.06
54.892 61.595
92.328 69.043
53.899 48.826
34.284 75.741
75.818 83.674
71.531 55.83
71.182 40.631
46.968 40.767
91.697 78.902
81.309 58.75
82.169 87.647
41.866 64.834
41.71 36.871
40.566 81.197
66.913 55.395
76.11 76.0
38.796 37.872
81.757 80.604
49.861 62.716
59.068 35.054
45.341 28.765
59.714 32.849
87.654 78.019
53.258 59.154
86.594 70.86
72.469 78.763
80.786 42.325
91.27 47.794
69.838 53.587
86.579 77.719
51.23 39.363
81.135 76.161
51.923 36.24
47.213 36.877
80.641 43.295
57.249 64.54
42.811 35.254
35.755 55.492
59.477 63.859
33.584 71.141
54.746 44.439
64.568 49.451
83.496 81.402
45.132 68.507
45.8 67.966
49.696 39.547
87.417 57.57
80.324 89.598
46.265 70.734
48.411 62.161
53.375 25.046
55.796 26.089
81.788 47.484
46.296 33.614
71.264 42.923
87.135 79.589
73.233 38.008
52.976 58.201
57.112 74.606
53.085 22.559
55.495 37.805
62.877 82.873
