100 7
50.0 50.0
71.726 47.059
46.027 55.582
29.707 66.739
81.617 56.008
32.194 59.054
60.749 14.182
37.611 79.155
83.358 40.199
42.143 88.923
49.324 78.693
95.151 18.461
48.351 75.95
37.74 81.811
76.783 41.534
49.559 76.197
54.039 67.554
43.007 51.006
18.282 66.198
81.074 4.027
50.251 88.252
48.898 83.923
38.251 63.127
65.975 46.09
56.883 33.658
90.281 39.227
39.567 70.942
69.908 3.713
83.929 20.074
82.727 38.345
20.55 70.013
87.234 9.697
58.998 42.838
85.634 18.081
68.752 29.931
33.398 61.585
82.3 34.675
25.491 68.165
56.916 61.827
23.155 64.266
60.757 22.635
27.669 70.205
69.244 44.555
32.576 70.992
76.976 53.129
37.226 61.679
49.994 86.51
71.208 38.911
77.8 1.411
84.117 54.955
24.928 54.189
37.358 76.355
72.302 46.056
76.223 13.921
43.727 73.92
54.054 71.41
18.964 60.724
43.834 82.657
71.364 19.401
52.331 88.632
44.374 77.22
69.903 12.042
73.352 51.692
26.585 58.991
69.455 1.744
79.234 20.49
39.886 61.524
76.624 11.376
53.901 74.19
72.015 50.708
85.579 35.382
68.076 43.696
45.666 79.166
42.633 78.502
28.098 83.65
35.278 66.894
61.381 7.916
23.084 59.714
19.812 70.098
37.711 73.186
62.241 8.236
36.253 65.707
49.698 80.998
28.731 59.148
90.266 48.856
77.972 50.789
55.241 83.809
83.792 49.222
85.567 44.786
83.046 50.089
25.694 56.311
34.836 77.608
36.821 79.372
87.201 13.912
17.191 45.844
21.888 79.588
47.411 85.154
80.862 10.095
65.695 22.261
34.708 89.195
