100 5
50.0 50.0
24.058 91.04
25.898 41.708
21.56 45.206
35.07 84.277
60.671 17.817
20.663 28.007
69.714 51.451
72.811 53.834
21.613 29.159
79.055 68.868
64.024 35.901
38.314 35.544
4.959 47.198
2.261 43.814
36.209 73.066
38.411 63.636
78.365 68.001
31.791 82.509
62.696 22.227
93.32 60.974
75.37 15.89
37.949 95.853
83.63 79.362
20.081 33.011
78.498 33.164
92.088 65.606
86.736 19.212
72.363 20.406
51.505 15.995
14.361 48.632
82.254 70.229
75.418 59.5
71.408 73.081
15.6 30.979
59.984 7.693
58.658 21.9
82.85 72.03
25.099 71.923
69.83 11.209
32.457 80.688
63.546 79.263
76.237 83.935
76.74 30.652
26.925 35.817
72.876 35.449
38.318 78.485
73.579 31.703
45.713 86.436
41.818 72.897
89.934 72.651
26.144 42.852
19.564 37.292
24.496 42.121
57.425 34.009
79.691 57.356
10.998 22.275
88.462 74.984
75.958 35.223
72.172 16.89
78.607 27.551
16.682 52.144
35.899 81.767
36.423 70.699
18.676 22.43
34.988 79.143
75.556 23.338
30.591 77.844
29.613 73.754
41.557 69.973
36.581 31.596
82.471 53.368
61.531 31.384
36.444 92.195
10.823 38.852
11.444 39.114
69.689 38.342
74.118 27.689
75.849 19.184
79.414 54.123
76.795 15.029
19.37 39.054
81.597 73.022
21.657 21.291
64.336 34.003
78.94 69.292
34.921 81.323
31.647 57.34
77.371 64.916
18.874 82.48
81.631 20.81
66.266 22.353
16.44 45.513
67.72 25.967
92.362 54.252
25.865 41.978
88.772 82.856
86.282 64.158
74.273 66.42
28.297 27.483
