100 5
50.0 50.0
29.139 67.689
55.84 20.673
77.343 64.372
78.53 78.845
10.677 9.74
77.391 62.938
21.99 30.065
36.884 25.833
29.382 21.045
17.965 12.807
13.412 10.059
19.073 15.951
33.528 74.956
16.53 3.281
22.889 65.365
57.967 20.951
70.288 63.725
37.961 19.438
27.123 74.579
70.57 28.457
21.699 64.035
22.572 20.6
70.207 36.09
75.752 41.302
76.655 74.259
79.656 22.842
76.98 46.856
66.021 29.747
70.883 56.385
13.893 15.338
5.912 14.212
76.513 50.659
78.178 65.267
30.736 61.28
76.23 65.821
23.952 71.158
29.241 56.958
7.867 64.334
72.493 16.01
22.475 68.8
67.826 43.357
69.461 27.268
78.372 56.383
40.357 64.274
33.71 67.253
18.896 35.815
82.349 65.588
77.852 69.324
20.441 72.352
15.366 30.282
19.949 68.517
14.934 17.644
64.768 21.309
82.29 30.868
79.934 69.96
17.801 7.998
63.931 29.352
69.027 69.164
21.695 16.27
73.563 54.044
79.056 53.189
90.511 72.194
26.505 22.037
75.821 55.224
78.964 59.646
74.393 36.47
28.449 61.638
67.139 44.345
18.479 64.8
84.354 67.135
69.47 28.84
75.946 41.631
62.954 32.213
20.636 71.959
74.831 55.584
73.739 69.517
24.183 17.69
20.748 60.987
73.536 63.943
11.594 77.457
88.277 78.303
36.099 50.902
17.385 66.906
16.536 23.544
84.813 56.309
32.513 8.453
77.152 56.421
67.973 41.521
67.024 31.383
72.92 20.896
83.426 61.676
25.424 49.276
22.551 62.122
30.741 72.895
72.741 72.75
24.523 14.911
66.886 64.048
79.496 66.007
93.792 63.75
