1000 3
50.0 50.0
27.397 42.051
42.615 45.909
73.79 62.351
48.607 8.163
39.536 32.407
53.215 79.869
98.872 21.315
48.05 40.519
79.82 66.734
20.574 2.534
8.998 89.173
9.988 5.59
21.626 26.578
70.254 24.199
30.674 3.449
61.077 88.309
29.931 47.174
92.547 37.158
15.295 64.729
52.066 10.879
24.076 23.988
36.438 66.728
43.472 27.135
69.32 55.919
3.644 59.828
45.461 9.455
79.685 64.206
40.529 64.611
95.036 46.389
37.785 74.961
63.989 13.271
26.258 5.826
74.088 92.967
74.302 63.368
27.154 7.812
50.24 84.624
67.822 32.502
65.729 86.115
38.06 90.692
37.018 87.243
81.239 93.213
95.457 14.394
87.434 74.854
96.605 25.481
74.671 27.651
41.508 28.107
90.306 22.879
39.554 86.411
64.043 48.111
26.991 79.94
53.858 68.317
59.222 78.24
15.394 71.257
8.76 96.893
43.271 97.856
47.071 27.101
89.817 66.628
72.273 0.022
17.884 7.024
59.517 85.43
33.043 45.168
61.767 96.969
3.352 34.332
94.244 64.253
38.302 82.549
83.941 64.556
40.795 70.458
67.615 29.547
1.175 54.661
69.144 43.998
75.341 51.347
92.184 7.467
20.391 36.509
37.052 44.484
65.05 95.788
33.207 53.764
18.685 49.503
13.444 99.166
37.319 49.269
44.059 2.053
86.017 59.75
40.928 96.95
39.941 3.611
40.444 5.925
43.748 19.74
78.641 1.571
7.396 69.567
1.705 45.364
69.933 17.692
74.936 31.841
67.406 59.262
26.38 10.852
32.299 94.425
24.85 29.447
65.033 40.858
38.827 17.356
34.342 32.949
88.814 19.649
40.031 33.104
82.196 15.358
54.681 67.492
79.964 40.67
21.539 54.87
92.112 74.676
82.811 4.963
39.492 92.965
58.769 97.417
74.038 34.155
88.16 44.493
64.122 1.634
2.817 68.673
2.296 52.526
51.138 99.623
63.24 52.268
54.741 67.694
72.859 42.08
93.82 36.092
91.499 88.979
9.717 5.64
52.176 32.0
78.634 26.505
94.82 13.143
56.607 23.467
38.275 34.726
25.497 88.948
86.079 83.497
47.583 45.047
88.308 5.004
18.685 55.062
16.755 93.738
87.947 48.043
78.679 16.839
86.726 90.772
72.129 51.606
50.866 46.733
34.378 33.349
5.046 98.332
63.863 14.224
37.03 74.678
82.461 65.766
62.125 90.585
30.53 89.707
81.326 5.543
39.43 68.394
39.326 3.971
84.467 57.339
22.51 40.588
26.016 99.268
41.619 23.677
19.099 76.977
73.664 70.467
42.159 1.798
8.813 19.776
61.69 25.329
17.938 20.36
11.836 1.365
79.612 29.088
4.066 89.675
70.396 45.366
57.912 66.741
48.41 26.269
70.532 90.488
21.543 4.418
8.579 75.603
25.35 4.914
96.288 6.31
24.76 49.252
72.899 15.851
24.835 24.459
93.693 81.408
27.076 31.512
97.85 31.818
15.74 86.516
24.292 73.646
45.026 21.95
15.675 70.166
17.014 96.627
35.863 7.494
58.856 55.87
67.697 79.014
32.054 69.362
63.522 71.213
0.118 6.101
76.611 44.927
83.159 7.905
25.894 92.249
59.553 16.508
83.737 60.286
22.316 26.059
98.466 77.453
25.073 35.261
74.433 22.767
76.321 81.331
91.704 24.397
10.725 88.508
10.162 90.585
73.733 50.491
66.087 21.399
72.832 34.478
64.07 2.766
19.76 29.879
11.685 78.203
15.863 17.801
12.465 92.219
41.439 60.358
72.388 62.535
60.106 81.158
58.352 98.443
68.294 42.476
77.87 61.184
65.653 35.541
76.961 86.581
21.587 28.014
37.863 98.72
78.636 63.305
99.004 25.905
90.113 46.308
25.944 35.577
94.865 58.912
97.079 15.496
69.076 76.157
38.647 73.583
74.451 49.916
56.23 3.547
13.856 56.264
3.415 51.183
21.24 36.763
26.892 4.936
43.089 5.965
28.896 97.973
71.488 67.409
56.874 92.513
55.018 70.139
38.275 17.905
14.923 4.156
55.314 8.545
45.856 77.051
69.236 72.544
91.666 10.9
76.029 91.407
55.061 94.625
19.356 69.086
81.89 67.914
14.095 77.484
8.768 40.19
75.332 43.682
96.749 26.139
37.179 16.67
47.795 94.211
30.924 40.127
12.255 29.35
96.582 54.349
1.104 60.835
96.859 45.443
41.629 52.312
53.593 58.263
0.914 16.232
68.021 53.521
6.784 94.678
43.701 84.55
58.452 25.178
59.404 7.327
86.743 94.613
15.814 57.313
12.717 48.184
19.242 47.061
43.872 33.466
58.729 77.349
15.978 47.153
82.603 34.649
67.925 77.077
59.735 92.775
94.308 82.673
67.235 92.649
85.471 97.292
19.512 57.029
54.36 93.146
41.683 99.517
50.01 83.275
97.882 75.183
31.815 81.218
5.515 20.868
91.808 92.364
63.382 15.415
81.223 39.665
87.881 39.962
9.599 1.103
52.219 55.585
63.127 3.812
81.737 61.025
31.521 8.81
91.629 44.648
49.653 15.018
46.075 22.221
56.625 16.456
14.591 67.302
50.275 58.933
31.094 17.156
50.327 79.144
74.117 47.521
45.58 35.882
1.391 56.728
57.012 93.685
86.05 55.061
47.409 26.857
60.088 9.408
36.61 11.176
63.49 18.02
21.63 67.517
48.702 69.661
29.416 34.944
91.476 51.292
57.083 41.265
3.898 13.479
20.623 67.919
9.839 87.073
76.661 88.476
23.03 31.83
5.414 93.075
11.258 20.515
39.26 94.463
96.883 4.923
25.042 79.008
28.016 20.391
71.547 86.577
57.283 4.287
10.022 67.867
45.652 66.807
27.036 52.138
11.527 53.598
78.234 50.257
46.838 38.09
69.354 27.862
75.244 83.607
17.099 40.746
40.061 31.453
87.064 2.928
90.765 17.002
99.775 80.48
39.448 69.51
49.52 16.449
83.256 93.535
96.197 57.632
25.377 13.714
0.622 87.564
5.198 70.236
89.225 78.733
60.489 37.059
94.076 39.39
50.315 13.607
99.124 52.342
27.882 50.565
17.854 17.053
34.403 51.472
10.146 60.46
10.797 46.239
30.063 40.447
17.789 12.855
68.714 47.119
81.699 36.289
39.142 3.615
59.932 76.768
3.488 78.763
46.278 72.822
32.642 40.513
3.033 5.886
85.811 92.365
23.693 46.629
63.606 13.459
32.67 57.974
85.602 46.853
35.813 38.377
3.073 25.218
82.709 48.384
83.628 77.665
32.987 26.764
34.68 43.288
45.138 10.714
65.64 99.175
92.56 23.78
60.092 35.434
61.832 6.44
83.077 51.82
81.189 57.786
13.077 18.04
71.842 59.527
80.875 54.031
89.527 45.567
4.597 26.908
2.173 65.935
44.132 2.433
94.318 38.05
50.61 71.512
39.8 48.126
13.463 14.111
71.652 72.096
23.39 40.585
57.161 15.028
78.018 54.999
31.018 14.584
87.248 46.283
0.191 86.612
81.575 18.565
63.728 29.073
81.33 38.372
36.275 24.722
92.951 5.506
96.593 12.623
90.263 58.121
67.52 42.131
93.235 82.039
76.953 59.37
20.009 62.505
27.603 62.534
74.551 20.209
28.644 59.306
49.066 86.514
82.126 32.866
91.016 78.174
80.007 92.829
47.92 87.452
51.709 93.216
10.663 89.928
33.289 3.618
23.993 23.322
10.196 99.346
41.695 45.645
99.567 56.066
5.106 49.76
54.331 18.397
88.46 39.172
52.376 62.895
65.69 77.142
18.423 18.142
49.439 27.901
92.609 60.8
69.141 90.281
8.927 61.724
39.065 6.471
86.032 69.434
73.663 14.721
84.281 91.975
31.032 52.077
28.719 84.425
78.133 95.155
54.878 72.843
81.847 3.967
82.376 41.282
74.112 64.887
14.289 80.83
37.853 90.818
24.755 28.778
43.497 20.201
61.862 27.861
84.791 88.122
58.193 42.923
1.62 86.825
54.4 79.91
26.93 92.357
55.097 31.294
9.199 43.99
77.696 59.289
85.917 11.235
79.508 47.613
32.771 22.405
25.712 90.17
6.701 99.638
85.444 20.483
74.724 41.468
87.25 20.298
49.17 40.366
77.568 88.099
42.172 54.074
54.393 96.065
13.257 82.66
28.646 93.834
72.14 16.05
22.676 29.553
41.303 79.026
22.025 86.111
41.031 91.774
75.424 43.789
57.606 87.259
6.655 22.16
85.814 48.473
38.597 59.706
71.76 24.943
35.554 69.003
35.779 97.025
74.489 20.684
18.773 28.431
26.503 61.397
93.162 65.924
96.504 94.057
54.678 80.637
5.4 34.653
55.936 52.457
14.384 37.531
22.399 80.406
2.57 12.615
7.129 5.366
52.399 50.514
47.021 43.669
39.857 89.536
53.927 83.812
76.009 8.905
69.68 15.802
37.985 82.57
66.558 77.761
22.043 64.411
71.307 96.487
56.818 43.044
61.835 34.522
23.264 43.173
41.504 91.954
76.6 35.684
41.119 71.22
25.055 63.518
36.984 93.955
50.05 52.914
59.482 12.293
73.053 24.538
76.814 0.152
27.007 89.409
52.706 24.565
51.683 37.738
65.678 2.814
7.693 35.65
77.982 33.698
59.724 32.409
71.155 27.401
95.981 9.283
24.721 83.2
75.17 46.019
21.047 72.511
96.771 82.735
60.653 23.012
64.645 49.587
78.088 24.065
88.302 30.291
64.235 93.627
42.179 36.739
72.0 23.811
46.753 81.913
84.493 34.185
92.834 32.048
52.08 62.356
71.442 33.619
96.194 4.058
2.903 9.739
44.462 9.776
38.283 73.82
73.473 2.244
74.242 69.632
5.922 15.939
65.306 49.4
19.685 70.979
72.78 97.21
48.358 10.486
73.843 23.702
58.991 96.453
59.795 35.049
22.226 17.865
29.801 39.23
64.552 39.636
89.81 60.417
22.337 51.532
35.228 23.666
75.843 16.453
54.894 22.017
80.168 12.333
61.511 15.214
38.378 80.394
84.214 86.214
45.61 20.392
12.09 61.238
15.392 91.593
52.255 11.641
58.744 17.337
99.823 79.703
59.256 92.072
38.743 66.21
61.429 57.0
58.019 60.923
21.373 93.543
36.825 22.646
99.25 22.133
58.019 84.399
1.433 92.741
64.265 85.566
26.587 64.815
17.147 43.808
43.89 53.014
31.683 44.298
97.221 16.99
43.406 11.684
12.0 55.668
94.475 91.7
63.297 38.185
84.648 47.546
33.253 32.509
97.069 83.806
6.014 30.325
18.197 34.172
58.707 85.723
60.296 27.25
23.81 8.57
9.428 23.272
61.917 21.351
1.149 80.997
59.232 51.824
42.43 1.979
73.955 19.327
91.845 88.208
30.341 52.204
66.478 44.997
18.705 87.106
1.853 81.298
67.028 59.452
85.08 56.127
83.039 2.009
41.714 11.572
0.389 70.477
45.232 28.032
48.685 96.933
41.125 93.396
80.029 32.504
60.987 43.861
91.203 93.252
89.615 25.581
60.769 52.111
59.203 14.476
14.501 46.936
75.765 58.877
86.373 39.295
66.86 61.591
10.245 92.561
5.011 87.333
44.096 88.611
13.629 66.409
65.364 90.683
31.439 3.089
66.348 84.602
13.695 64.057
57.726 75.485
49.83 84.765
75.264 72.371
57.674 76.437
3.117 47.702
91.526 38.624
18.074 55.019
5.19 64.678
46.225 70.421
2.008 5.892
82.372 65.819
28.396 95.48
51.835 43.081
11.163 7.045
80.257 8.096
50.658 68.868
71.636 38.0
81.034 14.303
51.996 26.131
55.039 10.439
94.262 88.644
66.435 88.922
20.052 86.576
62.98 84.492
50.208 88.952
22.813 36.44
14.861 35.883
5.166 35.191
58.111 58.006
17.342 98.171
73.435 2.143
46.624 48.411
25.24 66.068
59.046 44.54
67.187 33.483
66.397 1.815
38.516 83.719
79.761 16.452
77.383 58.736
65.125 60.44
26.918 45.071
91.205 70.925
45.436 31.543
82.575 24.642
3.203 70.147
97.137 97.576
34.164 99.778
42.751 36.807
61.641 36.922
59.736 6.972
51.418 76.668
58.998 87.568
35.953 71.085
23.333 88.521
41.684 27.252
6.925 82.731
66.944 85.92
25.363 22.044
74.526 32.157
22.595 44.873
98.018 99.062
33.876 18.551
43.816 85.089
22.124 10.741
96.987 23.285
58.813 2.515
44.997 30.67
55.17 48.517
86.286 98.623
75.939 78.943
5.013 42.188
59.464 68.701
21.046 48.329
56.811 87.83
0.689 36.428
16.364 36.782
9.721 33.021
26.208 24.747
95.81 32.32
0.942 2.585
12.597 78.6
17.284 5.034
43.81 66.006
67.284 94.143
61.759 90.318
33.883 70.819
57.094 46.577
22.166 51.653
35.725 70.013
94.436 77.286
71.085 2.276
53.373 92.72
94.182 95.034
25.27 77.594
39.804 89.168
21.691 15.191
34.759 6.927
46.711 27.39
9.259 77.395
54.034 5.431
22.652 66.082
99.229 53.409
7.415 87.863
68.079 36.333
53.898 19.761
1.299 86.88
10.058 19.141
14.158 39.492
37.703 62.249
67.562 79.902
1.504 62.675
66.258 12.608
34.355 50.257
87.963 33.851
44.184 46.83
93.029 20.293
25.491 98.934
54.243 42.183
49.975 73.76
8.514 92.713
68.565 13.959
99.861 21.928
3.817 80.253
43.081 61.234
16.438 22.057
98.091 59.217
95.089 77.795
50.655 45.517
77.942 25.985
97.833 7.767
56.748 48.913
51.676 91.704
87.547 12.222
41.905 62.764
9.832 87.999
34.352 66.579
66.745 59.07
27.354 30.382
60.532 88.163
49.45 21.608
89.085 23.563
84.126 18.232
61.186 33.291
71.818 34.823
45.364 89.418
32.126 79.29
85.175 20.923
80.301 97.315
6.647 83.413
55.634 7.514
72.915 41.391
56.68 65.217
73.188 16.493
11.807 13.085
10.897 70.169
82.723 41.815
14.652 5.053
78.056 4.644
61.986 58.348
31.628 46.005
77.453 7.499
70.988 15.327
13.411 82.895
97.864 89.173
99.798 82.204
44.853 73.081
29.315 85.724
90.81 18.345
4.233 2.521
78.98 46.692
26.414 72.665
81.299 7.84
48.686 14.371
47.747 0.945
74.465 7.726
25.887 16.067
17.214 93.69
44.615 11.311
38.32 19.784
85.598 96.093
99.78 30.44
94.513 75.929
68.972 15.382
68.044 26.943
34.94 92.896
8.791 29.959
47.51 54.817
42.592 77.216
81.063 17.279
71.453 48.702
31.419 91.799
40.696 17.31
48.47 18.813
99.657 75.004
3.266 17.603
83.591 66.438
24.654 95.753
34.957 85.617
35.5 22.349
35.523 61.576
98.255 65.651
46.648 17.004
23.671 19.915
41.227 83.33
88.093 58.647
43.364 50.579
48.831 82.245
59.986 41.519
86.824 46.527
38.247 43.508
97.792 77.496
62.377 53.632
30.841 97.19
24.92 97.202
42.345 9.296
56.103 69.046
57.197 36.933
97.229 92.401
83.54 14.815
6.193 72.657
98.715 80.25
3.201 81.555
87.934 75.187
4.238 64.373
57.099 82.889
72.338 76.272
29.143 23.145
88.081 65.223
16.215 83.641
21.134 54.739
99.297 93.303
15.037 3.89
4.598 9.219
90.709 31.401
60.13 49.181
42.812 81.113
47.532 75.878
23.531 9.939
8.612 45.266
19.059 8.72
86.903 79.831
55.565 14.444
62.973 93.153
48.28 0.374
82.943 25.313
87.922 99.912
4.524 77.844
65.533 42.843
98.104 87.352
34.918 22.509
66.508 13.43
4.639 22.805
50.409 41.589
69.001 93.419
41.615 8.286
85.898 33.521
28.953 50.782
6.821 98.911
13.424 7.24
30.387 38.391
66.609 78.656
81.954 21.182
98.208 44.537
83.09 65.461
99.16 74.558
14.799 27.583
46.139 47.602
8.693 12.528
64.857 37.596
41.507 61.855
57.306 69.694
19.429 80.528
83.181 52.978
77.413 7.955
13.221 52.964
8.161 55.294
84.947 85.498
6.251 14.417
56.629 31.694
90.532 85.732
9.77 31.771
54.896 66.441
99.274 4.504
16.914 24.055
33.056 4.928
89.484 64.37
21.407 3.75
31.004 95.356
54.389 65.526
94.217 28.367
65.73 28.462
1.613 15.662
40.633 40.591
90.204 90.639
64.892 41.996
89.644 63.578
93.824 84.821
61.332 98.511
62.399 8.407
38.361 22.196
49.035 36.057
54.39 47.726
4.45 34.522
85.609 94.98
79.877 27.082
97.59 65.988
47.971 45.354
22.516 58.719
29.417 41.211
92.089 16.411
67.068 89.056
32.536 61.584
93.454 11.981
44.569 34.779
64.648 85.433
88.524 60.248
44.251 50.216
31.037 30.583
30.309 37.468
42.28 14.069
23.362 62.289
1.444 75.969
57.44 3.792
91.002 89.848
87.587 8.192
15.738 62.602
1.601 87.264
90.565 69.062
91.517 18.757
11.789 28.791
94.516 41.818
58.102 25.415
51.166 94.966
65.951 21.944
74.599 63.509
43.1 7.272
41.387 6.106
2.368 13.169
56.162 94.771
28.992 52.853
34.867 10.737
65.386 71.696
25.916 72.097
15.671 90.85
29.004 44.333
96.223 14.811
60.217 78.438
39.867 16.44
45.84 85.674
64.12 27.722
67.696 9.974
32.621 19.016
55.834 76.557
18.762 90.169
8.029 60.332
