100 7
50.0 50.0
46.182 54.62
69.665 52.202
74.522 58.547
11.074 62.777
85.472 32.004
65.547 82.974
30.646 89.523
9.243 49.496
83.43 74.302
66.026 80.125
46.718 91.904
28.923 33.401
70.402 47.023
47.25 73.597
54.598 66.131
31.78 12.745
86.339 44.413
25.398 71.587
26.44 1.964
33.962 46.682
59.888 34.179
83.311 58.161
25.655 54.735
34.408 95.405
70.033 53.406
83.022 8.937
73.553 90.095
55.311 72.691
34.601 15.463
1.674 17.5
84.402 87.743
48.344 96.686
59.139 38.903
2.288 10.469
86.141 58.938
72.715 91.524
71.504 49.95
86.801 64.324
8.951 27.449
53.354 42.06
58.446 74.024
10.315 18.796
87.01 38.117
73.987 81.482
13.279 16.443
30.795 22.729
4.696 51.338
80.811 82.47
94.681 91.586
88.383 18.423
58.5 64.131
17.615 2.746
96.226 44.248
30.172 50.86
67.269 11.799
18.812 89.3
14.291 99.876
94.489 47.949
42.021 45.779
15.061 42.105
1.402 29.723
9.108 33.693
34.721 91.728
56.731 97.883
21.018 31.37
2.429 85.644
78.365 58.0
87.82 60.028
68.036 47.985
15.275 65.6
73.329 77.071
89.372 12.909
55.822 94.058
4.796 79.193
31.139 90.143
67.299 51.185
8.055 25.487
31.09 32.7
67.812 81.951
58.439 49.167
59.194 59.3
44.142 21.435
89.09 31.489
72.773 50.124
15.585 37.291
6.92 3.079
64.057 35.574
53.353 65.848
48.964 49.388
29.736 34.012
42.945 99.556
84.036 53.339
32.089 83.344
74.212 35.914
11.72 88.442
89.154 89.799
27.645 38.911
70.017 96.86
7.118 42.991
