1000 5
50.0 50.0
84.312 14.092
48.726 35.298
85.335 50.278
35.351 19.614
32.736 93.419
87.329 3.757
55.097 40.71
77.339 15.551
17.001 46.613
54.303 48.021
82.848 36.559
16.744 76.121
14.845 52.351
5.062 87.569
62.041 7.406
90.373 64.267
89.052 63.989
55.028 34.135
38.232 40.88
7.062 23.919
40.712 84.553
73.765 28.584
2.684 36.89
49.929 91.202
40.399 38.697
1.134 90.705
51.553 27.984
66.436 75.973
26.047 61.084
57.351 53.105
99.565 37.31
57.31 39.636
4.827 51.648
96.878 90.94
87.081 66.741
77.938 79.653
69.743 69.137
23.572 63.559
73.597 92.924
94.25 22.412
86.917 52.47
85.395 26.138
26.439 52.215
5.857 71.458
48.082 29.456
69.794 75.111
45.836 38.534
25.566 12.395
26.989 45.472
60.49 14.243
15.349 82.528
30.816 78.86
66.324 81.449
78.258 2.013
1.572 79.074
20.196 20.371
16.292 83.316
66.646 29.145
98.792 14.54
48.338 4.296
60.862 28.959
86.647 6.259
75.098 68.365
44.458 65.677
2.875 14.765
0.864 37.058
17.507 74.529
70.009 22.255
94.066 36.808
29.525 20.508
27.324 98.49
71.442 44.711
52.474 13.237
12.912 90.083
52.694 0.763
30.233 54.362
87.144 23.827
22.792 35.978
96.671 68.722
86.832 45.552
52.987 54.539
23.177 81.549
88.622 42.904
55.255 9.08
36.086 53.447
50.329 79.197
70.965 29.342
75.601 80.405
28.061 13.308
46.536 18.155
19.874 39.862
38.356 74.723
6.102 26.475
17.108 96.92
43.179 85.292
63.819 98.212
97.179 78.871
0.2 81.665
10.723 54.578
47.387 99.75
59.227 18.866
6.289 92.627
18.131 26.37
6.521 98.083
31.289 79.201
30.175 48.151
98.684 48.647
8.619 37.562
13.949 41.629
68.866 2.128
5.45 99.226
26.025 26.477
91.081 78.01
83.449 56.984
61.616 10.52
13.117 64.701
77.63 8.36
99.496 22.228
21.664 11.027
0.824 7.847
39.214 1.732
97.529 56.835
96.689 43.48
63.096 33.808
4.349 6.216
69.824 20.633
30.068 21.65
64.245 9.555
64.886 19.249
42.819 22.274
62.86 67.842
55.065 7.494
67.818 53.252
8.988 94.778
98.587 79.071
41.063 50.274
84.121 86.149
86.726 67.734
63.595 13.765
14.375 12.391
19.202 77.733
43.911 64.807
68.396 41.324
74.664 17.86
5.984 15.581
99.36 23.736
84.232 89.456
32.875 42.924
70.112 40.817
32.91 95.676
13.213 19.08
75.556 11.731
35.153 95.087
37.914 0.394
6.773 72.76
60.0 86.831
52.0 74.352
26.338 75.449
26.554 46.052
44.35 77.501
6.972 7.418
55.984 85.604
30.728 76.115
42.706 72.426
1.302 31.305
48.089 17.729
27.563 45.809
39.106 20.048
59.613 85.016
80.151 84.794
72.637 88.266
7.453 27.48
91.771 48.538
10.98 34.845
2.334 15.767
61.532 95.237
28.116 18.329
33.776 54.794
10.674 93.741
45.611 18.65
50.986 41.591
30.589 7.437
74.399 64.68
35.282 95.52
90.942 65.267
1.42 39.362
44.614 83.006
32.874 64.076
84.214 46.722
58.236 62.479
60.505 2.808
87.742 77.387
80.394 30.449
79.677 15.156
57.007 70.583
46.672 65.104
9.873 67.952
43.997 92.328
4.3 71.213
89.311 46.336
57.047 23.259
80.939 58.624
93.902 16.881
33.991 95.035
98.824 97.751
33.269 37.846
30.52 20.786
33.071 43.855
53.631 52.974
71.513 46.372
65.741 10.813
6.176 75.472
40.989 87.225
46.148 86.623
41.006 71.604
30.629 53.593
5.703 27.637
95.474 37.188
54.297 32.129
89.854 40.482
57.09 0.035
14.69 48.213
1.574 33.426
96.948 6.555
85.682 90.712
16.347 28.956
32.531 63.553
71.041 40.989
41.574 43.777
31.552 54.159
71.206 62.28
6.178 8.659
7.266 72.085
28.031 52.904
32.654 70.808
13.089 57.301
63.352 90.678
62.242 56.028
72.828 78.063
82.016 49.963
22.223 62.037
99.797 80.083
62.564 26.608
31.53 67.891
70.856 73.125
64.718 84.263
78.564 61.275
51.282 0.551
8.125 50.93
0.953 69.139
55.782 20.896
90.78 4.494
67.433 68.001
12.556 15.411
99.638 11.915
71.895 94.335
64.044 99.529
99.668 52.582
96.848 73.511
77.67 41.89
32.666 16.848
92.508 65.225
73.537 0.804
5.487 8.191
99.136 19.327
8.959 24.228
49.749 21.033
76.62 31.299
90.507 92.201
26.454 28.698
0.609 72.844
70.088 57.271
83.565 40.43
26.849 63.1
95.428 59.666
52.274 33.3
27.021 80.703
57.907 8.182
40.305 94.499
83.158 54.534
5.535 28.808
73.676 12.162
88.441 20.682
53.616 19.912
65.822 79.202
5.537 46.88
15.169 56.184
95.649 33.038
32.99 40.232
25.807 61.085
67.444 77.61
3.185 85.472
90.494 75.004
68.4 84.816
75.628 93.045
52.102 58.563
17.785 15.13
36.611 35.515
68.272 90.993
4.881 42.587
1.706 51.238
91.737 77.745
62.993 17.371
40.032 48.822
68.093 60.998
21.761 71.11
53.085 7.843
36.183 59.86
29.702 79.075
81.884 34.388
36.441 48.77
21.174 74.225
40.613 43.084
66.652 83.323
24.134 86.121
25.587 3.254
54.803 92.997
70.852 82.716
10.424 9.299
29.737 0.562
22.833 76.14
77.085 29.505
72.369 29.082
82.79 13.246
20.388 50.142
39.9 41.868
25.515 19.286
74.897 63.66
14.335 63.955
39.367 1.413
53.586 64.503
53.018 38.73
47.398 8.685
16.738 35.826
63.07 35.489
24.697 36.622
72.398 40.52
95.691 21.094
19.639 54.689
5.922 94.646
62.623 58.788
52.58 33.8
18.323 98.564
73.473 44.548
79.8 6.17
17.602 15.523
60.005 82.482
71.447 32.828
52.132 22.577
90.343 11.105
2.268 87.641
28.042 52.46
75.758 72.724
30.392 6.373
84.103 57.193
55.954 82.258
98.119 88.591
73.062 46.38
83.779 1.614
23.067 35.547
38.323 67.083
45.445 62.817
66.342 83.93
4.157 91.445
29.354 23.393
70.007 97.093
84.961 18.131
23.079 50.476
10.122 85.483
77.713 58.888
68.639 98.62
12.674 82.034
78.169 73.803
76.813 53.579
49.459 99.481
14.362 18.02
58.25 81.627
17.778 79.763
71.489 92.486
2.452 76.694
95.051 52.645
92.813 77.096
88.682 83.603
91.798 78.364
63.705 66.513
82.764 57.247
39.18 78.244
17.415 13.205
12.774 96.011
19.417 39.441
68.188 74.874
56.04 68.544
54.227 62.829
77.464 44.798
17.6 49.977
40.311 85.0
62.36 51.787
21.812 75.833
80.041 59.474
78.869 95.003
85.941 5.495
40.667 41.691
39.521 67.262
12.716 24.871
76.369 36.032
91.388 54.116
7.584 85.358
9.521 12.768
25.312 26.321
0.844 81.112
97.278 62.688
73.525 68.38
35.513 9.744
16.689 40.757
83.255 21.901
47.235 55.985
7.423 32.691
46.375 18.377
26.086 49.384
51.403 42.307
13.543 8.306
36.374 96.711
21.597 83.287
41.425 69.452
2.451 50.926
5.977 54.055
76.554 78.031
80.874 31.571
53.095 46.48
19.508 35.2
98.425 46.4
49.84 46.695
10.25 23.905
96.439 36.495
86.536 91.24
20.192 65.47
92.751 32.822
3.191 24.465
95.375 94.916
55.238 27.154
67.998 68.793
21.389 7.97
36.76 93.49
15.612 11.662
81.907 59.262
29.594 33.13
19.659 85.706
43.048 73.779
91.284 78.995
20.998 37.218
12.435 44.828
5.446 92.155
40.922 8.466
60.895 39.611
63.29 5.405
1.784 19.969
57.121 94.462
23.311 52.923
61.811 52.435
75.115 67.777
87.78 94.099
18.088 82.003
66.592 78.852
23.161 11.846
41.355 12.419
68.811 76.939
57.584 12.926
97.138 55.114
53.863 87.051
75.436 10.561
18.117 31.147
31.537 18.835
34.291 18.841
1.29 66.961
45.957 51.283
71.503 4.736
62.031 60.446
87.939 90.883
76.081 7.77
76.776 72.006
89.918 19.114
95.537 78.095
85.659 71.623
36.71 17.729
73.017 57.936
37.34 90.305
24.208 1.627
31.595 57.292
24.15 19.786
63.376 70.011
89.664 84.66
92.016 94.057
46.06 89.946
70.201 25.215
48.541 73.228
68.85 47.034
48.586 21.927
43.364 6.517
82.263 65.061
34.128 68.502
25.009 27.511
60.475 29.418
51.476 41.285
52.088 77.623
62.886 14.316
61.001 75.697
30.029 63.62
65.36 74.09
78.371 24.692
52.821 5.478
70.872 50.295
85.073 6.072
27.363 51.3
2.324 94.846
58.931 73.53
27.136 16.417
14.498 32.443
54.864 18.058
85.265 49.211
51.727 27.5
2.476 62.884
76.945 71.768
13.586 50.308
95.053 17.722
86.831 34.175
81.538 78.652
67.24 80.803
64.867 23.525
95.12 16.726
29.922 12.607
50.222 48.09
89.08 59.648
54.104 87.048
31.201 67.524
65.402 32.448
26.686 41.63
13.3 45.725
40.045 29.538
16.48 34.606
84.614 59.908
43.986 65.564
77.236 65.513
3.735 88.315
13.975 8.452
70.113 5.314
47.94 72.648
52.964 95.947
51.648 77.554
67.878 95.604
56.057 8.29
25.753 60.367
60.28 91.122
3.063 24.399
45.071 4.061
35.75 9.904
11.974 76.98
32.35 56.236
69.643 12.445
64.493 28.069
82.418 20.055
82.953 36.652
91.089 82.963
63.168 38.271
83.342 26.306
99.52 19.325
33.168 23.486
20.756 5.545
79.211 68.078
89.011 31.695
34.881 56.837
83.805 51.801
11.862 78.833
32.863 92.737
89.084 80.999
1.523 68.23
48.821 67.34
61.438 17.833
8.626 26.396
55.254 23.763
77.773 62.216
11.508 9.529
61.408 97.963
35.221 89.961
65.639 0.419
89.582 45.151
10.009 36.349
77.765 44.143
76.99 73.755
85.588 97.586
36.358 33.699
91.166 0.52
21.075 61.696
30.857 37.308
25.602 26.239
54.201 96.725
45.746 26.965
6.633 47.296
88.871 75.689
94.078 35.457
17.038 42.71
45.052 41.968
8.403 97.925
89.855 6.784
31.866 56.077
0.398 30.552
67.411 66.633
83.621 52.566
38.785 63.934
98.354 67.668
69.558 53.885
38.771 85.843
68.522 25.528
2.696 15.248
84.752 20.208
63.265 47.284
35.035 15.131
17.281 0.744
49.15 15.027
96.064 46.882
31.038 66.21
96.131 56.975
19.823 9.255
16.659 0.314
34.81 66.569
79.549 3.357
98.116 80.932
44.278 40.888
29.288 40.065
3.533 94.162
67.196 14.107
6.253 29.387
9.006 85.821
31.851 72.539
34.606 98.381
35.568 57.315
31.191 92.646
51.665 18.644
60.708 38.859
14.118 34.299
92.101 7.486
31.012 95.308
92.466 88.691
99.04 96.585
10.862 73.482
68.738 14.141
86.308 95.121
81.181 77.681
70.907 68.972
9.344 45.125
88.181 32.305
83.262 23.082
35.175 77.813
52.901 10.77
47.734 7.003
37.549 69.884
39.816 49.726
92.491 77.811
58.777 9.574
11.752 83.629
12.091 21.386
51.44 43.442
29.724 8.472
85.965 73.066
23.896 0.881
99.686 70.024
40.876 43.078
9.703 9.618
41.665 14.754
55.874 48.026
82.489 32.593
41.973 88.227
2.886 22.986
20.705 54.434
24.405 13.738
3.416 4.819
19.522 29.257
91.548 94.532
63.591 87.915
71.498 90.887
70.14 61.994
66.303 58.526
96.119 49.007
51.344 64.52
53.541 49.843
70.964 77.351
11.618 8.379
1.229 30.421
20.788 84.608
59.497 48.069
58.963 84.202
96.307 95.543
85.309 45.163
25.198 8.664
20.052 86.48
47.867 94.462
11.684 93.645
51.606 88.611
47.531 92.185
8.869 13.358
22.251 38.677
75.37 61.258
73.985 58.288
66.606 49.158
38.166 61.788
86.228 88.563
14.527 36.146
73.667 61.585
56.102 15.838
94.946 80.856
98.123 84.835
77.736 61.857
68.281 27.47
6.482 36.002
82.35 10.381
85.955 24.87
53.456 89.454
93.18 58.465
44.02 53.458
8.644 72.212
87.874 93.559
25.822 26.434
18.433 69.305
77.344 95.577
64.875 72.88
78.011 1.567
19.889 96.595
62.176 4.2
81.435 80.231
1.997 47.956
47.796 16.629
37.463 92.956
38.496 26.199
97.774 68.202
34.523 99.636
23.506 56.554
96.649 91.862
66.385 88.984
61.289 60.6
73.773 19.562
39.158 70.446
41.249 20.886
81.533 88.008
61.194 27.358
72.345 42.222
75.958 82.323
65.048 71.546
32.659 66.667
29.499 56.407
84.179 16.882
53.705 94.075
95.151 90.461
85.506 22.268
86.446 68.74
63.338 10.214
9.86 25.13
84.856 28.071
22.832 10.215
61.898 19.411
31.52 24.813
38.172 15.124
16.119 44.91
36.147 38.981
89.057 14.044
4.484 82.262
57.347 80.472
59.005 74.389
54.583 6.352
48.694 79.08
53.133 64.093
59.069 23.975
97.141 62.676
31.903 23.248
58.464 64.629
52.911 77.968
36.707 88.276
28.005 4.648
80.422 94.153
86.796 94.887
81.11 38.693
80.866 79.632
54.977 76.461
57.915 58.943
9.423 34.517
40.707 24.738
27.361 18.154
47.378 26.051
40.345 90.313
23.772 57.974
35.381 41.308
86.766 16.293
82.622 69.21
59.752 4.891
6.708 0.486
38.829 1.183
70.528 44.863
48.603 49.303
62.947 32.326
87.833 8.924
2.112 49.067
43.841 36.399
9.144 71.948
77.096 19.298
80.288 39.167
47.12 21.756
38.577 9.277
45.978 57.518
71.523 52.16
49.407 92.528
54.581 4.917
19.452 8.591
31.565 42.792
16.917 54.751
18.934 97.454
92.905 88.221
53.276 92.5
49.037 0.268
1.103 95.046
27.098 29.522
38.397 33.794
94.883 47.161
82.929 19.1
14.14 97.162
49.403 92.708
62.266 13.828
74.683 30.714
65.431 46.896
91.04 50.771
37.27 7.979
4.654 87.344
46.125 55.492
5.428 70.504
52.015 84.662
78.145 43.363
97.216 83.662
24.447 63.699
12.475 81.878
51.487 10.518
79.627 17.462
6.187 12.682
42.888 59.413
18.803 46.138
2.208 77.881
50.557 44.669
12.24 3.484
84.146 48.924
10.78 9.133
62.502 19.271
47.282 94.944
31.064 1.647
5.873 72.045
66.97 78.431
64.938 51.058
36.207 60.71
10.786 49.691
61.169 55.37
26.921 34.987
0.592 13.124
19.184 27.146
67.319 16.786
22.839 90.655
23.772 81.536
5.712 66.327
10.578 85.487
92.95 29.552
62.255 28.206
97.026 33.537
4.195 50.299
77.973 63.689
74.286 36.838
37.537 99.044
18.521 23.221
81.941 86.596
89.495 26.221
32.214 3.741
73.334 44.863
59.796 99.979
12.298 22.34
68.808 83.0
58.525 1.489
54.881 17.83
47.207 65.988
61.269 11.048
2.874 12.116
4.562 53.772
25.405 20.696
15.47 15.748
56.132 88.249
84.652 46.439
3.857 79.809
34.388 95.146
72.727 5.35
78.412 20.055
72.633 86.148
17.211 59.554
7.62 48.653
44.157 98.642
82.126 68.066
27.218 13.0
76.848 81.865
94.534 87.946
82.871 41.348
85.494 44.472
71.9 79.709
83.163 76.612
77.45 29.977
83.58 87.794
78.355 57.567
88.787 94.455
65.667 98.231
61.027 63.948
44.582 22.78
41.542 30.682
42.446 49.826
16.733 34.36
93.743 77.78
69.653 33.151
11.912 72.441
93.254 99.499
44.057 83.161
9.799 97.119
6.331 43.458
77.608 33.036
92.426 51.115
3.833 49.252
93.872 4.51
81.192 73.726
19.613 26.339
21.213 33.754
58.93 63.397
41.667 96.204
66.64 18.359
17.889 79.591
34.548 35.841
66.193 63.942
24.061 56.22
14.05 31.038
24.393 47.408
42.523 15.923
62.434 53.736
77.065 25.164
26.474 16.388
39.0 18.717
44.6 25.271
35.217 53.289
68.866 13.339
47.231 45.829
58.878 91.826
34.781 35.586
16.87 20.346
31.36 88.07
18.317 8.279
20.956 8.843
69.192 93.629
91.467 36.001
78.892 97.502
47.159 8.585
99.556 34.133
29.19 51.178
64.85 16.846
70.751 27.111
8.368 99.018
71.101 38.416
8.91 6.113
2.92 74.017
15.98 53.751
2.043 2.035
74.393 58.631
52.223 21.622
1.926 14.717
2.563 92.281
68.506 53.242
14.552 21.493
76.641 37.378
24.019 0.642
5.603 43.323
77.131 38.719
64.002 97.279
80.841 7.348
94.881 32.234
54.586 82.39
73.883 6.932
32.769 36.91
20.955 40.626
43.965 87.714
69.05 10.856
27.708 95.888
62.234 90.494
76.774 68.51
15.9 85.512
3.43 64.339
16.859 22.965
16.068 49.705
26.956 25.136
80.254 55.022
59.007 49.901
42.654 72.165
95.889 45.83
44.231 67.91
90.634 95.951
