1000 5
50.0 50.0
61.666 92.055
23.719 83.202
48.684 42.409
19.355 67.752
63.851 46.714
61.926 16.231
6.416 33.205
88.649 70.467
95.613 22.867
66.497 30.076
49.426 4.057
66.078 32.859
53.915 98.189
10.272 25.251
23.226 31.955
68.185 69.117
40.532 0.947
80.896 89.217
95.362 6.05
37.331 37.469
15.514 14.19
85.145 59.419
18.288 68.87
60.605 87.234
54.917 45.993
55.699 66.773
20.74 27.266
33.943 96.14
26.321 7.338
20.787 84.36
70.699 64.539
1.694 20.32
59.97 68.101
75.112 76.612
13.309 10.454
81.693 27.825
6.461 27.449
80.886 5.582
70.102 15.417
69.372 49.048
64.471 79.841
20.73 59.721
97.708 86.719
2.144 63.216
29.462 56.096
76.53 18.323
64.057 55.477
53.1 39.894
55.848 68.341
92.518 26.484
90.246 45.191
60.22 43.479
68.751 48.812
51.999 60.949
10.395 53.917
58.881 49.768
34.433 85.555
84.211 71.999
65.39 31.738
58.119 38.047
31.138 25.878
44.604 30.919
75.355 32.804
51.956 81.754
17.035 45.963
93.435 48.487
15.041 24.972
69.891 43.137
58.817 71.334
78.214 64.12
47.545 44.486
59.977 45.397
92.473 35.303
14.468 76.501
31.491 34.269
12.455 24.88
77.568 43.949
95.91 8.351
76.867 56.476
89.473 45.744
54.425 74.676
14.046 75.547
5.924 35.654
89.402 87.573
40.152 38.188
73.358 22.225
70.85 81.511
48.428 31.007
26.378 84.513
67.689 80.452
40.96 49.186
70.425 61.331
43.496 42.036
4.442 68.326
78.252 53.095
65.132 4.743
41.513 0.786
77.233 24.62
19.633 58.464
71.22 64.091
17.299 39.308
87.7 57.312
80.855 28.731
63.323 92.052
21.155 6.451
80.033 2.781
82.215 57.677
42.617 26.922
11.225 50.972
88.7 36.866
86.507 20.802
55.771 56.368
14.627 19.892
12.29 79.148
54.327 89.176
23.73 56.718
63.325 92.75
56.932 39.578
45.279 40.405
65.264 88.198
99.053 34.558
31.11 79.136
52.524 73.763
29.829 27.413
68.061 40.303
15.179 89.241
22.92 32.681
20.117 45.308
15.1 23.002
35.82 56.186
10.084 55.967
49.365 41.78
25.999 79.18
52.429 0.364
88.923 53.817
48.113 39.496
42.099 3.172
52.283 79.798
90.062 93.557
62.452 12.878
34.058 74.39
8.971 67.901
5.881 67.821
99.495 9.501
31.026 72.839
97.618 61.096
64.768 71.576
33.61 48.875
50.967 43.169
23.106 60.705
85.281 21.778
4.093 19.224
94.829 16.03
39.994 95.563
8.651 28.807
83.395 67.707
78.055 78.108
35.762 62.076
20.407 53.836
32.227 20.679
8.532 0.599
6.867 12.076
85.876 99.404
65.95 98.06
27.688 54.127
48.072 78.155
64.952 82.52
25.864 64.516
84.982 12.305
98.515 10.653
27.643 32.166
58.937 39.826
94.489 22.806
14.259 23.929
7.645 45.937
38.737 42.37
92.971 72.914
89.016 57.867
66.126 39.474
93.129 45.506
53.435 90.56
51.608 88.268
9.594 39.497
2.614 87.915
26.216 79.357
29.94 32.91
8.696 11.996
74.193 21.594
84.347 15.515
50.711 32.06
25.539 44.536
43.881 91.615
26.655 79.722
94.779 13.215
16.131 37.237
76.554 4.195
89.132 42.37
68.065 77.41
41.372 98.282
14.149 65.0
66.597 19.917
1.704 89.713
71.388 13.614
53.569 45.413
31.514 93.649
98.853 61.288
21.396 17.353
26.609 59.126
25.937 66.166
22.999 52.21
21.794 61.41
82.099 38.501
69.829 43.313
5.917 7.397
56.954 35.902
94.61 94.876
87.817 40.917
58.748 83.991
14.368 34.341
57.302 74.448
8.803 58.646
84.383 98.913
85.095 95.607
89.457 75.28
85.335 74.471
4.669 24.329
64.226 91.02
22.312 85.941
13.027 23.617
80.456 68.261
51.575 96.162
7.117 5.067
0.545 81.912
31.247 59.91
66.259 75.811
60.496 87.052
56.643 13.404
51.065 27.001
67.56 85.172
45.452 73.401
16.623 40.557
77.573 62.135
50.341 56.026
39.68 57.294
21.525 57.933
95.375 86.968
70.482 39.645
2.519 84.041
92.109 65.789
42.315 2.56
68.391 50.34
8.05 92.116
2.288 29.06
41.017 65.198
98.984 32.561
51.854 46.97
71.34 3.42
36.582 37.796
0.089 6.905
90.363 44.141
10.837 59.686
36.895 55.181
96.279 68.318
74.384 10.328
18.703 43.511
27.791 75.921
71.561 71.643
36.724 90.692
43.429 49.532
91.511 15.713
55.411 22.781
77.857 16.169
18.307 33.244
28.895 93.252
50.498 92.283
11.636 53.338
48.566 36.489
88.692 77.772
23.272 25.478
76.372 15.253
45.962 0.077
36.014 90.138
41.159 36.441
72.624 71.539
50.673 74.439
5.283 62.619
37.116 40.322
20.008 21.599
51.675 47.945
97.679 38.075
76.658 89.642
67.624 93.363
93.014 52.918
88.785 66.183
50.8 13.874
20.908 83.954
98.901 10.734
63.079 98.932
85.844 59.962
27.966 50.412
35.058 29.669
91.376 4.646
32.706 56.455
11.148 31.433
72.181 68.804
15.881 75.758
11.313 36.506
10.881 81.597
59.407 22.48
26.98 40.319
69.185 24.762
79.121 32.42
50.141 96.458
79.379 49.904
23.437 60.69
90.423 11.97
0.294 29.055
9.226 62.337
40.242 32.516
63.63 60.503
55.937 14.075
7.271 11.823
64.1 53.094
60.869 84.349
64.776 63.002
62.742 32.307
7.895 26.968
20.442 16.033
34.118 68.481
45.937 24.818
50.802 72.877
8.356 30.763
91.176 85.614
99.309 58.203
41.945 33.628
31.793 71.195
55.227 20.329
92.477 47.809
83.24 31.843
26.572 76.283
39.396 83.383
96.873 2.159
23.994 18.156
13.275 41.971
62.421 22.038
43.914 80.343
48.013 46.497
61.116 29.83
24.231 20.13
33.618 23.361
72.587 82.785
66.26 61.787
8.095 19.973
5.433 5.904
10.846 1.168
97.572 24.036
18.226 71.825
34.528 42.716
93.209 10.588
60.005 18.498
35.692 40.096
95.562 12.847
27.013 0.052
11.329 42.826
7.194 74.089
84.895 29.073
60.368 14.501
58.385 92.337
96.629 8.528
8.632 12.465
94.726 78.38
82.985 84.115
64.718 45.125
64.942 1.223
12.821 49.604
77.327 65.715
27.503 63.15
0.955 85.142
86.172 62.625
23.169 96.875
43.067 60.321
5.449 70.233
90.404 71.287
90.467 59.317
6.185 79.377
79.597 36.797
91.868 83.792
62.034 71.437
98.652 80.347
67.533 83.359
27.238 56.203
60.734 12.555
80.415 27.632
57.055 38.883
21.775 33.445
62.771 21.67
63.054 60.447
96.723 17.899
55.511 73.969
34.851 60.558
95.783 21.107
19.491 94.996
94.759 51.867
35.019 93.915
86.262 90.802
44.924 6.138
65.42 82.642
36.437 79.563
2.735 12.8
60.703 98.478
49.108 30.844
66.595 65.392
16.937 10.48
43.008 46.163
77.004 33.08
13.878 90.951
50.249 43.232
11.681 47.819
11.474 23.561
1.604 67.809
70.078 40.321
70.43 96.001
43.7 68.229
25.97 31.598
90.14 17.398
17.943 59.532
49.816 91.504
70.241 10.225
52.274 86.378
60.881 3.137
58.165 82.727
21.413 47.319
43.166 61.746
98.292 2.172
53.224 55.004
96.523 60.198
78.44 95.1
52.978 25.556
72.107 16.161
40.498 70.129
68.04 60.911
96.484 2.438
5.827 66.928
0.609 80.747
80.694 67.815
8.97 63.792
5.298 72.813
36.904 1.097
86.97 2.443
59.805 1.71
85.844 20.616
29.617 95.018
44.605 0.347
75.34 53.225
72.734 96.704
2.202 40.743
75.682 37.505
50.547 42.228
2.541 20.232
31.995 86.926
77.224 10.414
82.731 27.814
25.183 65.297
42.899 87.13
75.973 86.916
87.2 93.609
88.247 65.233
8.289 99.474
91.281 88.163
99.818 71.592
30.092 75.72
75.292 92.329
31.95 60.376
36.52 91.242
22.176 9.481
72.476 56.615
77.544 27.266
60.511 62.085
18.618 34.297
43.581 84.784
96.616 32.348
14.886 12.777
13.766 53.614
50.704 11.847
4.443 98.129
68.548 14.356
54.747 51.841
94.615 60.039
95.0 49.446
82.152 22.08
9.58 66.047
17.824 25.931
99.108 70.42
22.057 44.263
60.495 87.611
49.091 46.652
11.575 85.619
77.634 1.675
53.093 85.094
46.658 41.076
2.485 95.646
47.069 6.719
98.946 61.012
17.445 28.776
91.086 42.203
18.577 65.649
84.009 66.6
83.792 48.632
85.148 81.555
55.249 6.578
51.505 89.31
40.697 94.175
14.449 88.19
79.035 36.402
59.445 20.217
11.27 36.389
18.839 32.833
68.849 8.769
19.081 50.066
30.418 37.225
4.864 18.916
46.217 66.622
15.013 4.985
15.032 15.922
78.128 14.019
21.148 52.16
67.468 54.655
89.196 47.126
64.185 56.1
58.113 11.329
14.152 47.316
28.247 21.249
15.845 95.437
54.163 42.66
46.394 27.587
48.437 45.028
90.436 8.639
31.442 74.289
77.642 64.9
69.814 39.214
59.794 91.52
94.256 72.529
25.345 8.548
32.061 40.103
52.404 69.575
82.992 35.967
37.993 30.035
73.872 70.932
72.639 24.614
31.55 64.703
99.417 87.236
57.269 79.053
46.076 58.167
4.389 45.84
96.823 87.91
85.766 82.979
14.565 26.938
52.011 53.916
34.787 95.794
86.268 89.993
83.264 65.358
91.347 10.387
99.981 41.194
10.997 45.696
59.659 80.967
61.131 67.365
12.451 81.524
65.661 5.384
46.146 95.905
82.095 84.169
23.53 7.015
9.638 80.79
96.341 38.283
99.86 92.909
67.46 61.334
42.35 37.106
29.054 8.862
1.978 27.754
14.375 33.545
33.269 15.132
40.799 5.07
93.297 81.909
64.322 39.935
95.975 7.25
29.754 35.211
56.47 76.373
61.337 53.445
50.646 63.923
36.68 87.249
5.901 98.487
72.01 63.274
2.362 88.838
39.519 95.824
91.938 62.402
68.296 27.835
27.736 92.583
43.454 49.687
23.944 41.695
25.663 70.933
91.654 69.215
47.147 84.278
1.122 90.648
20.195 15.458
74.897 71.249
90.902 59.806
73.109 29.879
38.754 24.907
42.091 19.705
89.769 98.283
57.122 14.197
53.385 46.617
39.265 26.879
71.436 74.394
89.741 45.191
16.576 18.862
26.172 43.964
99.822 37.39
39.446 71.562
5.247 20.068
89.577 83.181
21.427 71.832
89.632 61.886
19.02 82.513
82.546 21.267
49.384 27.733
77.452 56.367
45.818 23.202
62.996 36.645
86.23 29.487
73.395 15.71
30.075 54.65
62.016 37.316
89.039 52.752
14.981 97.091
7.093 62.266
62.525 8.866
27.403 44.011
43.382 5.47
67.954 54.691
93.368 62.252
8.158 61.363
24.609 57.015
2.143 69.156
27.968 96.143
67.351 99.562
61.081 97.275
43.783 89.872
56.735 28.223
83.752 40.517
11.775 4.539
92.242 65.514
25.867 47.327
6.367 47.596
99.588 87.78
9.152 83.676
40.897 50.001
0.237 67.066
76.485 51.804
19.892 35.765
95.563 6.573
14.557 84.903
98.267 35.797
83.684 66.661
98.237 50.079
52.38 24.221
86.774 66.672
8.898 31.963
48.629 94.698
99.81 58.823
24.521 79.218
42.237 11.942
2.447 48.153
6.945 39.635
97.287 62.481
47.384 3.162
50.331 22.018
78.626 91.073
58.978 35.057
4.093 61.071
54.418 14.382
19.999 92.222
1.401 30.67
93.341 10.734
4.847 73.103
96.056 1.916
5.889 18.479
20.258 0.482
4.938 13.156
0.444 98.266
51.57 90.407
87.452 86.017
4.168 70.986
39.026 9.654
87.616 40.614
80.524 92.887
78.061 51.572
97.128 76.014
35.043 30.077
57.704 95.393
50.625 58.753
88.888 53.133
33.057 16.23
71.839 98.534
9.4 77.357
77.816 8.851
73.547 27.666
9.339 38.421
50.48 92.972
37.102 38.356
49.404 65.004
42.631 5.329
56.936 46.73
20.863 21.305
10.542 1.408
25.597 87.872
6.71 41.862
70.715 4.71
88.725 9.962
59.19 18.181
79.177 8.101
1.239 91.235
83.022 84.108
99.44 95.317
51.875 75.987
45.246 97.582
6.785 23.336
17.865 33.014
35.345 40.265
93.608 27.867
11.584 57.468
51.009 48.926
92.621 73.421
46.922 12.552
72.163 10.201
98.536 79.222
29.266 79.684
51.674 31.086
19.909 30.169
72.931 7.456
66.295 81.997
43.46 34.749
58.688 86.842
38.009 19.242
14.878 79.954
69.624 14.276
97.269 48.212
35.252 81.846
51.345 62.963
21.152 27.723
60.317 27.93
54.55 42.603
45.422 79.31
71.129 61.716
88.429 12.605
7.692 20.275
99.086 94.271
11.107 44.17
78.681 59.878
68.958 71.41
28.628 18.524
3.061 13.031
56.199 24.442
10.771 92.923
67.921 29.539
86.394 4.4
61.396 69.803
91.313 26.721
45.125 0.396
12.945 78.037
67.691 96.931
43.991 26.338
16.748 32.83
29.694 21.114
44.915 99.163
21.71 79.174
79.106 98.83
78.197 29.859
29.83 0.941
27.601 91.186
3.708 41.427
43.866 73.732
93.894 46.714
60.711 37.03
65.771 79.758
44.059 98.188
46.408 96.621
94.963 79.237
60.742 65.461
74.353 42.045
87.607 93.104
69.414 97.502
94.837 94.858
25.111 61.409
67.861 83.651
6.192 51.945
95.797 2.318
76.099 38.598
36.956 52.201
14.329 63.75
61.393 29.863
60.738 81.823
6.325 69.928
41.87 81.918
50.876 28.159
54.213 96.02
68.766 7.05
65.61 80.149
0.509 71.127
52.67 51.553
88.149 58.492
40.459 86.152
15.21 42.55
25.266 72.262
34.615 12.545
98.888 90.987
55.621 99.854
95.895 42.97
81.431 39.003
17.731 42.303
8.405 6.046
36.97 35.716
79.314 50.113
74.64 60.759
19.464 17.865
75.501 38.695
14.309 1.196
44.528 27.414
95.288 91.468
65.601 44.131
21.434 24.042
97.143 47.151
43.928 4.143
51.424 65.37
51.431 40.215
66.806 32.412
30.69 65.59
74.968 97.511
57.918 16.585
52.86 4.978
59.488 10.416
63.004 89.083
19.136 93.193
97.73 80.337
9.808 2.903
34.512 63.005
43.419 11.378
14.325 63.898
10.953 95.476
94.771 69.904
92.405 85.183
57.009 27.4
83.428 34.043
84.753 97.724
53.113 93.411
44.239 29.114
88.216 96.733
69.821 38.993
73.887 50.894
82.096 57.925
23.42 21.817
45.841 6.829
25.03 87.622
71.979 87.163
40.461 12.042
64.952 68.011
41.92 60.54
63.857 10.003
1.677 89.16
67.457 34.53
90.329 77.537
3.21 98.557
50.655 96.507
13.704 34.508
81.833 68.808
77.212 37.285
84.118 20.518
91.359 14.453
83.523 50.968
59.688 85.15
92.357 1.913
89.06 2.46
73.679 6.624
34.608 85.167
19.423 79.578
93.724 14.716
75.135 45.86
26.826 31.043
91.638 49.905
26.117 74.871
65.608 69.603
19.06 27.415
88.913 87.875
65.082 90.26
82.452 77.819
23.923 26.09
60.564 5.038
83.375 60.376
21.43 78.345
55.114 72.94
91.303 87.465
46.197 39.756
51.138 18.123
85.669 82.777
17.639 90.159
69.073 10.717
30.539 88.659
80.983 85.541
11.936 22.533
88.677 84.417
52.958 49.924
26.797 81.917
29.06 26.932
36.594 63.164
20.596 30.184
91.296 88.195
7.55 85.458
96.435 83.209
11.209 25.649
85.368 16.04
32.367 35.478
24.999 69.935
63.575 50.622
44.877 32.417
96.039 31.184
64.038 18.306
64.118 5.134
87.028 19.195
34.792 37.696
20.74 21.83
20.459 4.891
47.397 98.611
46.565 72.103
58.072 61.545
13.478 49.645
0.477 6.295
67.437 73.359
78.282 81.442
0.066 39.236
35.713 15.637
97.691 91.76
86.762 46.84
71.64 41.065
76.503 5.284
24.379 29.765
23.661 63.834
87.128 28.836
57.317 65.376
10.793 99.817
99.656 4.884
12.037 32.104
48.213 81.674
46.778 27.519
24.934 55.745
79.594 43.148
5.47 75.37
57.061 27.131
58.895 28.204
13.362 92.839
77.283 34.544
74.577 12.7
96.488 33.72
64.51 67.074
99.897 43.216
3.01 68.84
1.441 6.641
75.285 60.146
17.483 81.608
27.685 73.871
57.472 82.998
16.598 18.498
77.907 91.403
13.301 41.274
61.902 96.043
1.495 43.233
30.456 94.256
58.631 45.636
8.948 83.1
95.832 25.017
50.558 66.33
44.321 10.095
48.435 45.101
61.91 81.216
93.837 13.211
41.25 89.569
75.257 99.871
49.784 90.584
98.042 18.887
80.864 43.905
63.843 17.84
72.896 22.902
26.31 62.64
41.933 41.926
30.439 34.081
91.255 70.525
53.503 15.486
66.648 20.924
20.304 67.058
33.717 23.621
93.635 31.721
