1000 3
50.0 50.0
30.564 21.687
85.769 49.738
15.155 56.48
58.468 30.826
0.755 6.295
4.838 44.313
68.636 52.712
9.995 70.577
73.673 74.593
55.011 4.83
68.276 20.83
26.976 78.952
19.923 91.474
63.117 36.402
1.545 2.967
1.595 24.618
11.341 69.964
98.473 88.09
54.388 41.222
75.441 44.621
93.302 44.9
73.541 6.354
46.424 95.627
5.518 27.622
61.082 2.597
13.851 5.263
38.558 81.745
98.731 71.01
88.933 47.292
5.362 4.443
88.602 9.684
0.488 15.141
65.961 83.559
6.618 72.404
1.066 8.816
1.454 8.463
42.321 61.752
58.584 30.981
47.767 4.847
18.812 36.627
78.954 65.451
6.036 84.482
44.137 64.63
22.743 2.216
84.476 82.133
55.228 12.473
13.677 92.956
84.271 34.334
58.375 34.339
19.845 71.379
61.866 82.49
11.319 72.56
66.992 9.411
79.283 12.636
66.684 39.489
72.56 63.733
49.421 32.202
8.038 35.502
99.305 18.158
25.961 72.98
43.492 9.374
6.342 32.592
75.236 69.363
14.782 18.32
53.233 31.627
4.173 3.373
18.901 24.097
86.205 24.031
40.337 91.666
69.096 16.38
77.611 46.475
16.491 79.43
10.409 38.881
87.421 87.74
25.198 74.213
50.38 18.816
41.767 27.006
25.763 50.98
19.269 7.767
7.612 1.148
92.245 89.283
88.978 85.384
91.821 31.596
17.477 41.918
44.376 17.91
87.766 90.304
91.416 2.802
65.507 55.347
42.343 86.408
46.547 78.946
60.404 21.352
31.113 76.468
16.361 66.126
51.751 62.982
1.755 22.393
80.964 82.701
17.276 57.237
70.671 76.13
46.634 85.64
65.888 98.705
29.454 87.567
90.012 34.698
46.517 45.772
34.923 75.056
31.836 71.153
29.66 35.308
47.963 5.78
2.102 96.126
12.455 52.944
1.14 60.607
77.55 61.763
46.175 1.377
6.979 8.904
54.233 14.476
96.469 76.948
67.835 62.078
93.601 76.521
32.766 49.065
27.544 26.609
84.753 54.022
87.212 94.035
89.246 78.242
13.845 66.293
85.17 45.782
16.546 88.208
53.405 25.084
18.407 58.211
55.536 18.891
21.269 36.492
39.368 15.427
98.707 77.371
30.318 95.227
21.684 84.645
46.699 47.743
5.782 33.254
58.916 54.226
97.558 13.803
53.232 29.084
0.489 49.284
68.087 41.019
8.798 76.675
8.837 79.943
45.371 92.755
79.693 34.619
91.028 39.467
43.262 97.533
16.41 11.85
61.731 29.919
40.798 69.485
62.676 82.507
78.613 35.012
61.786 93.87
77.299 64.87
63.874 19.947
46.606 37.479
13.495 47.581
16.867 39.058
14.073 4.671
98.744 68.732
40.028 27.055
69.601 51.11
48.597 99.426
17.731 88.202
56.956 50.273
63.82 19.102
42.453 79.456
2.812 82.478
53.851 83.934
73.007 17.805
53.39 54.581
98.052 56.242
57.959 54.504
20.773 98.065
83.768 83.763
12.38 99.908
6.686 88.989
67.741 18.769
13.642 92.49
62.243 54.98
75.097 26.539
80.006 90.069
89.858 76.543
52.724 17.079
51.783 75.972
97.029 37.879
72.173 73.583
25.558 12.639
54.565 31.902
32.525 14.052
69.266 25.571
94.832 77.746
98.885 71.367
34.002 86.411
28.438 99.533
8.55 62.238
35.354 56.594
70.72 19.122
86.18 5.244
67.809 99.107
78.288 66.394
2.667 20.644
93.8 32.269
10.374 10.1
52.408 40.811
46.815 96.551
71.78 48.891
30.026 37.52
69.502 51.46
9.314 39.179
18.59 77.802
64.338 26.051
75.064 66.167
18.226 3.515
93.45 93.703
46.017 15.123
1.083 57.34
16.315 35.184
73.234 48.102
1.52 78.244
66.163 66.102
1.007 59.533
1.98 48.802
60.898 86.615
11.859 5.229
36.008 95.659
86.111 94.532
3.221 95.805
63.974 93.71
1.649 43.733
42.254 34.634
62.862 36.113
24.127 83.711
14.831 28.657
9.457 73.597
23.445 28.239
23.298 88.19
19.323 94.1
38.448 28.417
23.784 26.186
7.128 33.314
81.731 64.732
61.932 50.22
36.972 68.488
56.6 59.32
6.483 59.812
29.532 53.685
36.996 71.487
25.958 43.3
98.566 75.434
30.034 52.277
37.984 88.75
52.957 72.212
27.436 90.647
87.584 9.976
48.886 50.357
9.259 65.822
6.288 48.938
6.248 67.161
81.954 48.269
75.984 76.648
41.889 62.183
10.078 47.163
20.756 7.496
67.424 3.0
92.201 21.088
11.628 37.244
41.205 95.648
63.905 38.765
67.359 34.367
46.918 83.142
95.205 45.894
55.167 46.316
43.159 44.234
48.758 88.685
96.223 61.715
15.531 31.956
73.499 37.03
55.733 89.38
16.137 93.322
27.089 66.326
29.775 95.67
27.624 25.251
15.543 58.224
92.933 29.75
42.703 20.25
65.126 6.728
84.552 61.441
21.432 36.169
39.179 57.791
81.739 5.796
76.247 6.915
5.558 88.307
43.511 63.31
33.22 96.048
74.158 93.478
55.103 56.736
55.892 77.859
3.242 95.694
36.119 50.412
41.259 32.878
65.043 8.68
42.443 76.297
1.996 39.012
3.169 25.106
66.135 42.873
9.935 58.252
26.098 42.665
65.811 33.361
27.937 99.171
31.388 88.192
35.668 43.839
73.485 71.735
63.996 67.637
65.971 44.291
94.714 1.631
66.914 28.865
20.916 29.09
42.641 74.587
97.152 91.97
62.253 56.877
71.946 67.659
38.62 20.659
46.667 77.735
95.219 19.895
42.56 55.532
5.973 82.798
98.04 10.48
18.043 24.498
89.025 5.277
81.213 13.809
37.426 89.504
79.521 6.834
71.214 65.339
4.049 39.328
94.113 72.919
32.031 98.646
81.414 16.621
92.834 68.756
61.373 69.92
99.958 79.561
61.839 22.266
67.895 39.409
85.188 84.487
65.3 54.688
49.157 16.038
99.904 11.632
13.689 76.567
43.79 22.54
70.255 13.794
0.44 59.952
65.339 95.536
8.514 11.915
1.458 36.233
42.227 9.194
91.535 71.102
33.298 23.456
95.527 28.644
55.238 18.729
46.413 18.734
98.735 66.002
29.335 20.039
90.028 4.917
14.088 35.499
15.152 81.35
78.817 35.554
66.852 95.417
57.298 41.924
26.928 55.842
65.258 85.278
90.179 58.318
66.297 85.635
80.602 26.795
43.683 91.6
28.963 36.257
51.199 16.401
53.825 53.259
34.93 42.911
0.851 21.204
90.191 71.482
36.345 41.457
3.931 69.007
81.988 25.659
7.821 95.047
68.276 52.423
29.577 98.514
95.426 1.473
62.892 31.193
5.05 43.093
99.556 83.741
33.368 62.25
8.641 33.036
83.133 84.656
83.646 93.63
30.288 69.41
83.032 3.756
16.167 15.919
1.415 23.218
85.088 67.882
20.843 92.716
83.535 38.56
45.554 45.223
13.11 69.534
86.606 74.148
11.99 36.327
43.695 0.252
38.436 59.209
67.521 19.063
86.668 28.479
85.166 78.369
11.865 3.773
83.28 97.557
54.135 87.04
9.272 13.424
57.24 19.957
44.212 31.109
33.093 44.916
0.785 76.482
82.426 71.918
22.903 9.43
16.917 62.491
86.551 76.919
81.149 88.334
2.225 81.42
93.101 20.017
23.888 28.266
58.036 64.12
75.764 67.217
37.14 52.012
86.557 19.034
1.78 19.244
20.422 10.712
99.979 7.675
2.537 1.605
4.359 79.568
26.992 52.426
22.071 84.333
44.725 70.186
78.793 93.379
1.004 96.723
52.073 53.721
49.342 38.911
26.204 54.644
99.908 16.084
21.64 10.34
85.299 34.16
51.575 85.977
14.461 73.423
21.779 27.633
79.969 3.919
61.147 93.822
0.308 13.775
64.199 31.81
73.788 14.732
12.742 17.577
94.803 37.966
78.562 33.67
26.341 4.99
37.237 94.472
1.939 54.366
93.424 79.509
39.089 75.46
64.85 54.023
25.337 27.054
47.971 33.842
16.892 79.2
37.396 38.137
63.959 79.792
25.855 13.524
57.6 54.623
22.706 71.98
9.16 32.423
80.847 99.687
63.731 32.472
81.969 67.688
49.73 30.876
28.938 76.378
60.59 71.973
11.746 67.687
41.57 16.38
77.885 17.745
41.72 3.841
20.367 15.741
66.127 17.594
52.074 44.9
98.398 46.747
75.075 63.837
21.085 89.494
57.991 81.743
25.571 17.022
54.598 2.289
6.304 67.213
82.229 58.273
26.916 48.804
38.081 81.152
62.931 0.608
1.123 85.412
64.904 32.152
96.742 10.871
71.857 74.353
0.597 70.768
10.47 51.815
47.249 55.812
17.8 38.217
48.557 2.536
0.375 73.731
61.841 0.644
30.305 85.806
35.649 44.37
86.301 70.435
48.782 8.958
94.868 8.314
25.752 9.18
86.426 68.682
86.983 54.414
56.457 30.547
14.0 16.037
9.637 90.922
53.972 57.822
44.04 91.265
87.272 50.801
97.334 78.114
18.277 34.34
64.738 87.691
35.237 77.946
30.753 18.09
60.619 18.771
77.556 74.261
4.663 67.589
16.176 83.989
18.046 51.974
79.965 72.375
13.314 0.732
0.279 14.384
19.032 5.159
71.452 37.862
43.252 75.433
61.385 43.158
53.745 36.637
43.723 4.374
89.644 15.082
86.774 62.258
96.262 88.125
14.591 23.401
92.574 50.873
72.324 79.372
43.785 81.6
13.159 13.487
93.57 2.599
28.75 94.067
31.903 61.555
71.601 83.657
88.18 18.318
41.057 47.652
65.315 72.992
4.48 45.45
94.23 8.919
31.965 79.833
61.475 97.021
92.073 16.941
82.564 64.791
57.639 63.696
79.508 14.24
6.004 55.974
26.695 59.606
70.49 91.593
38.302 65.896
15.269 65.171
31.478 29.12
52.353 14.462
40.25 16.057
36.793 83.75
27.821 48.463
34.529 6.821
47.591 44.553
92.084 29.358
87.885 72.102
29.744 36.002
97.977 64.971
67.763 24.382
16.421 94.198
79.115 1.673
50.13 65.544
76.832 7.986
72.974 73.729
73.733 29.01
83.968 93.276
15.141 93.949
14.237 57.974
30.833 37.252
53.783 3.321
3.606 50.98
98.86 95.691
93.059 72.049
57.995 60.192
92.232 9.213
70.344 16.441
82.332 2.672
54.36 75.429
93.21 54.143
7.54 84.608
32.076 47.371
13.248 42.302
16.162 10.41
1.42 17.252
81.006 25.931
33.085 51.059
31.372 80.637
31.353 49.917
41.399 40.339
89.518 92.422
83.61 98.59
0.109 81.599
90.014 39.626
9.236 63.21
77.373 59.95
49.176 91.916
28.089 7.556
10.959 95.738
18.967 37.799
3.466 86.219
22.407 44.423
97.243 52.536
62.138 9.955
82.707 93.395
28.831 51.161
62.961 34.853
99.312 16.94
61.785 49.682
61.18 27.805
3.455 18.296
59.951 15.318
11.6 21.356
14.273 61.911
86.868 58.42
56.628 96.095
28.177 48.323
68.719 60.439
91.592 55.489
90.738 12.137
55.085 37.729
34.145 70.978
33.847 37.588
26.307 62.092
51.523 58.98
95.967 83.775
17.185 92.799
79.873 48.056
51.448 59.0
18.824 18.979
96.918 76.415
75.477 55.151
63.168 81.207
40.066 89.115
86.552 95.796
68.473 80.91
78.486 15.097
44.987 48.145
97.418 13.153
24.109 14.623
13.709 31.603
68.09 30.484
16.983 26.836
22.386 33.408
88.432 43.738
37.989 2.317
18.414 29.354
20.549 96.982
0.827 49.968
67.191 57.31
95.81 27.747
56.814 42.551
2.287 56.798
30.092 4.337
67.633 77.143
3.656 5.211
57.166 34.193
88.649 99.396
62.259 62.463
31.391 59.902
81.305 60.251
82.892 54.225
12.319 1.85
23.367 87.501
57.774 97.581
65.131 84.377
89.46 57.274
29.622 54.675
55.885 15.19
78.171 2.971
46.976 3.402
50.935 29.721
44.05 2.561
64.121 10.424
84.986 34.819
52.145 8.411
89.507 8.249
77.354 57.793
69.936 37.798
10.262 4.901
74.742 55.928
40.284 44.908
69.013 94.13
23.726 23.635
63.858 51.125
93.939 82.93
89.609 42.411
3.895 33.021
51.349 32.919
50.781 91.184
10.957 94.413
17.905 8.349
8.261 4.064
64.877 51.746
58.828 43.379
35.913 66.482
98.51 7.362
41.281 86.088
33.345 8.272
5.337 85.325
43.57 40.324
90.696 69.309
38.328 76.864
16.523 26.334
91.382 83.989
6.797 58.356
42.259 2.578
60.951 80.158
19.096 16.377
80.603 40.552
71.949 21.337
83.245 33.895
97.959 86.862
79.426 85.387
3.475 63.481
52.277 54.999
11.267 27.242
85.343 12.178
97.271 82.696
66.063 15.385
99.354 59.246
40.087 58.917
90.235 68.224
89.078 40.845
63.005 73.972
50.028 65.292
77.901 0.601
68.966 57.139
37.62 55.166
34.175 50.434
84.675 35.317
36.206 86.846
87.597 44.148
51.31 32.752
65.366 89.825
96.643 70.647
54.214 1.945
33.741 54.833
22.658 83.587
37.614 75.43
27.559 50.848
72.338 31.425
32.66 50.193
59.146 74.336
32.837 25.305
40.547 10.88
83.847 83.352
0.723 38.339
4.395 38.957
64.873 64.647
32.793 97.595
44.763 93.596
82.872 6.688
11.353 96.007
21.145 7.355
61.639 90.918
72.727 46.914
86.032 33.013
61.783 71.629
71.685 2.424
79.961 49.132
29.26 0.929
79.028 37.642
11.052 18.774
23.539 95.71
63.66 99.918
71.514 43.355
21.641 81.221
46.171 64.602
22.377 51.396
63.47 2.023
32.169 86.289
1.533 22.744
17.617 48.021
68.416 55.937
88.419 62.422
67.131 32.788
74.617 65.847
71.971 5.258
13.478 22.446
5.666 64.618
5.774 14.517
97.739 11.647
3.949 95.444
14.947 37.35
68.942 10.718
95.468 68.936
21.315 28.692
73.013 83.806
53.792 94.135
14.094 53.125
90.489 82.446
27.042 36.447
41.719 62.276
28.072 20.485
36.322 24.671
70.152 70.665
68.635 56.334
11.845 41.57
56.41 76.971
21.286 59.79
0.438 3.084
51.666 36.625
48.162 46.725
38.817 32.576
75.205 92.32
44.232 35.565
37.259 92.617
51.534 21.92
49.584 10.012
22.562 9.084
51.867 79.613
96.704 99.41
34.579 63.496
66.655 86.27
29.35 30.18
3.988 86.776
22.668 91.445
19.137 32.822
68.171 12.744
64.857 35.184
36.257 58.042
18.168 95.662
86.216 31.393
48.587 52.711
70.504 17.471
54.719 21.22
8.981 84.106
85.585 63.52
40.897 30.709
63.717 9.869
73.944 8.893
59.34 87.344
63.286 59.442
74.633 60.345
35.917 45.645
16.317 44.029
81.373 18.604
35.395 46.2
71.981 12.409
22.148 14.868
68.382 66.828
84.807 20.912
47.905 1.137
39.848 98.366
65.973 58.985
37.773 33.39
5.546 22.799
84.582 31.653
37.786 4.009
95.86 48.836
48.999 49.376
90.384 16.152
99.901 10.233
38.472 1.893
93.088 21.386
82.418 55.033
44.153 34.959
67.932 21.863
6.124 87.476
22.926 54.122
4.022 34.568
98.185 83.13
93.183 36.779
84.776 21.881
45.09 25.324
20.087 77.42
48.913 4.112
20.512 66.759
80.294 72.403
85.02 92.835
80.531 12.107
27.319 70.188
47.12 61.895
23.319 82.655
68.679 45.288
16.929 78.51
33.603 23.543
1.588 23.127
58.509 64.526
13.394 45.961
84.545 83.916
66.16 36.775
14.008 30.206
8.104 91.154
30.993 88.687
30.609 17.201
83.326 67.413
87.326 55.05
18.43 35.236
27.976 82.24
68.096 78.301
46.158 30.252
54.302 70.859
41.027 70.022
23.867 29.631
3.578 11.417
85.844 99.881
66.386 70.797
27.525 7.131
33.303 85.786
93.118 78.594
5.584 34.145
23.68 89.779
54.742 11.974
35.027 26.513
17.899 67.259
38.274 8.801
45.372 2.657
74.025 24.035
18.419 41.905
98.073 85.495
87.77 43.228
15.457 45.17
31.901 19.283
36.698 92.701
91.583 35.317
53.423 35.62
4.1 51.296
98.634 7.403
48.525 96.383
2.754 46.066
72.663 69.368
37.555 97.074
75.189 96.333
15.889 55.744
48.18 68.614
47.969 50.81
35.459 6.601
22.773 9.629
20.402 49.243
78.409 94.119
2.232 0.327
22.02 3.044
7.889 88.478
86.743 30.079
46.204 41.564
5.58 44.208
47.144 91.664
21.022 52.549
59.918 59.045
12.117 30.247
49.969 41.986
23.856 11.306
79.301 94.991
69.726 4.879
36.671 36.739
64.937 27.533
80.912 95.504
0.977 89.611
43.34 77.172
45.866 68.419
77.74 50.937
31.117 21.886
48.315 37.384
51.431 12.474
3.783 39.998
84.005 40.606
23.033 18.298
60.566 38.757
26.969 86.882
19.097 80.5
95.727 68.993
46.8 68.207
80.536 58.622
51.901 3.133
32.383 4.832
60.035 8.186
42.497 57.978
71.793 11.967
14.599 22.248
6.608 87.873
58.667 27.679
71.098 49.346
96.627 50.311
0.479 90.043
42.509 0.218
91.755 32.874
3.674 47.255
11.298 26.367
