100 7
50.0 50.0
49.586 46.702
17.424 86.255
91.72 41.865
52.299 46.436
91.887 19.568
75.681 92.512
77.088 14.661
45.959 78.816
40.221 44.611
25.281 54.436
45.691 53.247
88.989 39.953
19.4 6.575
19.676 99.412
18.529 23.345
29.234 86.855
51.174 37.84
40.083 12.691
83.479 97.076
20.14 22.969
17.854 77.565
66.099 97.174
66.319 37.572
72.676 69.605
65.539 11.459
37.13 27.976
38.144 37.852
72.312 65.254
37.616 39.144
11.97 38.565
25.683 64.375
77.805 81.825
92.74 72.838
82.134 19.998
46.412 18.625
74.99 50.007
66.56 38.403
26.05 33.344
85.214 20.873
30.247 54.47
12.601 75.467
10.971 31.429
17.672 18.349
76.278 37.878
76.394 86.656
15.22 47.527
78.621 68.764
51.62 64.687
33.905 52.009
77.241 85.971
36.204 4.506
12.111 26.24
63.391 4.771
21.318 12.198
50.428 93.362
58.781 0.954
14.486 70.121
61.667 43.096
60.773 94.807
1.348 98.68
28.345 55.411
74.305 61.803
75.917 83.668
68.747 67.804
16.629 86.372
18.822 38.812
68.59 66.871
93.984 9.641
61.79 51.988
69.78 5.63
84.875 35.263
8.748 55.517
83.051 12.408
54.581 97.199
21.483 92.413
59.797 67.155
46.146 32.076
90.559 99.815
6.316 98.883
0.004 61.978
47.345 61.732
24.533 25.815
2.524 35.879
54.761 14.784
64.715 85.588
34.512 31.051
86.625 10.9
98.033 52.512
10.596 6.61
47.397 28.483
47.186 93.165
1.936 82.212
72.486 41.601
58.627 71.699
82.429 16.661
69.064 87.497
85.034 31.347
89.967 79.777
65.732 84.527
