100 3
50.0 50.0
60.321 41.479
27.467 76.959
36.482 92.163
89.479 4.659
23.21 22.824
99.477 86.946
93.576 28.868
30.872 92.55
78.605 94.431
65.011 3.238
28.083 9.836
21.368 30.155
68.534 75.947
29.455 69.545
2.321 35.561
27.18 54.455
4.151 71.86
63.115 74.452
61.722 61.421
50.453 51.625
20.535 15.556
45.43 44.022
90.11 28.993
56.208 99.755
10.474 30.433
96.813 74.408
96.721 75.62
84.3 95.244
22.689 2.988
95.556 93.573
14.057 58.316
7.37 62.342
69.708 39.758
54.03 8.529
76.23 91.257
1.796 97.674
58.306 86.81
21.306 86.875
98.222 86.916
40.159 18.751
37.034 0.269
79.854 25.545
96.003 29.491
34.613 64.815
94.372 27.962
38.737 41.394
42.143 9.327
59.9 55.268
13.338 6.838
23.996 23.836
73.632 55.454
10.715 68.429
92.798 64.863
46.79 43.991
56.599 49.02
49.482 55.929
3.515 11.618
0.128 48.739
0.128 74.239
87.52 0.695
12.332 62.474
27.068 41.483
43.567 4.453
92.596 20.077
52.981 49.637
41.811 93.096
82.059 81.75
41.004 98.868
51.828 60.263
94.464 41.645
5.185 5.126
79.47 54.95
48.992 20.328
32.217 11.799
81.497 23.006
28.299 95.589
52.49 28.526
54.48 66.761
27.094 96.419
82.84 7.246
57.519 56.686
45.987 48.371
68.334 57.464
65.789 91.387
0.712 88.586
12.386 76.134
5.7 87.785
64.542 11.36
14.643 90.205
59.882 27.603
14.745 2.457
40.861 38.404
72.025 6.339
98.914 55.889
55.748 38.141
67.98 93.412
34.64 85.221
76.486 78.047
49.724 81.409
