100 7
50.0 50.0
85.564 40.883
12.936 52.591
36.099 96.475
27.397 36.915
14.32 47.88
23.036 42.983
10.177 71.75
27.191 95.657
47.786 78.519
56.96 68.62
71.073 13.314
92.539 16.382
9.093 28.875
72.529 69.416
45.714 88.318
32.55 63.299
89.63 31.044
26.273 85.376
30.599 41.964
89.33 6.284
2.057 17.934
6.35 95.724
20.691 84.861
89.596 42.984
96.139 43.153
22.994 68.168
16.716 60.871
62.997 11.969
87.674 96.671
68.428 83.473
74.075 74.826
73.94 15.401
52.956 36.841
21.584 11.692
65.578 89.499
41.706 24.556
37.958 52.468
77.17 61.962
97.121 60.903
87.604 74.641
26.511 6.412
75.701 44.673
82.342 84.498
60.371 51.963
34.538 89.926
37.985 75.025
62.858 51.263
73.881 97.455
21.435 50.911
63.95 76.426
10.046 78.889
63.259 50.293
36.807 94.349
45.793 45.878
38.782 26.663
80.955 33.294
32.004 30.751
50.513 58.451
20.561 68.521
7.653 23.924
90.287 24.808
54.091 65.707
88.894 67.948
35.318 32.436
87.043 46.217
16.661 96.891
45.896 68.511
70.117 5.535
79.127 55.556
50.788 47.901
47.054 48.836
18.376 13.054
67.523 50.928
63.527 15.232
92.702 82.727
78.171 57.27
19.243 50.029
66.608 39.769
7.259 47.694
93.924 25.077
18.913 25.389
49.984 65.479
17.32 74.53
18.584 10.014
92.846 86.309
65.334 89.442
2.779 8.932
35.171 49.207
87.349 77.236
24.35 45.037
61.849 6.381
29.928 92.052
65.784 83.613
1.371 69.493
68.015 60.636
25.702 3.535
45.221 10.338
0.313 45.924
15.342 58.077
