100 3
50.0 50.0
76.51 93.578
89.447 84.812
34.329 98.751
32.645 30.592
43.698 15.675
46.801 16.94
81.855 77.805
25.582 56.378
49.739 37.461
23.891 59.192
32.511 84.894
93.969 76.671
23.945 36.408
94.567 44.579
91.318 76.688
70.608 41.354
41.756 75.761
45.932 56.68
47.319 92.295
34.268 59.595
23.294 59.046
92.35 0.017
85.027 99.777
32.327 81.298
45.896 69.087
12.639 4.957
55.254 62.396
27.545 54.295
24.96 36.181
76.256 18.985
81.281 26.011
51.119 70.799
66.603 15.915
61.407 80.143
29.632 5.934
71.03 91.762
39.017 33.613
52.604 39.811
56.151 19.0
24.605 37.414
88.516 69.486
67.849 35.326
32.062 33.886
32.376 37.557
79.617 5.921
48.365 69.019
65.633 90.435
55.369 83.606
13.335 59.78
65.394 38.977
26.352 4.665
4.12 6.416
32.654 36.005
94.141 70.207
55.412 50.929
35.436 36.28
81.987 25.762
26.194 76.137
75.282 81.845
58.752 73.05
16.471 42.255
33.935 11.026
37.299 29.792
1.27 77.978
50.489 79.985
76.208 27.623
24.566 57.684
49.698 99.591
68.53 32.243
63.554 8.831
90.353 26.178
47.24 87.368
0.674 45.671
83.01 14.057
86.309 6.447
45.272 33.636
59.732 4.823
99.201 84.92
77.391 7.411
93.73 72.53
41.205 48.412
57.031 52.065
45.661 12.649
46.589 71.983
64.167 43.55
75.683 59.178
36.291 63.109
75.769 68.471
31.728 6.118
43.995 18.404
66.176 76.15
92.891 88.503
17.843 95.674
72.621 53.299
91.273 81.187
3.267 65.456
24.878 33.587
57.499 57.807
59.721 87.016
