1000 3
50.0 50.0
18.009 13.387
11.324 76.661
82.043 39.74
74.039 5.533
60.786 34.0
10.926 91.889
42.844 87.73
80.359 90.669
98.199 90.826
7.54 55.298
33.382 84.812
79.664 32.281
11.45 40.848
75.151 80.056
58.329 60.422
73.602 15.16
56.374 93.097
32.235 26.167
58.736 59.537
0.142 47.953
54.203 8.576
35.073 50.483
5.537 69.035
91.302 41.283
2.909 69.474
8.761 29.297
89.646 39.974
65.683 40.35
63.644 84.214
15.617 36.956
10.747 0.671
29.803 55.972
73.276 37.741
82.023 69.134
65.516 66.964
62.938 12.31
64.632 62.788
28.324 60.878
12.559 69.019
16.422 88.008
2.988 32.587
24.038 95.374
31.906 55.853
42.526 37.694
91.815 20.453
24.183 27.193
32.373 74.503
29.276 10.445
54.208 61.751
12.256 35.096
68.075 7.675
92.706 27.668
30.709 73.812
56.838 40.556
89.276 74.585
16.427 40.444
87.415 66.106
1.766 52.172
73.821 37.656
88.618 95.111
68.202 42.048
43.743 82.221
94.329 17.689
64.26 61.711
67.194 37.153
35.266 77.298
4.891 31.134
82.907 1.886
90.187 55.239
94.705 78.163
13.498 87.101
0.225 50.507
38.161 75.5
3.617 99.73
15.877 60.143
19.738 48.748
56.192 36.668
0.696 34.291
87.185 36.575
75.267 23.997
52.59 46.03
40.117 42.785
48.434 80.817
50.154 8.528
97.655 86.581
83.39 18.461
69.957 3.019
19.235 52.22
16.298 68.416
48.357 25.65
34.321 9.178
54.594 95.907
98.944 31.775
82.121 76.477
94.114 86.609
87.384 84.012
98.203 75.05
54.49 62.809
11.419 20.148
67.824 81.007
14.361 64.927
55.354 26.357
44.836 24.081
77.623 84.77
85.217 43.472
22.72 92.606
68.659 85.098
26.824 34.319
67.086 7.732
4.63 56.915
63.137 71.188
28.506 57.289
15.063 99.702
47.243 63.911
17.399 31.026
81.1 90.645
7.399 55.513
87.069 96.837
7.293 24.944
92.959 93.292
42.542 62.153
7.013 33.891
45.234 73.81
21.822 53.999
61.303 72.718
9.053 32.41
96.552 4.976
55.958 61.934
90.649 18.184
91.217 5.348
44.555 27.2
40.087 46.464
70.542 55.878
99.087 31.538
12.5 66.504
34.523 17.272
53.367 98.084
67.083 92.364
80.596 63.997
11.343 30.642
63.353 73.958
46.809 91.834
47.139 8.265
92.433 10.132
40.877 35.494
58.198 13.654
73.593 62.195
76.285 56.082
30.996 93.464
84.719 35.044
83.471 66.297
24.633 4.224
34.167 81.027
45.356 35.907
74.928 97.846
70.816 93.861
33.59 82.512
6.363 0.687
23.538 64.123
51.117 86.493
90.088 86.89
81.49 86.941
50.448 84.722
57.21 56.125
10.052 45.594
23.932 79.884
50.479 78.184
56.336 20.313
53.986 8.144
66.461 43.939
83.301 76.015
12.033 9.811
60.387 3.857
24.343 80.238
48.224 56.876
11.912 91.543
37.563 75.024
62.127 75.311
48.627 80.6
88.48 32.973
71.273 30.037
58.026 61.28
10.301 66.054
49.749 77.628
17.593 0.973
1.737 48.627
88.047 45.626
70.183 36.557
82.636 39.509
35.608 94.883
75.586 93.838
36.888 35.482
72.691 81.841
45.59 90.269
8.7 37.27
54.634 11.856
63.933 73.747
13.807 21.226
41.436 43.857
14.616 87.456
73.358 94.757
26.955 99.073
52.545 71.871
2.411 93.844
52.661 93.08
37.542 86.736
21.633 16.189
55.047 69.82
4.689 29.177
43.963 4.117
98.345 98.315
69.721 36.04
60.651 48.338
22.035 97.056
20.694 33.901
61.842 86.124
61.156 88.122
75.482 39.748
88.572 64.029
2.883 89.316
98.354 12.543
62.887 67.299
26.384 96.008
3.208 41.013
39.071 81.76
8.175 24.087
27.251 77.482
21.258 37.737
2.941 43.293
35.676 26.634
45.611 10.299
59.92 78.613
27.447 58.568
78.638 97.917
53.752 84.635
73.386 81.538
64.068 64.105
26.189 47.455
41.206 34.384
30.821 6.681
18.364 76.714
17.327 65.15
75.935 6.414
8.264 51.406
24.165 73.682
19.359 66.586
5.005 70.058
46.994 52.999
36.511 27.837
94.199 12.369
80.454 62.902
83.028 58.445
45.058 93.917
0.314 39.492
41.985 5.635
73.301 88.844
79.544 2.211
6.735 17.159
97.9 30.577
88.348 23.641
54.588 58.994
53.326 57.807
61.852 41.291
96.496 14.464
39.809 16.94
33.397 10.921
2.09 67.661
95.645 31.346
97.751 8.225
28.67 1.729
82.442 48.063
98.163 88.985
76.004 40.326
23.337 71.53
75.115 96.69
96.967 55.559
27.838 69.394
61.614 32.309
48.402 65.125
36.636 11.019
94.418 17.133
65.473 14.935
59.594 52.003
71.189 38.223
86.749 66.477
5.411 13.082
36.125 87.987
61.424 68.733
97.146 12.599
34.515 94.077
77.412 20.763
15.734 21.881
54.394 21.33
89.232 80.88
82.104 80.402
64.567 8.311
76.585 69.911
7.666 1.857
17.547 28.384
96.544 21.641
65.451 17.794
95.638 86.561
24.106 70.153
94.272 37.054
62.554 39.7
79.552 84.308
19.545 47.33
75.935 71.639
86.228 32.208
60.868 16.056
97.363 86.43
96.552 53.125
34.325 18.852
82.355 76.015
90.71 93.888
18.026 97.248
5.875 26.423
99.496 86.542
55.406 30.48
46.633 20.683
22.461 64.242
31.776 39.834
75.799 40.486
21.424 41.284
54.687 91.462
40.136 85.274
3.048 21.632
25.328 65.066
50.466 18.344
53.17 40.465
26.263 78.287
75.781 61.189
80.661 65.298
54.959 7.076
31.949 57.63
2.931 85.735
38.756 21.451
52.22 68.186
80.863 44.865
61.515 24.33
1.209 35.957
84.366 17.812
13.885 12.664
38.157 62.417
38.755 78.966
27.379 77.368
78.02 36.594
53.475 29.99
39.087 64.762
37.837 66.848
80.602 43.673
75.48 31.034
96.415 62.06
30.994 10.803
83.067 84.213
35.703 86.58
54.986 77.626
35.796 38.888
3.221 5.702
66.786 4.539
32.704 64.338
7.917 37.366
45.957 69.135
56.88 60.872
88.96 4.57
99.053 15.446
42.985 71.118
77.069 54.873
55.552 85.013
89.782 79.763
84.473 77.703
21.358 66.01
59.083 53.782
64.039 93.316
0.681 87.191
75.875 36.143
22.492 43.599
60.101 58.939
37.556 98.001
92.459 17.137
93.642 54.491
54.364 62.59
84.666 50.521
69.049 80.63
24.433 20.695
92.974 51.38
86.335 57.074
38.883 53.998
57.397 4.734
39.995 8.354
23.27 13.78
39.181 7.613
28.172 48.17
5.768 77.452
37.549 14.776
16.899 94.877
18.812 61.919
89.173 36.205
11.768 40.522
60.502 58.133
72.201 35.998
92.428 4.868
56.693 75.554
34.649 43.572
78.935 40.129
75.028 49.958
29.154 38.343
8.383 51.791
72.203 21.741
32.893 15.106
13.45 80.076
28.751 6.186
45.854 46.103
11.564 45.11
63.249 51.215
61.849 94.009
26.726 54.274
59.365 3.524
2.996 94.814
70.594 34.674
30.569 13.829
82.688 6.672
69.779 69.735
78.212 72.387
27.219 90.574
79.52 68.544
5.349 11.786
18.759 6.468
44.622 7.811
18.508 3.338
56.172 54.165
29.975 14.103
77.466 94.886
76.753 49.215
79.242 83.663
43.608 50.098
87.227 32.516
56.205 59.017
38.231 20.988
70.83 75.811
48.497 61.363
97.435 60.107
35.779 15.413
0.884 64.815
12.586 51.525
6.59 16.783
81.522 12.291
7.786 44.057
10.274 35.646
97.577 25.172
78.827 26.76
40.68 26.044
81.613 2.527
16.889 27.21
62.917 73.861
88.925 35.658
44.094 21.397
71.34 41.392
16.67 29.511
23.847 62.128
7.33 9.835
15.677 86.859
73.148 76.758
73.059 22.598
97.039 72.5
94.98 75.542
34.875 8.627
86.6 87.498
45.01 62.631
42.538 47.449
16.646 65.075
86.07 48.985
31.304 74.85
65.501 69.265
33.778 57.277
42.484 78.743
26.715 0.987
69.158 78.339
65.432 7.591
79.301 33.484
94.616 44.52
76.511 22.743
62.016 1.69
92.134 46.074
50.654 42.446
52.939 68.712
51.854 42.992
52.025 52.117
96.686 97.96
21.076 88.964
93.453 21.852
40.103 9.865
4.703 99.9
60.294 97.213
96.978 64.558
73.408 8.642
42.549 98.087
11.649 82.344
44.488 75.832
9.665 18.318
80.499 66.293
77.14 12.817
45.292 69.048
32.868 71.512
90.698 64.581
98.858 53.545
43.004 12.222
10.888 26.706
97.643 8.656
1.832 65.465
13.159 33.922
93.834 30.072
9.05 58.624
0.797 70.287
74.257 61.375
53.073 85.35
65.077 85.911
34.868 81.377
97.059 55.909
23.271 13.902
66.893 51.575
83.766 13.472
85.805 80.218
2.708 24.205
19.673 76.171
64.235 21.717
37.098 62.65
92.355 69.896
89.603 5.501
14.011 26.499
93.135 93.891
97.096 85.315
49.067 54.246
76.918 90.642
14.692 57.933
14.276 89.723
44.586 62.107
64.411 2.461
90.984 40.636
48.104 71.005
23.328 7.674
43.907 43.806
9.324 13.366
28.103 69.677
99.426 22.55
92.219 40.624
92.751 58.257
45.273 4.006
54.6 13.062
91.184 50.802
64.534 14.095
87.839 38.548
82.9 34.596
54.478 12.324
29.615 60.315
83.795 60.161
76.18 55.095
65.267 88.164
83.871 63.045
88.871 5.522
64.844 44.282
27.252 19.513
1.919 11.396
85.12 49.267
58.285 12.588
64.735 45.976
40.566 41.221
93.896 50.628
51.237 83.205
40.491 12.459
89.122 57.71
45.348 27.32
13.761 26.403
77.335 55.457
41.4 35.836
67.534 25.542
82.644 72.323
26.538 69.374
55.346 7.255
29.567 58.793
80.481 17.467
92.968 4.743
23.039 28.094
65.69 58.465
46.406 17.782
31.19 80.836
38.799 92.007
21.13 1.166
80.877 20.787
31.886 88.914
16.319 56.987
79.011 99.534
53.057 96.849
45.724 93.824
90.134 10.526
35.061 38.266
17.866 32.331
18.738 96.455
90.496 42.33
56.096 67.801
40.247 98.291
14.351 38.251
71.967 87.991
68.602 47.451
80.645 65.991
1.052 79.264
29.238 0.139
90.235 32.42
72.335 67.837
57.316 8.497
71.732 50.673
83.623 55.664
98.355 89.386
2.87 42.448
51.498 18.16
7.684 42.232
38.955 14.817
2.623 66.414
28.987 48.186
54.451 85.53
81.911 0.701
92.997 7.89
1.132 10.589
37.68 61.86
39.26 89.15
20.625 67.157
21.242 84.924
85.553 98.999
34.006 63.693
12.808 9.12
84.738 30.609
46.798 95.581
97.833 15.672
14.565 7.572
2.88 47.547
59.647 21.976
62.546 97.924
37.492 29.903
7.444 58.634
63.334 18.767
21.334 92.982
78.332 72.739
43.101 83.676
57.221 6.226
48.669 49.202
9.829 17.566
72.653 35.01
74.285 80.398
31.72 65.748
2.501 35.242
83.377 64.607
54.695 0.563
17.542 83.688
58.688 68.925
50.528 54.556
50.21 68.446
55.632 73.886
93.519 86.244
83.307 74.303
0.567 67.89
76.753 83.447
66.15 84.832
75.882 49.524
96.054 58.469
65.362 76.506
39.216 5.473
89.618 9.106
30.325 6.306
30.577 67.315
52.838 47.3
46.884 57.249
71.61 58.245
12.539 29.774
49.334 93.656
78.901 45.723
39.353 60.514
21.937 23.73
38.467 6.467
43.238 44.867
28.578 38.232
16.811 77.066
39.385 17.899
93.849 63.759
60.05 35.769
35.45 81.899
11.211 27.336
4.201 85.416
56.319 50.467
53.18 97.97
78.4 94.254
99.803 18.325
42.067 33.008
22.14 26.81
56.543 80.044
8.068 28.484
60.224 21.14
17.895 17.172
36.997 32.732
91.896 95.735
81.79 32.852
90.472 94.742
20.257 85.626
64.466 17.111
10.365 24.044
33.327 47.617
56.159 61.703
72.726 20.894
19.794 79.572
60.055 95.963
54.121 34.048
92.454 22.593
30.458 99.824
76.472 19.96
62.103 14.33
28.656 84.39
99.368 16.056
25.809 2.939
4.451 16.597
32.048 73.883
1.051 25.289
59.957 19.631
50.979 10.53
3.025 11.922
87.496 49.954
61.315 16.079
68.009 86.177
99.425 16.61
65.208 24.612
55.309 84.009
0.314 21.122
18.972 89.461
96.512 63.723
99.58 25.177
45.318 13.625
25.368 80.643
86.504 70.313
46.714 4.272
64.186 97.488
63.572 79.351
26.462 37.682
4.219 53.365
64.476 76.874
26.23 6.357
21.905 51.64
60.792 13.498
60.572 59.095
64.512 84.771
44.975 70.066
70.854 74.841
31.777 24.95
26.341 39.009
19.915 84.122
93.835 31.538
91.301 13.178
77.405 33.722
54.065 27.715
54.85 85.6
99.121 9.939
50.702 38.226
31.205 86.603
50.848 24.207
54.623 73.217
96.112 20.729
19.974 25.867
24.443 30.747
40.552 7.864
36.86 47.355
39.784 30.411
79.928 85.856
0.19 94.629
2.089 55.348
88.171 3.507
89.795 6.351
7.209 32.292
47.283 62.783
69.01 45.926
90.3 41.233
13.101 59.774
43.781 68.647
46.418 48.98
16.753 68.052
85.548 19.101
30.031 1.612
20.78 79.653
91.271 53.036
83.741 7.067
16.79 57.917
79.839 25.838
87.499 90.762
24.625 43.247
99.258 76.849
60.726 90.37
55.167 81.769
16.043 91.71
76.859 10.62
70.048 75.101
36.995 41.94
31.275 4.757
48.061 27.108
92.436 39.914
3.548 54.121
22.198 91.738
71.602 44.862
56.594 75.248
24.196 86.112
98.682 85.735
64.395 90.354
81.736 18.508
96.684 39.783
46.234 25.3
86.216 31.699
70.1 3.668
1.719 89.815
18.256 46.3
64.004 91.719
24.625 35.856
4.97 43.203
58.593 58.019
56.163 96.378
75.547 17.603
36.186 34.943
92.928 71.279
35.107 72.099
15.25 37.631
1.618 30.067
13.877 29.85
27.381 77.26
98.377 96.479
5.228 15.374
32.236 91.096
56.18 5.202
85.89 17.046
6.861 86.874
18.868 31.499
47.979 57.863
44.125 48.714
64.629 62.214
82.929 1.046
15.492 30.038
49.624 33.991
19.38 28.633
93.077 89.735
72.376 73.49
69.517 36.952
77.07 73.539
14.446 13.431
99.095 16.611
47.626 90.11
14.948 27.472
82.278 74.789
23.286 77.454
61.49 8.21
4.016 27.935
5.69 57.855
91.372 72.836
77.483 85.423
5.289 37.366
65.663 86.519
62.811 28.322
44.046 35.826
70.078 31.714
50.181 61.388
58.833 78.417
35.028 21.064
87.538 47.433
97.534 71.776
12.923 97.69
84.836 74.364
78.828 48.514
0.003 80.144
13.744 32.706
25.556 22.181
93.403 18.263
78.615 55.057
86.661 96.012
31.652 60.289
42.516 24.91
43.048 3.963
59.361 53.896
39.327 5.751
55.543 12.256
43.39 39.889
66.457 21.146
54.147 20.612
63.974 70.454
16.926 12.256
87.815 19.943
9.341 61.495
55.563 45.073
29.14 47.801
26.701 59.999
41.573 91.854
1.121 57.917
59.882 73.274
65.093 26.53
15.441 34.944
34.679 98.997
20.881 25.559
22.759 52.91
52.728 89.994
14.45 8.642
80.225 74.913
74.449 68.933
74.668 84.597
11.559 26.15
97.351 42.748
92.891 47.115
39.416 67.358
81.691 39.558
51.796 5.883
31.056 49.089
51.429 0.44
19.952 34.244
55.861 11.197
92.221 63.719
62.526 83.107
94.16 92.768
51.178 87.481
49.212 95.804
30.172 48.818
63.895 65.557
45.339 67.091
47.712 2.085
87.238 59.214
30.67 46.118
64.754 64.96
39.633 12.898
31.879 16.842
7.64 98.298
88.827 81.403
0.222 93.83
15.667 24.726
97.171 44.181
44.893 98.052
4.1 29.49
87.837 67.047
27.729 99.18
25.392 94.58
53.593 54.136
82.29 8.199
2.588 32.935
74.074 69.226
50.765 21.63
27.293 97.191
87.368 84.229
16.965 13.714
38.825 86.669
41.414 45.15
89.739 74.682
15.141 28.283
74.61 40.978
31.113 91.132
44.937 97.712
99.909 90.342
51.36 42.093
9.175 58.615
26.424 86.346
19.283 54.151
68.577 7.331
23.075 98.994
31.692 71.413
25.686 80.026
77.559 59.04
66.747 9.575
81.193 76.113
94.123 78.423
58.31 94.636
90.536 16.083
43.784 29.581
83.571 94.46
67.615 26.668
83.922 43.63
12.632 85.992
43.45 88.728
33.217 5.256
7.838 27.98
97.307 39.614
38.771 96.002
80.867 45.935
23.364 10.022
38.07 33.147
60.453 86.562
2.986 65.981
47.963 94.137
94.128 62.461
13.001 52.938
15.908 52.604
91.885 31.159
45.259 25.28
62.435 65.466
66.252 34.651
18.739 10.588
74.068 19.861
61.231 53.583
34.526 46.849
45.2 6.481
91.886 61.26
41.939 79.234
61.734 99.104
