1000 5
50.0 50.0
39.831 5.756
11.58 26.243
71.519 56.418
75.089 3.744
82.493 26.572
17.14 40.702
79.869 69.723
69.154 47.145
55.608 90.742
56.271 38.343
89.459 3.307
13.055 88.103
71.791 58.572
65.93 28.951
41.601 90.365
80.415 10.429
25.312 74.942
83.773 90.837
19.209 40.521
7.005 72.01
92.623 25.178
45.464 49.701
75.427 92.597
33.894 60.505
63.655 34.2
12.504 42.765
51.796 28.362
97.81 92.886
62.03 66.123
55.651 91.368
1.342 72.238
99.005 36.992
80.705 26.132
83.972 25.668
13.488 32.502
42.222 6.445
85.901 60.977
43.464 51.908
46.012 29.549
99.574 39.799
74.877 88.36
99.968 65.437
10.383 6.906
59.833 23.372
32.728 28.192
50.472 48.172
57.372 95.266
76.208 99.855
13.024 56.328
73.268 10.611
33.656 6.45
66.181 87.783
44.342 3.437
40.414 71.395
25.846 42.372
34.349 23.382
9.241 65.243
6.856 71.792
98.267 71.416
2.352 15.775
46.521 77.707
14.092 40.274
73.053 75.263
88.083 6.852
67.446 7.78
79.553 15.523
39.675 38.501
84.188 22.855
45.531 98.194
73.482 29.609
66.762 26.669
64.084 60.84
56.279 25.185
10.013 12.04
99.616 24.199
50.388 77.043
15.142 39.665
35.711 29.202
90.5 89.963
96.939 32.736
33.113 17.731
2.228 82.995
42.727 55.598
21.186 62.027
53.929 48.908
73.753 38.838
88.216 49.725
6.168 98.963
92.591 24.115
38.225 44.759
20.979 70.75
6.988 52.09
72.544 99.595
37.74 85.302
83.043 47.205
64.192 20.415
4.104 17.729
62.467 63.475
37.335 22.864
52.338 24.359
80.487 21.461
68.654 59.715
93.483 48.265
73.449 4.275
24.23 21.719
28.13 88.913
52.746 76.635
98.187 33.125
24.693 77.697
66.904 58.86
48.159 17.018
85.687 81.747
55.0 44.113
15.293 1.128
40.395 85.152
76.875 22.186
66.287 32.476
2.792 64.461
9.68 43.945
79.384 58.354
64.465 76.98
5.324 16.87
28.334 88.294
24.549 52.814
52.247 90.438
61.135 58.9
2.987 95.118
80.448 70.528
87.485 9.679
97.002 0.85
2.764 68.381
83.705 63.27
58.28 84.65
35.287 21.464
2.591 9.828
69.684 98.061
88.351 65.212
61.839 70.864
2.259 73.462
1.916 51.923
55.822 61.696
57.848 25.843
8.672 48.659
72.135 25.484
28.473 10.503
59.951 53.267
29.122 68.086
17.78 92.503
65.642 96.924
74.157 91.951
20.081 94.981
26.102 27.243
87.406 34.832
19.558 44.054
81.049 43.096
36.689 51.53
60.078 62.931
99.341 35.765
5.313 72.194
4.204 4.949
13.857 5.426
67.059 94.641
65.831 94.756
97.098 18.356
62.543 74.81
74.573 63.344
28.793 48.517
41.211 79.419
41.956 15.242
41.048 84.068
77.216 38.893
17.369 46.163
78.01 58.816
11.97 90.685
11.033 30.061
99.224 75.192
38.266 67.856
75.448 42.801
51.658 99.367
39.092 65.909
21.738 89.912
14.859 42.972
72.759 3.283
35.736 28.79
28.324 10.481
83.358 88.81
4.3 80.886
98.136 16.236
89.566 23.539
10.553 91.912
19.121 82.064
15.042 16.98
36.001 84.687
93.235 79.237
45.34 32.083
34.993 50.873
73.434 47.825
73.643 75.994
11.759 39.713
84.661 43.32
80.331 6.278
28.427 96.867
58.667 99.633
49.919 92.927
33.469 67.295
35.141 5.259
44.984 90.426
38.048 65.011
6.087 61.453
38.656 64.042
96.283 97.813
20.176 97.646
98.401 6.945
9.267 63.881
79.147 21.579
32.692 57.707
78.0 59.697
76.342 45.07
99.359 98.818
66.897 57.273
32.534 51.934
69.452 22.823
71.579 72.144
31.194 31.555
20.02 14.349
69.35 4.639
66.925 13.696
26.919 89.735
40.382 60.882
40.417 22.048
39.955 0.734
1.858 41.83
54.612 87.737
95.339 2.13
78.126 65.088
64.288 46.492
64.412 60.816
58.773 37.017
87.821 38.886
86.945 26.88
86.509 60.693
72.599 41.377
73.17 95.713
38.035 7.652
77.852 17.845
91.038 52.664
68.132 58.315
64.72 17.222
8.776 43.475
98.467 69.102
77.549 74.861
34.095 5.26
27.136 29.612
99.495 76.136
78.934 40.055
99.992 64.274
84.386 3.873
80.888 21.071
64.585 85.085
24.859 48.122
26.07 84.216
35.528 63.129
51.169 69.977
52.397 97.255
18.816 63.47
20.235 34.312
56.232 62.806
67.661 67.549
70.416 81.351
67.684 23.243
1.361 75.897
73.04 38.765
39.274 53.19
52.224 50.421
91.095 79.643
73.556 32.771
89.111 14.734
72.24 54.375
27.767 7.56
8.897 78.113
3.749 32.662
72.662 48.279
97.148 31.198
38.953 39.274
10.997 89.286
51.577 22.049
19.006 88.932
86.494 64.761
14.14 54.914
19.016 31.282
64.732 40.589
70.544 90.533
1.875 73.663
24.216 18.157
99.526 99.307
47.812 84.955
13.133 13.39
83.462 50.079
90.846 29.451
97.876 16.464
70.184 39.695
17.272 51.651
28.585 84.23
1.971 66.358
2.87 14.798
11.308 27.806
55.885 2.643
11.979 84.369
37.456 11.393
72.015 72.603
97.646 48.27
72.138 55.147
0.744 99.979
89.289 95.434
35.312 13.798
38.852 34.486
18.841 25.637
65.909 91.095
11.026 29.202
35.269 91.015
62.804 2.071
70.393 1.354
86.654 15.917
84.559 79.626
45.744 33.865
57.43 94.63
21.62 63.86
9.742 28.46
32.688 99.772
20.853 27.913
33.383 89.132
13.18 48.693
17.131 58.991
11.556 92.899
59.855 12.611
22.53 83.555
19.888 58.04
44.043 58.714
86.101 12.031
38.922 77.84
23.395 17.414
5.456 97.948
97.764 36.896
13.822 78.258
36.173 17.317
40.054 72.553
52.732 14.133
0.486 78.478
70.104 17.322
22.64 24.182
10.673 8.564
26.435 82.138
80.276 27.294
74.824 55.842
25.516 61.94
32.912 31.305
56.054 74.145
23.632 98.577
8.763 7.997
36.403 48.334
23.712 46.939
95.825 64.192
97.91 80.92
57.261 46.855
2.47 40.221
9.439 18.876
82.045 18.456
4.069 78.558
46.629 96.953
80.179 82.588
24.49 37.491
17.621 29.081
17.475 54.274
17.008 50.301
14.742 97.708
55.619 32.974
4.684 49.685
78.858 0.369
65.497 53.316
42.62 39.008
19.122 92.338
6.018 30.813
69.107 88.884
28.969 56.326
28.644 43.247
55.033 39.159
6.469 86.006
20.987 33.885
68.861 89.483
36.071 5.778
30.859 36.988
72.07 39.194
7.578 73.125
34.678 83.3
10.157 82.486
42.722 43.544
56.861 61.597
99.329 12.291
20.283 10.346
83.292 50.77
2.569 74.357
35.995 93.145
91.314 17.86
38.121 48.185
75.28 26.236
59.102 28.951
86.964 26.697
62.675 91.261
48.788 11.691
42.35 38.753
80.245 58.553
58.069 66.73
38.77 64.343
16.46 26.783
96.655 71.287
9.777 31.613
21.084 78.65
58.162 49.334
68.454 97.862
11.753 43.896
55.123 26.371
14.772 92.966
57.141 45.821
50.657 95.237
44.903 11.864
28.142 35.938
55.544 15.969
88.066 50.695
5.433 18.724
29.635 22.316
11.97 74.206
12.189 84.918
45.098 80.817
83.67 73.334
2.289 33.553
45.503 40.256
1.903 13.938
21.997 47.172
76.965 73.482
37.916 65.027
40.638 46.273
77.219 76.759
23.664 51.711
54.625 67.45
51.224 65.232
84.241 19.148
45.575 2.078
71.087 80.72
41.608 70.008
67.827 11.079
4.866 99.14
24.021 54.269
34.69 26.571
29.293 47.477
34.063 98.6
8.937 0.323
67.431 32.192
44.848 53.99
41.12 16.52
8.083 37.603
65.619 36.17
55.7 2.118
40.644 6.608
39.094 64.071
22.935 83.925
82.465 48.118
77.009 53.585
36.03 48.592
70.791 21.58
18.16 73.768
24.161 37.243
61.797 79.947
26.013 25.972
5.981 22.767
33.319 46.724
78.368 14.748
95.123 64.807
64.908 82.254
99.293 99.506
32.351 73.063
12.632 92.078
68.305 33.814
52.19 9.472
73.783 65.059
90.584 87.894
41.665 19.342
70.522 53.221
32.974 85.776
81.939 8.201
40.772 39.707
82.904 54.574
97.641 73.148
48.635 20.452
87.705 71.012
90.967 18.834
66.028 12.333
65.008 84.689
67.722 72.07
2.458 27.56
86.473 89.691
43.539 71.566
97.104 17.014
70.976 66.753
99.018 50.201
43.916 72.914
8.728 73.21
46.542 66.31
19.525 26.758
69.459 75.626
80.885 7.508
37.825 26.593
95.881 21.7
57.723 33.039
82.727 86.975
11.542 25.357
60.077 22.919
47.142 89.888
11.958 68.048
55.386 62.308
6.866 22.278
10.94 11.458
67.324 3.466
48.083 50.298
52.003 73.632
13.004 0.693
46.133 33.936
26.564 98.294
87.979 23.711
35.998 46.282
67.201 55.983
29.554 66.084
89.89 46.063
95.306 95.602
18.052 24.193
53.283 63.515
98.974 38.711
74.467 99.274
64.475 10.923
54.85 34.379
68.867 89.673
41.032 81.141
34.915 60.917
73.022 12.391
47.54 24.813
72.675 68.973
32.029 26.939
7.049 81.559
67.489 85.39
67.373 13.615
43.772 85.64
50.807 83.255
38.553 86.207
40.245 87.445
95.527 16.943
64.51 4.444
9.558 33.743
8.586 57.163
57.705 9.641
11.82 96.854
7.837 50.939
9.547 74.85
42.718 59.822
92.768 37.318
21.786 98.267
37.574 70.874
82.262 6.961
4.904 55.39
45.386 80.088
11.385 56.198
83.46 24.584
42.567 27.628
90.13 82.011
58.441 14.241
23.261 71.372
52.473 21.067
32.795 65.863
55.24 2.834
93.857 18.303
45.57 71.735
46.192 34.376
58.13 85.465
36.418 42.451
11.684 26.804
28.968 70.539
41.453 7.485
74.519 49.17
17.684 24.305
71.675 18.661
5.906 71.462
22.55 84.546
11.265 16.73
3.148 2.303
39.706 25.22
55.859 43.901
55.545 98.851
64.707 6.773
39.44 28.246
17.733 21.466
23.896 89.631
9.784 65.23
4.682 84.257
97.4 93.266
98.387 5.359
2.859 79.707
25.186 75.81
28.4 10.971
99.844 49.327
3.394 29.181
75.02 30.432
12.145 96.614
61.05 40.119
93.613 3.865
94.577 92.677
25.373 74.698
22.479 2.561
46.248 61.931
4.769 14.427
99.554 69.109
36.768 87.078
82.607 89.615
52.139 44.839
7.164 69.979
6.937 55.276
66.312 21.721
68.162 27.602
60.51 47.051
9.042 28.146
48.79 3.307
70.12 31.094
32.09 43.262
29.267 39.457
95.114 37.06
67.692 10.637
44.56 28.721
82.217 64.21
39.651 83.817
4.776 96.591
92.871 5.241
81.343 26.393
56.464 56.988
26.619 30.449
96.351 74.513
94.504 56.367
61.641 73.466
78.197 13.514
74.869 72.866
55.64 49.667
21.878 84.35
12.936 64.107
2.32 40.981
10.211 32.028
7.227 41.096
73.917 73.032
54.763 28.74
95.857 39.714
34.146 42.304
83.984 71.946
61.171 89.154
59.895 20.098
13.521 82.745
80.958 29.48
95.439 94.993
66.37 22.946
85.042 67.207
87.67 98.569
13.434 85.009
75.98 42.076
35.536 40.91
25.978 47.902
90.875 6.03
36.204 71.768
13.527 9.509
10.543 78.316
56.224 91.07
14.165 35.386
33.256 14.457
46.197 35.936
13.416 90.526
65.093 47.417
62.32 51.527
30.066 15.303
34.573 98.963
85.039 44.85
58.483 61.738
63.572 22.5
15.938 29.484
42.039 38.505
31.336 12.461
29.414 37.828
74.794 83.46
48.817 34.935
7.449 45.113
98.692 85.817
85.755 78.097
38.93 46.209
99.22 68.72
9.468 54.154
67.525 62.802
37.999 12.443
39.114 38.881
30.86 74.041
48.995 4.29
98.003 18.234
55.187 18.812
25.292 23.94
6.645 45.58
67.081 27.764
23.555 22.5
24.479 39.043
92.247 82.196
54.738 24.563
37.69 43.135
8.125 28.374
4.146 5.475
97.794 59.173
32.48 57.485
11.706 60.033
38.355 65.924
8.814 27.092
45.05 61.719
9.769 26.691
86.69 28.078
63.668 38.723
38.142 51.181
41.304 85.93
61.302 60.623
82.581 1.833
57.478 32.347
40.856 64.701
25.505 33.786
27.909 95.166
51.655 10.278
33.884 0.797
5.665 81.165
14.104 74.321
44.314 77.774
88.259 92.255
84.881 88.158
26.832 45.024
1.71 67.96
88.136 69.755
39.187 11.304
12.032 48.68
40.645 21.148
66.49 32.456
81.375 54.397
34.469 85.086
88.675 15.174
8.181 23.932
89.507 80.369
37.88 4.532
40.014 46.751
91.391 38.543
43.95 53.774
86.078 44.649
79.237 56.322
4.207 2.433
89.834 37.815
39.059 53.366
9.631 36.189
49.105 12.801
40.15 50.668
58.267 84.758
53.53 79.551
23.739 18.806
33.826 93.774
28.339 83.609
52.159 47.533
16.443 96.079
51.212 23.22
44.727 29.578
26.174 31.817
60.079 67.942
91.072 21.636
5.074 91.971
87.172 71.909
81.499 53.753
37.512 50.069
62.996 68.051
99.175 83.479
16.721 93.43
93.481 61.679
11.204 95.355
34.935 31.393
42.337 43.206
97.715 93.494
54.61 97.237
30.061 57.799
23.642 52.284
15.2 59.542
45.543 45.117
67.137 83.382
40.401 33.116
39.718 35.671
37.747 89.375
93.709 18.991
54.227 8.701
38.629 77.739
58.214 11.679
22.358 65.845
90.506 67.52
86.694 31.538
26.166 5.582
35.601 83.817
58.508 67.136
45.472 52.545
74.238 7.883
49.707 58.719
69.401 64.557
80.552 59.232
57.168 7.389
79.312 49.42
36.917 26.98
26.106 53.563
61.614 4.329
84.193 84.414
32.429 20.453
55.277 4.428
85.298 72.905
81.796 53.052
80.183 64.585
83.959 75.991
93.174 23.574
56.884 40.877
47.129 86.429
12.769 18.338
5.928 42.516
20.088 99.666
93.004 45.168
74.273 48.425
73.739 42.002
63.783 94.04
50.475 1.332
97.919 14.131
22.957 5.718
20.542 62.233
74.009 24.142
94.398 98.866
32.409 31.65
86.147 71.908
5.95 84.316
80.112 60.155
9.121 13.32
79.18 89.662
23.309 27.25
76.286 8.573
46.414 55.349
54.53 38.199
22.537 32.93
73.699 43.842
81.16 86.41
77.927 4.286
94.499 64.428
37.759 96.808
38.714 68.679
45.045 52.561
54.214 59.834
30.602 85.477
88.312 27.885
50.731 83.688
49.484 79.758
62.03 93.361
73.403 72.716
55.37 16.777
12.991 4.172
62.838 73.643
4.724 62.617
90.427 87.054
66.345 16.337
15.954 90.982
26.193 36.729
63.25 92.589
95.595 65.01
85.162 13.555
4.247 21.868
44.593 18.923
0.143 77.484
11.928 20.644
42.075 93.501
69.593 64.927
30.738 37.52
45.727 93.611
43.873 69.105
74.363 88.731
16.116 14.398
31.6 94.62
73.376 0.581
48.212 11.508
0.596 18.244
44.721 78.531
73.022 39.547
75.017 81.198
57.187 95.747
26.382 24.136
9.684 7.708
30.891 32.57
67.829 19.142
13.09 96.963
2.432 41.689
50.084 57.958
76.566 21.612
67.113 30.471
12.197 94.239
26.736 88.77
68.567 80.064
47.148 65.042
5.082 5.576
54.678 1.552
26.224 15.383
4.867 41.429
43.07 82.717
95.597 67.965
29.223 66.95
96.044 20.802
65.193 53.894
46.182 62.457
85.206 53.148
25.813 66.801
34.974 60.242
94.159 84.01
15.85 54.534
92.559 29.435
12.828 13.856
74.46 15.14
21.511 24.223
40.403 4.664
30.483 51.133
22.7 43.966
73.399 6.932
74.66 74.512
51.756 32.546
80.785 95.568
22.11 25.88
93.554 13.018
84.386 18.972
38.525 52.661
26.324 68.88
84.547 82.468
61.392 37.38
78.209 62.999
84.45 45.855
30.992 93.11
59.729 4.768
8.024 21.495
19.366 92.792
62.968 28.669
26.246 16.923
52.153 64.876
99.118 37.759
66.631 76.768
97.139 26.221
58.94 61.825
43.447 21.0
39.637 28.391
14.842 47.751
0.962 70.832
87.003 32.508
23.59 24.09
10.857 54.552
94.226 74.121
31.117 71.406
11.487 70.622
51.381 9.257
29.375 28.348
72.669 25.78
74.101 7.611
13.28 93.198
23.518 52.819
62.174 55.429
40.691 3.768
24.215 70.245
80.846 43.839
77.501 88.491
63.923 93.308
81.952 41.864
42.567 34.747
13.833 16.272
24.253 65.094
50.752 16.227
42.659 88.924
38.127 79.243
78.039 84.902
5.084 33.186
70.992 44.491
97.517 88.885
73.473 0.002
33.804 99.973
96.407 20.641
3.119 72.765
57.332 16.053
9.662 38.705
69.333 60.181
81.923 68.694
51.13 44.59
75.145 91.894
15.511 64.065
97.043 1.79
3.036 32.736
2.896 30.404
