200 5
50.0 50.0
45.935 16.051
41.961 45.98
84.56 29.681
82.096 26.532
66.052 17.012
31.292 49.889
7.824 10.456
85.766 17.997
1.751 62.58
87.298 63.236
18.681 74.117
12.774 73.24
40.444 95.251
28.578 1.524
30.216 29.344
98.851 90.252
91.168 22.737
71.507 64.417
54.794 3.616
63.72 71.008
0.692 1.766
0.769 52.697
21.535 43.761
41.005 91.611
58.945 88.981
74.561 51.994
45.059 71.68
84.964 23.986
37.786 0.573
60.952 5.953
26.174 89.402
47.965 44.706
90.86 53.16
78.208 62.59
60.388 30.673
43.886 67.881
27.501 53.76
37.236 60.893
76.426 12.838
15.702 20.424
1.765 34.923
70.598 44.098
58.067 70.512
27.096 95.31
56.176 38.414
84.744 98.104
38.804 56.616
68.012 82.965
2.805 17.813
61.485 45.702
40.848 68.928
20.955 71.875
27.057 87.022
75.611 39.876
4.547 27.332
17.614 50.8
82.444 65.221
17.09 65.252
51.425 77.081
70.516 31.693
86.337 17.722
25.904 94.787
71.007 2.948
86.031 97.858
81.97 74.017
42.501 60.378
13.294 47.453
72.105 98.816
32.907 18.356
25.681 90.017
60.254 59.872
47.332 87.879
89.409 92.43
47.057 7.729
62.91 97.349
8.561 31.06
31.809 55.736
29.811 77.065
90.55 86.166
8.503 17.664
68.236 56.92
76.307 77.421
57.928 90.392
82.207 64.291
0.113 96.069
3.64 99.474
23.056 6.761
21.19 84.187
96.47 77.886
77.791 3.858
20.895 81.825
34.874 26.495
9.342 15.024
24.424 11.494
88.76 2.915
33.518 68.103
62.625 84.23
7.157 71.741
2.984 45.216
62.567 69.423
20.958 46.618
53.246 64.528
16.284 31.698
45.678 82.837
58.668 57.697
1.566 98.282
63.524 94.188
95.963 45.713
9.896 55.396
73.308 83.654
66.232 93.688
27.425 45.721
55.571 78.749
42.706 51.742
54.885 5.317
15.331 44.574
28.999 10.198
57.365 22.59
36.219 62.79
96.59 27.947
75.048 51.751
71.334 43.28
21.716 11.055
64.52 50.283
97.373 26.117
9.867 52.47
1.945 14.187
83.471 36.282
33.836 84.395
17.732 44.247
38.919 31.555
5.837 10.977
16.773 17.751
79.211 43.919
51.097 58.903
28.868 31.352
74.546 90.427
54.568 48.272
51.352 22.297
69.793 80.363
70.292 49.387
90.635 34.229
82.098 89.813
7.936 56.888
76.146 95.28
5.89 71.76
24.769 47.803
66.915 29.269
31.7 89.155
21.547 41.153
4.482 31.779
5.632 92.524
31.989 9.379
44.618 28.802
2.599 47.518
5.384 29.29
28.346 13.198
4.188 55.942
24.349 55.17
5.986 23.548
30.071 93.012
83.335 57.211
70.455 31.545
64.486 81.663
29.292 32.26
71.321 22.357
46.491 90.589
80.672 92.601
68.374 27.612
33.068 36.639
61.698 77.377
19.911 83.539
42.075 81.607
8.754 9.66
72.297 46.496
91.779 69.922
3.901 68.546
79.052 20.977
15.32 38.422
39.374 63.111
6.164 43.245
11.556 77.149
74.159 13.082
88.928 59.095
27.822 95.747
22.035 10.223
76.775 35.915
33.325 32.104
48.108 35.541
28.162 27.369
74.43 88.542
8.119 23.106
33.631 87.539
63.551 41.036
95.484 49.271
16.203 98.902
62.2 41.806
29.048 87.737
49.715 16.533
