200 7
50.0 50.0
13.351 85.309
30.9 35.587
67.722 51.078
92.585 0.345
35.266 13.692
20.088 50.182
10.08 99.302
71.901 37.566
55.123 15.416
22.124 46.69
85.724 63.485
63.341 91.128
11.282 0.009
0.713 18.743
53.029 43.286
21.313 49.033
85.606 69.66
49.611 52.649
69.107 46.761
50.678 6.641
77.974 89.906
14.445 0.353
90.289 36.647
60.135 34.166
71.244 6.705
17.78 23.571
96.412 39.288
19.115 80.249
28.106 5.346
67.908 62.936
89.588 24.972
95.183 78.548
0.459 70.43
63.28 72.391
8.51 33.956
18.543 86.925
13.055 46.311
49.598 46.66
16.248 28.522
2.193 70.6
64.757 59.398
24.558 25.826
86.898 30.552
24.792 30.403
11.547 55.048
40.335 31.731
67.954 23.987
56.07 19.364
79.037 87.393
87.622 33.459
19.815 53.093
66.662 55.606
44.005 70.89
57.594 32.84
13.667 37.15
34.56 99.37
54.101 33.162
80.405 2.512
32.033 39.163
74.726 70.577
25.739 30.843
38.867 35.719
8.331 96.112
19.487 74.235
74.177 11.333
47.033 2.479
21.688 75.443
60.964 61.678
29.885 56.801
99.814 89.384
79.332 66.864
51.606 45.43
42.599 22.967
26.723 62.149
60.321 12.4
51.567 23.49
4.542 59.795
13.349 53.025
63.361 21.812
68.144 24.978
12.069 66.388
2.965 39.062
32.606 67.741
32.32 44.665
90.556 18.059
10.617 1.839
20.722 19.166
48.719 94.529
85.332 46.112
92.664 81.902
38.956 22.062
14.712 22.831
4.332 27.394
34.358 83.192
1.706 44.723
68.331 77.531
18.874 71.302
33.891 33.162
92.814 10.997
69.665 32.598
11.477 14.678
58.147 54.738
10.844 80.601
9.437 18.576
75.615 49.142
13.147 13.067
71.744 52.999
14.709 6.573
92.443 9.39
40.072 6.508
90.245 33.359
92.332 9.853
75.31 97.582
84.339 31.72
60.057 11.539
38.024 56.334
30.059 60.922
60.88 29.759
5.043 95.326
26.041 65.842
67.811 41.574
44.411 64.808
29.312 77.713
45.515 67.927
73.62 70.938
48.576 20.7
75.788 22.459
11.369 47.962
36.451 99.063
97.112 76.729
93.638 84.129
23.431 28.655
25.698 96.228
51.233 45.846
36.588 11.598
31.079 8.85
55.79 13.46
14.632 56.189
34.117 77.698
8.737 91.4
15.905 31.543
41.803 46.244
38.116 15.255
21.25 91.835
59.693 96.267
0.082 93.224
66.028 70.991
99.569 33.652
21.295 72.637
14.834 98.418
13.714 91.96
75.294 7.394
88.148 64.976
65.15 62.454
77.017 47.133
81.576 0.38
46.591 11.253
55.077 33.286
54.684 61.274
91.734 6.129
87.453 12.261
8.879 79.811
42.275 32.251
49.762 68.865
15.984 60.362
15.517 47.61
0.741 59.22
98.498 15.261
67.651 47.067
80.087 56.94
57.17 72.164
14.689 75.012
35.118 37.907
58.255 93.906
50.389 19.484
76.956 65.985
10.286 90.597
36.848 72.766
52.433 30.987
48.401 37.831
29.448 27.588
38.222 40.137
88.471 19.63
82.104 65.958
65.67 41.253
39.414 14.891
45.248 84.52
74.32 47.999
23.0 33.647
29.846 23.24
78.191 89.64
53.66 87.098
47.989 14.731
98.946 96.998
29.624 76.512
64.697 35.822
64.886 81.417
2.275 76.413
86.263 26.953
