200 7
50.0 50.0
48.933 17.716
14.938 16.338
2.302 87.419
32.385 95.114
13.68 5.51
88.241 81.168
57.711 95.389
64.425 22.963
72.571 54.505
75.452 24.531
47.817 88.777
50.116 54.565
7.573 8.297
43.347 4.882
45.207 15.773
43.772 73.413
94.324 80.732
18.737 80.884
66.912 10.366
0.216 69.361
23.198 28.097
24.311 90.196
57.622 85.17
14.653 91.395
70.622 96.122
13.292 33.364
87.199 65.466
99.857 88.891
23.391 75.116
22.936 74.444
17.377 51.317
45.443 66.074
49.406 43.133
62.422 35.173
55.878 36.102
23.253 52.872
8.288 21.155
8.719 41.994
12.927 87.979
71.47 14.965
23.705 38.888
53.354 66.248
4.868 59.257
46.259 54.008
20.289 42.344
77.791 83.036
90.782 84.3
49.15 10.63
91.533 1.206
76.759 63.661
16.405 74.713
21.626 63.355
7.583 80.664
71.55 3.805
30.733 42.112
77.586 96.512
38.186 86.419
79.288 22.016
69.377 10.418
78.573 54.115
80.467 86.948
12.482 6.837
97.557 51.48
4.146 85.833
88.15 29.935
97.022 75.045
82.541 15.826
59.269 91.725
11.268 34.549
94.146 19.035
10.875 14.945
53.298 18.51
29.3 73.968
84.315 52.736
46.37 84.866
19.428 86.249
86.57 94.603
73.938 80.575
14.151 23.833
54.115 63.784
56.61 26.372
82.94 67.209
84.296 21.656
87.016 44.792
87.433 45.827
6.669 40.392
48.594 2.063
78.422 46.028
62.909 80.946
41.274 76.484
42.654 30.069
86.918 47.026
43.243 3.76
21.399 63.923
4.956 47.288
12.748 35.15
15.477 21.164
28.238 14.811
74.999 80.649
28.916 5.48
89.729 47.854
16.033 73.311
89.11 51.695
70.392 29.022
99.19 26.2
3.999 17.707
69.725 79.168
72.64 4.662
70.312 78.105
94.397 72.975
85.533 74.331
16.706 46.878
22.613 26.666
22.842 94.062
91.935 20.821
60.705 44.662
84.124 19.727
91.07 21.115
90.153 19.938
99.776 69.066
14.25 0.72
33.168 68.463
8.734 14.786
89.834 61.879
52.517 0.318
50.339 8.953
57.035 31.186
1.52 3.229
30.041 35.506
81.822 93.869
0.595 52.762
88.788 52.631
81.013 73.512
33.056 63.907
41.287 23.062
23.881 13.028
86.815 68.436
84.804 6.323
75.079 27.543
76.262 10.358
65.911 7.585
50.32 23.821
86.208 10.739
80.249 54.465
72.526 82.193
20.063 11.287
69.859 27.329
62.746 95.493
34.582 4.479
51.872 14.838
70.715 28.056
54.454 1.732
64.553 97.093
83.876 11.573
9.647 7.77
7.107 50.239
54.443 50.733
64.109 86.328
93.1 99.971
0.535 49.601
78.341 69.775
45.486 18.261
79.174 62.807
35.43 86.124
99.851 17.455
86.006 27.925
78.304 79.336
79.556 24.029
18.845 90.985
7.354 0.346
29.84 60.195
7.093 12.485
40.579 76.104
22.46 60.564
44.979 30.326
77.383 13.737
85.995 97.707
36.217 9.02
75.432 83.405
44.317 59.936
57.408 60.582
21.438 14.908
32.638 48.294
31.877 85.471
29.031 35.089
89.558 94.217
4.513 59.297
20.136 43.116
43.473 3.7
98.612 36.061
86.709 10.984
8.036 99.792
4.113 72.773
17.537 75.997
12.157 87.046
72.642 78.413
44.602 28.127
27.811 68.266
87.007 30.001
