200 7
50.0 50.0
32.123 57.517
5.065 98.256
30.401 58.63
99.122 72.877
30.749 92.452
12.172 56.986
54.631 91.968
31.886 0.449
0.233 43.307
8.147 29.703
33.429 35.185
80.582 60.792
51.331 64.46
59.49 44.802
69.939 77.779
67.177 51.703
41.916 15.71
42.469 72.478
50.524 34.721
54.296 33.53
48.935 77.598
54.07 15.263
81.917 60.826
1.639 33.565
90.898 70.076
42.953 5.889
14.655 79.054
49.288 72.982
21.201 8.166
84.656 32.022
97.133 38.764
58.813 14.187
4.021 37.281
99.348 7.206
76.922 36.779
98.747 71.138
75.349 77.362
53.531 41.299
84.808 84.503
67.094 37.308
77.906 99.075
32.587 30.229
38.04 46.004
32.678 54.064
30.918 84.386
6.397 5.257
68.906 64.235
25.958 71.265
0.035 3.118
29.558 29.599
40.514 9.728
17.263 51.615
93.554 55.014
35.431 68.539
17.906 69.218
53.328 81.812
49.072 31.525
79.91 58.013
0.554 6.071
29.328 20.776
66.951 36.161
82.649 61.631
31.707 64.986
41.707 11.925
23.445 17.351
4.581 91.101
63.684 29.019
46.109 45.838
87.937 44.395
8.602 51.655
18.576 10.154
46.693 4.058
66.063 44.273
57.983 68.753
46.79 46.451
88.213 79.06
31.591 13.578
49.93 94.156
23.941 21.984
9.775 52.808
64.784 76.58
72.977 74.187
12.36 40.007
93.201 94.596
75.941 33.706
67.117 5.785
78.374 67.511
74.59 92.439
38.745 35.924
83.944 47.709
84.139 0.944
53.452 45.531
36.597 47.94
80.748 72.022
63.999 91.018
73.934 37.607
93.222 52.581
99.473 6.257
64.45 7.782
59.8 42.01
99.195 29.706
45.746 54.051
1.538 27.219
47.138 12.701
53.696 31.067
52.396 24.093
93.607 48.17
28.448 70.864
62.511 77.839
86.191 25.758
81.862 20.889
79.062 27.459
72.876 34.101
12.676 70.463
96.172 85.711
80.744 86.464
67.195 78.052
54.662 20.952
37.375 96.016
44.688 62.24
55.414 71.294
52.629 7.875
6.519 76.0
64.865 61.741
15.554 59.653
70.697 85.01
77.064 32.568
74.495 82.08
25.481 26.763
1.601 67.029
87.432 86.729
54.745 25.586
88.878 22.59
71.818 6.092
8.362 92.413
32.495 6.622
96.435 41.905
41.191 8.445
52.598 35.507
10.852 35.457
11.058 28.424
75.481 97.941
35.443 17.216
67.535 16.884
74.244 58.632
86.966 7.756
18.598 7.814
29.809 99.557
68.566 26.44
48.56 79.897
78.107 97.007
61.966 89.158
56.137 31.428
25.427 1.165
73.955 67.758
77.816 48.738
48.877 64.827
96.287 97.605
1.54 58.48
13.287 75.702
79.226 0.477
4.752 25.795
60.203 57.477
96.461 83.427
20.757 59.884
86.196 82.57
5.958 30.546
17.629 80.993
29.062 46.174
98.743 46.213
67.201 39.606
91.534 70.939
14.936 0.906
24.433 64.243
49.024 61.323
13.278 14.47
1.361 37.367
94.183 44.853
31.364 74.185
37.877 72.293
50.869 29.034
64.084 45.421
98.043 91.92
88.078 40.429
70.795 5.411
25.552 67.633
66.227 55.793
10.877 67.686
48.323 48.461
6.069 0.176
77.183 61.455
30.0 55.963
25.589 78.963
11.597 99.394
59.77 46.671
89.933 60.351
87.011 17.193
64.222 4.385
92.645 63.018
