200 3
50.0 50.0
35.431 12.127
24.348 53.249
75.244 98.04
74.259 35.524
22.438 35.305
2.682 11.497
86.829 65.273
45.87 17.208
79.241 93.756
61.76 53.856
10.417 21.674
39.608 66.616
58.509 12.901
92.905 21.734
14.179 78.667
91.843 91.43
93.605 29.381
38.138 2.107
27.137 69.35
88.68 65.467
6.985 52.978
52.16 30.775
48.867 70.47
4.041 75.577
79.635 64.921
10.59 43.657
15.751 20.998
65.003 65.378
47.33 40.579
17.926 31.334
88.825 23.117
72.084 64.867
2.836 87.57
32.423 87.539
36.938 24.405
30.306 79.708
99.0 1.808
63.691 32.532
69.633 78.645
91.571 54.536
31.867 2.421
83.343 99.409
57.55 61.445
1.862 22.793
74.101 27.798
0.143 32.827
47.434 71.309
27.542 41.955
41.15 45.098
13.731 11.805
27.236 24.643
99.267 77.763
19.578 26.867
94.977 27.011
77.377 4.724
51.846 42.529
73.454 38.897
24.482 2.781
95.572 73.849
26.531 40.59
43.699 31.195
54.242 28.82
67.674 75.232
76.73 92.716
3.236 90.679
26.516 36.137
54.081 75.204
51.079 0.933
23.777 4.53
63.809 36.475
64.644 77.04
38.411 14.571
42.699 7.558
38.069 3.28
53.552 92.618
85.67 25.165
1.661 40.657
81.882 78.298
26.161 66.249
20.922 62.739
67.751 20.826
98.072 55.432
76.332 78.608
5.19 20.824
99.09 78.901
82.566 69.477
61.71 15.859
86.194 99.589
67.601 8.448
14.926 98.04
8.239 44.056
92.319 61.169
43.452 29.88
67.044 85.45
75.09 92.602
4.917 2.81
58.182 22.348
54.595 64.779
61.183 57.783
38.909 76.618
79.267 42.635
55.953 61.691
62.815 99.905
39.772 95.327
58.892 31.883
49.817 68.228
37.22 48.494
27.179 47.412
41.587 45.712
84.874 16.797
68.482 30.011
1.529 93.465
0.697 84.201
81.432 54.042
30.171 38.288
79.075 18.949
37.123 53.04
6.424 17.677
45.885 45.812
4.996 11.97
60.516 62.08
33.96 8.552
0.098 83.811
14.681 0.931
9.219 42.067
80.083 41.04
5.017 27.872
51.522 75.514
74.579 74.535
88.556 60.279
3.049 14.522
73.167 0.451
26.114 77.24
90.805 71.449
2.52 31.931
42.111 96.895
29.166 5.761
45.863 52.088
40.143 7.323
83.341 40.328
0.568 47.332
21.919 22.583
48.867 49.626
53.807 45.844
0.075 58.919
91.767 19.018
79.008 51.218
60.608 57.47
78.544 35.676
2.368 7.241
93.499 35.276
31.614 36.763
71.744 90.96
3.476 99.529
85.583 4.102
62.437 41.232
15.266 2.978
71.482 57.088
14.699 13.849
71.69 17.663
82.911 8.969
1.157 75.343
6.199 61.21
21.469 68.789
63.869 25.234
76.438 81.206
16.041 21.664
49.404 10.973
76.598 88.824
81.983 83.297
64.932 68.949
22.674 4.426
25.187 50.279
92.759 26.345
91.954 43.094
81.611 57.222
76.17 20.731
5.761 30.52
79.126 11.95
75.845 88.916
82.768 4.577
64.458 28.454
69.69 37.233
9.052 80.016
2.99 26.359
68.786 15.485
23.092 3.933
16.047 49.5
40.184 48.682
77.934 0.7
70.222 79.885
22.238 4.141
31.846 24.147
42.007 81.508
50.873 45.43
1.448 93.443
68.982 40.541
40.687 71.739
5.618 12.138
