500 5
50.0 50.0
28.918 68.598
70.706 84.818
10.534 61.427
38.302 69.582
43.956 50.027
34.708 81.239
4.576 32.715
56.216 45.516
91.957 32.542
81.876 72.957
75.322 88.072
87.926 9.301
2.232 91.449
8.177 37.439
81.685 13.438
88.412 66.655
67.447 51.631
10.323 11.548
77.563 51.462
25.134 40.56
51.721 53.2
24.259 13.339
36.408 25.808
47.547 33.025
31.381 44.556
3.224 97.429
75.537 71.601
88.082 6.296
3.641 88.155
34.304 60.645
86.531 45.563
33.403 90.135
86.459 24.226
11.887 13.502
43.36 55.879
95.556 89.659
65.226 70.259
12.364 94.574
47.234 60.459
56.709 5.383
87.032 39.054
87.798 15.638
17.818 93.666
83.928 92.489
98.534 95.336
1.102 13.52
30.12 9.364
22.75 65.932
48.297 46.03
62.729 13.733
99.036 80.042
70.383 66.852
68.791 63.714
57.752 84.9
31.443 63.647
56.832 11.446
91.462 30.675
24.319 13.146
59.182 19.071
69.375 22.762
93.884 65.475
94.242 57.248
61.651 71.551
52.286 13.322
43.548 23.885
23.393 53.555
15.634 55.033
84.838 30.894
15.291 69.747
95.952 92.522
79.23 2.044
32.189 89.703
39.923 27.353
56.474 51.53
14.378 69.271
16.675 58.747
6.124 73.408
83.858 69.508
5.007 9.013
58.925 10.104
3.62 18.916
93.224 2.12
27.972 81.676
30.646 28.468
24.722 16.133
57.708 1.109
24.27 6.767
76.154 19.012
41.799 6.845
68.798 44.019
92.232 63.761
31.959 21.078
29.245 39.425
57.909 22.718
2.795 11.422
65.87 8.434
96.231 21.39
55.808 70.801
34.815 17.492
87.902 73.229
0.48 5.87
31.623 95.924
60.487 60.826
90.638 73.973
15.585 22.382
91.589 83.152
90.22 15.531
79.055 80.416
43.156 45.568
5.118 92.844
22.186 99.68
92.341 37.466
27.64 25.781
5.5 79.173
84.18 41.383
25.006 93.007
8.004 23.219
89.676 97.792
73.069 77.624
7.65 46.362
34.895 50.972
96.272 25.847
86.417 83.957
28.011 55.456
95.789 26.127
55.441 16.47
56.4 44.578
35.675 63.107
59.754 88.871
71.094 68.372
4.689 0.539
34.163 40.114
0.392 28.152
9.859 54.289
63.77 44.756
4.09 87.784
8.626 59.791
66.037 3.234
12.073 40.408
75.733 84.398
53.0 65.726
73.896 87.836
74.627 56.707
95.664 16.14
38.823 88.468
67.649 3.341
85.584 83.826
32.544 54.119
27.66 11.436
7.767 76.393
19.57 24.845
12.51 9.413
73.808 49.186
43.42 88.806
7.774 35.317
95.569 6.381
32.515 27.458
19.788 51.285
78.802 78.784
89.038 20.904
63.841 38.484
78.367 1.366
23.759 33.452
91.491 2.94
6.76 1.908
32.7 53.864
86.319 3.537
92.603 7.653
62.484 53.578
37.506 0.502
26.277 72.182
76.12 75.175
14.335 72.338
4.993 77.44
39.659 31.966
27.722 4.378
72.013 7.516
87.301 49.514
57.482 53.833
56.799 5.506
44.579 82.17
99.824 32.566
25.112 70.99
25.944 60.727
38.436 59.896
35.663 12.281
22.198 41.665
0.194 52.184
83.918 26.765
25.075 1.855
50.432 65.843
82.602 14.596
52.0 86.333
32.855 55.919
8.307 20.445
38.154 85.052
22.722 77.597
64.032 34.959
86.429 49.945
17.638 76.379
6.919 9.819
39.55 97.847
45.634 17.969
84.224 52.049
75.755 17.739
3.308 86.107
16.127 15.279
3.069 47.573
95.925 99.852
86.992 65.858
15.685 99.681
55.269 45.729
78.325 16.257
84.748 19.965
17.481 39.835
7.065 9.006
74.273 46.238
45.244 59.855
97.87 58.0
40.482 84.248
38.795 43.858
59.388 54.161
11.965 55.462
41.177 9.276
0.551 15.821
69.242 99.228
83.952 33.075
23.77 99.072
65.985 58.532
63.226 95.154
87.105 24.155
91.341 18.165
50.874 56.352
53.045 75.072
11.467 63.383
66.427 6.741
67.623 88.303
71.458 88.685
10.646 5.017
75.78 20.127
79.003 28.405
66.116 98.462
4.587 4.882
38.878 82.36
80.405 72.322
39.792 67.024
78.813 20.956
22.56 48.825
38.733 62.638
65.091 19.325
22.539 47.177
78.781 9.443
78.338 38.439
33.597 23.884
87.284 21.048
96.388 51.668
4.327 63.95
98.547 86.189
84.05 68.599
18.957 49.743
90.091 82.899
52.463 35.122
56.941 2.783
6.254 4.599
53.336 65.516
0.745 66.511
53.819 18.095
28.843 28.288
76.827 75.532
79.869 47.445
95.571 57.682
12.565 64.314
4.092 21.544
43.9 10.743
32.995 42.545
82.702 70.694
83.378 23.249
27.278 77.216
66.635 80.172
62.991 34.048
99.599 16.086
68.256 62.019
56.207 92.709
33.704 70.007
68.099 91.08
42.319 88.4
71.337 16.256
44.921 36.11
41.974 16.161
44.866 48.287
37.039 6.167
96.627 64.104
73.573 54.256
7.266 97.639
45.877 13.494
3.577 84.794
56.028 12.957
77.384 54.732
87.476 12.513
19.654 14.681
41.463 24.445
67.452 5.974
39.279 34.238
3.228 38.542
25.83 89.019
9.78 66.228
77.631 30.929
32.503 48.896
80.364 30.398
55.577 33.456
14.413 12.125
34.576 11.677
71.891 64.474
8.648 10.799
80.373 41.248
60.665 17.325
39.062 43.942
34.575 50.265
35.814 61.999
52.162 78.896
57.643 18.988
60.531 28.138
62.32 61.692
59.087 69.955
43.755 65.206
46.127 90.738
32.859 11.238
16.92 59.104
57.593 58.136
41.64 64.385
99.429 19.705
88.275 27.919
35.259 13.767
23.686 26.411
42.172 22.593
20.75 28.965
61.589 28.581
38.888 67.766
29.078 75.439
4.838 74.008
2.23 11.716
4.795 92.255
45.036 60.512
60.642 25.511
93.721 64.768
95.523 72.538
91.842 17.056
92.933 11.934
5.966 23.504
46.031 28.833
70.51 94.681
48.714 40.608
58.139 15.552
71.883 42.485
40.791 99.124
13.806 17.287
24.52 87.746
22.894 29.384
33.968 30.8
7.742 65.045
12.839 3.039
82.077 30.144
44.426 31.057
43.752 80.08
45.963 96.032
3.969 17.44
34.781 26.233
14.678 65.844
3.545 53.063
94.624 98.612
23.716 52.639
18.449 13.6
15.367 15.377
45.564 31.258
41.112 27.755
72.297 2.723
60.0 69.183
5.48 36.992
30.431 75.881
96.216 37.437
42.003 48.653
25.702 3.079
0.466 91.649
89.586 77.88
99.203 13.685
15.063 0.488
44.908 54.759
38.013 17.644
86.03 44.619
83.253 46.983
27.342 69.513
21.595 50.785
27.027 96.572
86.957 1.044
95.102 60.879
17.824 17.763
14.246 96.055
14.291 30.372
10.896 82.151
5.783 87.253
14.26 40.497
26.359 22.478
95.54 56.833
55.194 6.746
55.103 6.672
57.192 53.349
51.073 58.698
40.945 34.955
27.725 65.513
60.647 39.981
82.451 72.26
59.728 66.243
33.057 73.059
85.935 35.713
65.24 80.255
50.169 84.259
64.529 24.258
52.946 44.342
92.925 75.383
44.312 98.075
57.441 70.067
64.798 56.433
95.847 70.026
1.77 35.338
63.746 2.428
25.139 4.405
86.931 76.383
58.501 38.134
46.372 10.731
0.872 29.814
16.235 38.232
94.463 12.128
22.156 65.566
81.466 76.755
9.385 98.86
19.901 93.919
66.652 50.263
88.691 70.188
41.849 6.576
32.675 66.418
25.214 4.408
66.311 54.154
34.536 44.697
35.287 23.743
15.211 38.799
8.868 20.264
56.27 84.276
13.285 2.445
92.67 83.512
87.923 7.221
59.34 96.164
8.759 65.097
24.364 0.314
67.392 4.421
64.026 22.975
14.899 36.585
66.794 27.859
80.743 71.627
89.02 33.616
39.12 16.684
32.263 15.973
48.978 72.507
94.239 84.346
54.497 13.474
67.307 35.796
9.863 57.015
64.215 8.651
68.983 85.066
55.623 52.544
57.27 96.628
79.573 33.631
59.081 62.108
7.95 19.905
58.066 68.727
41.545 93.631
29.645 26.637
61.965 45.614
46.078 90.657
85.363 87.001
24.709 93.026
98.807 69.884
8.278 98.971
13.983 75.293
65.145 51.106
40.558 91.585
41.523 24.009
73.051 37.502
27.694 15.169
96.918 21.951
39.71 88.583
33.536 15.037
47.877 65.906
46.258 23.871
27.759 54.369
62.911 93.308
45.374 67.028
51.13 88.02
19.815 50.469
40.265 6.641
