500 3
50.0 50.0
34.521 92.716
84.62 9.745
99.684 38.367
47.635 84.388
6.258 35.365
88.098 23.335
86.758 26.242
58.132 51.391
37.757 57.427
97.23 82.815
47.342 83.059
4.362 69.491
51.785 4.642
77.164 17.103
60.957 38.778
96.64 86.894
87.22 27.292
17.992 68.175
23.966 73.924
50.447 91.713
70.308 79.902
17.708 60.009
27.885 25.223
70.463 38.634
83.055 2.741
4.449 3.488
91.025 10.863
41.032 0.96
91.713 80.664
0.08 4.547
36.715 8.223
18.325 19.567
25.944 28.375
84.037 20.886
28.533 68.071
61.931 99.088
99.614 75.358
90.903 23.073
56.151 94.063
90.276 12.613
44.465 70.115
82.147 60.13
8.912 64.678
60.559 64.724
47.46 63.02
76.543 23.611
8.517 26.015
71.343 43.07
29.395 71.188
68.866 9.286
56.6 6.741
32.374 91.774
67.453 14.856
57.868 57.936
37.715 78.408
10.611 94.714
66.401 36.067
6.883 71.122
25.65 54.006
68.313 39.259
49.969 56.36
73.349 25.242
97.93 75.764
26.985 28.837
32.572 78.177
23.368 73.475
17.019 45.883
96.062 77.941
4.613 73.691
23.245 49.107
57.439 94.728
6.192 27.28
45.242 39.382
49.384 12.387
55.184 78.742
52.985 10.326
23.029 27.384
10.52 33.719
75.247 91.834
31.408 50.607
12.47 8.784
9.939 50.545
83.621 20.69
80.756 54.974
95.756 9.066
71.346 42.72
1.943 87.109
77.224 33.544
6.913 66.384
70.559 12.786
36.599 4.171
30.523 15.605
44.842 52.217
67.06 37.148
67.545 2.187
26.643 52.546
52.884 0.319
32.175 8.139
93.003 67.849
10.956 89.784
28.693 85.82
6.522 92.752
81.009 74.617
33.736 13.467
98.501 85.274
77.966 38.94
75.969 49.829
73.215 53.102
46.429 80.574
66.575 95.029
44.823 59.968
25.499 37.223
98.32 15.862
33.58 40.97
10.141 98.531
25.659 89.475
16.756 41.734
0.057 16.587
23.892 0.083
70.775 22.956
25.48 5.673
45.835 81.727
81.334 73.32
74.032 59.132
50.54 68.268
69.521 77.255
47.46 69.117
36.767 99.167
99.787 90.455
2.301 30.016
50.396 13.666
24.942 48.575
84.763 98.322
57.509 52.197
94.536 98.518
10.564 4.692
28.312 73.194
21.713 37.111
63.209 24.415
87.183 40.868
55.717 13.245
68.649 1.286
75.913 78.176
37.96 18.243
76.695 50.113
66.029 48.905
94.638 6.318
48.686 98.075
92.324 72.693
82.452 40.344
66.195 75.316
60.59 20.215
54.17 55.487
69.611 59.786
9.515 99.656
35.823 29.171
53.012 23.231
49.543 55.257
90.613 56.945
20.507 37.993
13.678 64.105
40.244 19.821
24.158 26.676
19.404 70.279
12.833 88.024
84.102 61.182
40.78 96.118
10.597 46.369
89.2 10.669
43.173 34.939
57.061 66.569
82.626 31.737
10.803 70.821
44.059 10.089
5.007 95.74
14.831 43.246
91.082 29.83
91.504 20.96
59.778 79.871
4.189 91.557
46.462 4.514
87.322 31.033
68.699 82.501
60.546 73.643
26.9 73.973
60.146 26.452
56.281 29.607
73.774 16.513
11.593 67.572
42.937 32.274
45.852 22.276
65.632 9.671
34.979 60.55
93.737 30.227
39.967 65.86
88.656 92.337
15.347 6.476
81.448 29.01
47.964 52.976
38.183 76.683
29.599 71.959
61.592 41.72
58.906 78.44
26.357 16.722
33.616 47.185
47.165 92.118
97.861 12.721
82.164 25.092
41.888 38.232
84.751 52.711
14.097 34.698
19.608 10.197
64.738 5.826
14.796 8.655
63.365 10.68
50.787 13.949
34.985 57.62
77.269 80.836
71.777 23.199
83.269 73.583
98.571 99.901
11.441 16.43
97.259 16.608
30.887 6.369
11.42 21.196
40.091 91.771
72.723 49.923
21.645 75.1
94.302 31.208
64.515 21.997
8.888 0.544
7.583 20.14
70.383 66.897
43.812 22.619
61.664 33.668
88.807 40.278
38.692 52.154
79.89 48.919
88.543 1.165
61.911 27.237
79.281 5.065
61.83 99.685
17.05 32.627
54.388 38.362
5.415 31.853
72.081 20.245
6.73 73.385
16.619 11.33
95.111 54.228
47.23 61.719
92.882 1.788
52.076 74.626
61.597 96.991
39.992 77.052
90.58 32.4
49.662 70.001
30.365 66.647
77.355 96.631
86.978 25.316
49.579 1.821
87.564 79.539
55.866 16.335
25.291 4.553
68.989 63.017
49.452 97.292
94.544 74.749
10.97 88.082
32.165 38.899
69.187 86.751
10.318 89.14
55.367 27.952
98.972 86.524
10.789 50.702
94.328 90.118
89.322 54.435
17.626 80.744
9.918 38.327
96.594 99.221
62.891 84.332
76.84 67.113
42.556 58.061
13.266 42.587
35.235 40.46
23.108 0.44
27.958 93.49
88.175 98.152
85.246 60.917
23.63 10.502
53.325 7.764
92.109 79.315
99.097 6.645
54.634 18.684
54.269 95.54
92.971 74.089
63.082 37.679
65.2 74.846
1.406 44.046
7.695 11.117
27.326 94.761
58.56 68.988
58.142 3.113
55.212 24.704
42.491 25.598
39.103 58.694
82.546 67.621
30.069 51.991
71.453 5.367
85.199 92.474
25.739 30.983
12.566 93.728
3.493 44.521
18.066 33.496
98.17 48.544
15.145 83.944
39.195 50.649
75.186 28.465
65.47 4.779
91.449 17.703
68.798 76.273
82.194 91.972
76.263 85.679
52.673 24.125
66.509 57.151
45.768 79.446
76.676 91.612
31.107 42.112
35.535 62.867
3.884 51.995
31.246 78.114
68.756 0.897
91.897 75.561
20.534 31.65
58.815 63.133
91.587 49.796
78.221 74.442
65.595 13.578
68.425 12.759
30.743 50.765
84.414 39.491
74.236 19.094
32.896 6.603
98.517 12.794
81.214 21.322
49.722 87.394
55.011 90.382
52.77 18.582
68.3 91.159
51.044 63.996
25.821 87.512
49.989 10.573
52.099 55.804
68.265 39.139
50.164 68.768
53.861 99.067
67.287 23.849
70.74 88.207
30.236 51.096
76.729 49.656
26.918 14.216
98.963 51.845
11.973 96.74
65.836 76.35
69.403 77.084
33.706 56.952
42.749 59.542
3.615 17.742
13.656 73.911
19.86 42.056
20.74 20.697
16.502 83.843
27.358 32.615
0.939 19.55
10.888 80.365
76.283 49.628
64.069 73.783
46.052 73.638
3.005 77.59
66.391 48.588
18.372 52.329
27.458 99.249
20.171 43.059
93.906 3.182
6.582 60.842
90.023 2.82
59.492 95.017
41.752 34.812
66.636 23.502
0.084 11.008
13.388 26.761
65.434 43.928
4.764 67.963
85.895 83.261
78.029 68.719
35.315 95.473
64.934 23.197
73.795 44.509
62.823 57.231
27.908 99.776
45.124 6.023
74.81 7.684
66.473 47.319
21.59 71.083
31.09 44.724
74.212 26.945
24.163 72.319
60.23 55.66
37.534 98.651
39.723 80.18
47.182 51.428
44.987 31.939
43.985 9.384
54.219 10.177
4.807 38.679
47.7 79.458
88.723 24.749
91.574 3.456
90.045 53.016
1.849 58.629
31.11 82.259
3.629 41.311
69.386 45.395
9.015 11.102
17.231 92.362
31.646 55.031
2.303 67.75
98.533 95.181
76.082 59.096
4.806 59.094
59.592 28.723
60.46 10.192
21.152 17.106
51.159 28.476
2.011 97.818
58.316 30.726
64.347 27.218
43.318 45.681
25.855 30.051
91.226 67.643
41.831 33.245
65.008 0.468
15.995 24.006
76.268 97.943
87.648 99.561
34.385 15.874
26.84 90.478
62.496 18.191
42.665 4.09
19.097 89.454
7.745 16.606
47.881 42.026
59.629 89.906
4.488 48.867
95.12 64.063
93.822 81.296
89.505 7.899
81.818 88.657
42.354 85.142
96.578 58.729
5.511 55.942
36.484 56.287
48.449 85.773
17.318 97.647
64.476 70.039
43.175 60.375
89.218 89.03
86.057 87.65
63.799 14.3
32.193 18.428
92.223 67.561
84.56 9.657
9.333 45.019
80.631 61.785
33.575 60.841
44.34 25.602
4.586 14.082
66.146 10.226
68.008 44.835
23.583 61.137
28.456 52.385
45.57 80.301
34.036 68.586
63.817 98.657
77.297 48.22
71.101 30.663
39.114 60.424
24.364 37.756
44.322 87.067
55.351 34.163
47.24 55.588
50.167 35.131
96.117 12.402
97.554 35.294
97.277 31.091
54.664 9.312
51.877 3.698
20.579 60.358
63.287 8.442
30.633 61.479
57.365 10.739
