500 3
50.0 50.0
67.226 87.929
50.313 51.489
71.865 60.031
31.851 46.443
63.462 97.769
57.27 60.667
14.386 82.304
16.689 1.648
85.081 11.136
60.365 0.226
50.903 90.122
97.554 45.155
62.715 70.267
76.737 82.85
91.214 20.46
16.374 47.533
37.707 81.766
1.283 8.978
90.018 13.815
1.277 41.176
40.046 77.917
91.476 89.155
78.775 94.488
48.125 57.077
11.904 80.729
83.347 41.531
38.361 36.837
54.714 96.112
27.72 19.46
61.241 11.218
88.654 18.871
30.287 84.066
63.395 3.855
91.382 87.815
60.785 16.413
65.77 2.283
8.058 1.631
43.505 60.504
70.669 59.276
23.087 51.603
43.77 34.144
29.646 36.475
67.724 63.758
40.352 32.162
48.028 73.402
58.335 63.367
40.613 54.597
65.87 12.158
62.36 60.39
19.233 76.447
20.302 45.998
58.11 52.514
66.17 99.207
26.564 62.54
0.798 16.703
36.548 14.209
90.801 28.426
81.859 59.495
14.17 80.015
33.289 63.322
3.694 54.575
51.268 23.976
73.92 21.333
9.689 38.597
94.698 76.636
80.427 50.614
93.783 69.871
47.566 51.39
26.842 42.442
85.699 59.132
74.362 43.393
97.935 19.723
69.388 60.215
64.645 49.28
94.192 29.497
69.576 61.141
94.962 4.909
28.235 86.396
69.759 32.358
93.183 44.199
4.145 59.525
50.927 38.568
12.063 11.407
48.673 72.102
42.069 2.901
15.701 66.775
65.587 41.48
5.522 20.682
82.571 76.986
61.164 75.95
17.804 28.663
71.063 57.471
32.619 95.079
69.617 59.242
24.955 71.912
43.698 70.448
54.853 55.916
73.043 49.383
3.935 49.841
74.54 73.526
95.917 31.079
74.257 57.938
92.749 8.317
15.03 31.485
20.965 26.911
55.602 41.513
66.658 76.045
40.766 81.88
72.295 20.544
2.348 66.385
23.226 35.639
79.698 46.881
31.066 78.187
83.111 50.719
8.545 9.7
75.747 33.39
70.361 66.783
18.747 52.036
14.131 27.753
31.306 27.658
36.329 97.955
23.115 97.34
79.48 80.756
1.203 84.804
93.141 98.109
87.568 28.311
5.552 72.506
85.528 98.512
18.296 34.308
94.643 40.147
28.253 53.355
85.139 68.207
19.187 95.027
88.657 58.44
31.065 7.966
13.599 24.518
8.663 38.406
9.558 28.208
87.522 50.569
82.716 19.293
54.153 3.385
17.094 55.046
33.806 25.483
74.566 79.201
97.74 37.853
45.749 13.166
42.105 70.018
71.454 58.691
68.27 56.379
46.221 39.564
42.526 1.322
42.385 0.931
88.188 81.57
69.875 30.637
17.227 18.95
49.993 45.772
52.727 12.633
94.424 10.591
82.299 34.197
16.425 69.376
92.319 43.944
9.341 10.559
48.401 86.547
6.076 26.378
63.375 67.487
84.233 11.941
81.939 94.701
62.675 8.207
88.524 48.066
48.324 75.533
75.722 10.926
78.176 55.708
39.448 29.389
35.397 99.798
25.694 29.543
94.023 26.868
31.243 66.57
55.89 36.806
96.905 67.853
69.108 13.745
81.521 94.974
1.762 27.349
97.039 3.067
95.487 45.334
39.328 87.883
10.53 21.949
70.751 9.644
0.31 63.07
17.264 4.963
3.4 45.79
45.465 64.295
9.587 1.103
81.057 25.284
27.638 94.708
11.026 85.36
72.126 16.129
90.565 38.384
53.81 6.541
58.382 20.989
57.854 18.247
57.065 93.6
75.448 17.412
2.389 51.531
95.766 14.727
85.468 94.555
61.768 26.573
35.807 38.559
34.471 78.864
41.111 61.559
13.796 60.682
90.004 76.181
75.242 58.84
57.245 86.499
25.237 85.918
76.387 86.037
63.319 23.137
88.226 11.494
2.008 38.331
52.092 2.798
85.592 46.88
82.776 24.76
71.684 33.442
8.926 22.692
58.706 91.803
63.293 37.105
65.281 31.58
78.107 87.147
31.234 23.073
83.609 67.108
66.411 12.377
56.677 42.638
41.074 14.017
11.071 20.552
1.791 34.118
65.306 31.94
69.351 87.769
28.0 58.245
46.036 2.942
74.697 63.907
1.287 74.687
70.302 86.128
35.168 18.871
1.274 83.67
33.31 84.63
89.04 83.908
45.277 86.925
27.523 49.858
77.783 43.378
58.03 52.926
82.068 40.803
16.107 58.694
34.846 77.486
74.027 96.422
35.389 89.006
99.144 37.433
48.698 33.451
86.719 36.844
24.28 87.323
13.54 85.8
43.432 45.156
51.556 77.115
57.06 13.218
58.085 47.548
26.332 12.511
69.457 86.007
46.622 54.43
91.11 88.524
83.378 3.729
97.494 24.955
74.918 89.845
68.075 65.07
46.524 69.843
25.713 25.022
39.498 32.379
44.431 87.835
85.26 40.117
19.358 25.06
78.64 29.624
87.119 22.936
26.074 60.726
94.161 90.223
69.325 62.976
36.924 81.583
82.123 44.601
47.644 32.593
75.05 48.748
85.255 19.578
67.133 31.108
79.301 74.372
25.782 64.458
89.277 65.401
82.403 80.71
70.564 35.669
53.063 5.344
81.348 0.435
83.446 31.455
91.103 98.6
33.563 42.031
54.433 83.301
60.07 85.741
68.965 82.574
60.441 67.177
83.254 97.798
86.923 68.119
91.936 89.721
10.161 4.887
30.391 75.607
21.126 13.183
36.351 88.947
24.098 7.176
88.559 86.243
70.166 71.729
12.192 25.669
93.3 88.148
80.401 94.787
70.109 42.18
36.727 90.704
41.713 16.304
59.667 50.587
44.988 16.528
16.653 87.894
67.837 30.204
27.769 68.911
82.996 87.227
12.129 15.626
37.388 98.932
32.657 82.775
9.932 94.327
33.141 28.129
67.119 28.514
80.209 81.419
10.599 56.252
9.663 1.849
71.457 56.75
45.227 2.87
83.152 13.407
32.289 94.106
68.341 9.874
5.808 15.563
50.994 94.713
32.315 20.222
36.799 25.032
53.988 64.583
34.539 61.022
21.724 44.734
49.73 28.249
23.419 84.549
98.752 81.753
65.205 13.907
73.732 43.326
18.378 96.095
22.112 17.637
97.177 27.255
74.655 94.977
47.972 63.336
76.623 8.781
1.282 49.607
66.442 28.098
55.273 7.509
87.577 45.992
53.49 81.401
13.904 84.12
76.481 37.576
56.788 25.091
61.645 28.461
87.863 24.368
39.746 43.441
93.736 12.283
61.815 4.543
73.288 9.597
79.878 22.222
70.629 97.884
59.031 36.73
33.03 13.594
15.127 24.082
11.801 3.892
40.548 93.762
67.714 85.761
2.704 68.956
15.861 85.546
81.094 81.436
11.43 10.318
89.315 16.207
96.362 45.089
32.665 96.293
47.672 3.79
63.497 9.185
98.809 56.449
75.08 67.144
43.424 80.34
31.663 70.195
28.135 14.97
8.307 63.959
24.713 21.303
70.008 34.553
22.929 27.894
73.655 7.868
99.609 72.967
82.478 54.685
60.574 16.612
21.808 37.243
97.918 75.597
80.003 94.232
95.851 75.804
8.132 94.987
99.743 35.505
76.482 16.432
25.541 33.027
68.315 72.352
78.137 80.397
22.976 88.768
32.01 28.142
30.462 5.362
68.197 44.17
11.215 35.952
27.462 26.259
33.561 51.904
54.491 42.844
10.88 19.245
52.342 96.293
1.93 57.217
21.102 95.965
6.392 25.36
79.683 26.796
36.299 34.527
40.051 19.095
13.504 17.962
72.637 72.224
12.792 76.875
99.264 88.003
96.595 80.491
76.244 18.155
5.67 2.711
75.646 42.501
76.228 50.282
5.009 19.888
29.591 54.478
61.914 28.44
66.546 33.693
87.43 71.056
68.005 56.31
84.654 79.217
99.719 27.699
73.3 40.465
67.585 31.497
3.654 46.118
19.617 59.108
30.719 83.887
71.911 45.484
17.042 78.521
90.479 56.355
44.992 85.203
6.203 61.107
95.839 47.189
25.556 12.182
90.697 68.118
70.52 57.234
10.707 4.53
73.85 58.795
66.921 58.815
58.47 29.82
58.585 29.557
64.254 57.132
49.827 50.296
1.629 59.819
71.664 27.737
15.363 40.773
88.416 83.528
54.562 52.633
5.274 71.507
49.592 75.568
75.48 25.678
21.83 34.821
21.419 53.936
61.559 73.15
8.332 81.483
29.73 93.102
43.609 73.503
65.077 90.524
98.944 51.402
42.971 96.985
12.7 68.678
21.511 5.464
25.404 47.875
42.243 67.662
57.95 43.618
55.377 43.84
60.628 71.882
98.182 79.44
45.417 4.166
71.865 52.874
97.544 42.519
30.715 66.103
0.308 37.404
93.379 65.912
72.352 28.39
76.207 18.413
62.682 97.607
24.068 93.78
