500 5
50.0 50.0
38.23 5.323
82.12 85.4
17.588 84.823
75.156 94.122
32.014 0.433
29.995 88.247
30.316 47.664
86.119 83.716
48.859 1.319
51.837 73.461
68.643 91.592
43.361 53.15
90.397 43.491
45.149 10.64
93.581 34.814
75.324 0.574
9.846 18.663
49.177 73.533
80.299 66.2
23.937 69.813
73.053 99.333
18.664 11.264
37.544 24.442
99.269 82.507
53.176 75.896
51.511 17.231
41.582 69.526
74.319 80.078
99.65 78.013
49.382 60.893
95.407 79.349
88.223 90.256
18.467 77.58
90.083 19.018
39.077 1.367
50.989 99.359
73.562 50.804
55.818 38.605
76.49 4.339
28.94 34.361
69.893 2.818
57.642 34.23
26.821 3.551
16.069 43.466
55.126 15.082
13.692 88.558
3.703 37.204
73.048 28.52
76.504 99.938
17.922 85.433
64.834 68.062
89.009 59.495
49.41 59.99
2.651 79.114
61.754 33.62
78.94 40.85
58.631 26.718
31.745 94.77
95.67 73.598
38.186 85.036
29.893 78.745
51.143 62.842
89.111 14.294
66.533 79.975
1.003 79.755
84.322 33.113
33.628 0.569
53.66 43.754
17.695 77.964
98.601 28.863
4.959 52.06
32.665 33.777
4.743 20.943
94.655 28.85
7.091 9.017
28.929 59.316
19.48 33.596
87.14 13.772
63.199 83.234
20.611 22.151
82.497 55.469
45.798 0.94
36.768 63.657
59.348 42.836
27.151 74.8
48.912 70.86
49.514 85.807
82.989 10.705
79.87 10.251
5.527 96.458
73.648 50.264
32.882 95.9
15.011 58.854
2.095 97.724
75.189 41.887
21.49 70.268
14.379 34.645
46.941 86.561
52.601 73.313
32.161 77.958
45.012 41.719
30.129 59.883
44.22 9.614
36.46 94.351
22.155 29.343
46.771 25.324
46.274 62.592
65.032 75.647
77.134 5.638
74.962 80.744
28.628 54.557
17.186 51.238
18.308 27.573
90.397 17.374
90.361 70.015
34.619 10.937
22.642 48.878
93.36 87.625
74.129 47.94
55.419 60.2
76.641 33.103
19.98 20.142
55.274 74.933
29.573 5.291
33.448 39.505
7.412 22.431
66.945 18.201
57.833 69.624
21.85 8.371
7.626 46.457
29.503 31.037
95.803 50.196
51.103 3.418
92.288 44.978
97.046 7.324
33.49 13.211
92.973 76.423
92.666 77.008
16.616 23.466
19.17 0.296
26.457 40.181
86.538 22.581
98.343 98.83
54.416 85.666
32.339 91.936
72.61 30.327
90.64 0.828
38.885 83.467
28.007 68.711
30.302 12.597
6.987 61.44
8.66 80.415
22.53 78.498
97.356 3.531
54.049 46.503
74.371 42.142
17.163 82.597
86.149 13.105
90.767 27.548
29.943 31.965
90.353 98.311
65.421 56.295
72.862 30.102
28.585 21.672
19.418 4.931
59.81 27.644
83.869 60.245
24.639 17.441
58.592 66.143
60.885 70.565
96.877 98.263
79.228 72.932
9.271 17.02
10.566 44.896
57.791 70.883
48.235 72.396
54.734 41.925
74.873 87.968
83.504 5.469
22.462 18.204
38.339 47.42
83.152 92.455
46.486 13.013
49.932 92.722
6.898 97.928
64.196 28.282
2.651 53.712
60.343 98.084
51.023 2.428
26.274 88.939
29.592 28.81
20.435 14.433
23.404 14.715
44.446 53.279
47.551 33.989
11.865 99.922
5.089 78.405
76.608 9.444
74.398 84.38
13.723 98.729
70.791 94.473
95.963 55.211
13.304 77.031
13.962 99.998
96.217 3.684
48.231 55.241
63.498 49.278
20.676 0.676
8.341 73.661
66.17 22.793
41.452 33.985
29.61 65.706
34.648 26.96
54.239 9.889
25.449 72.421
89.864 72.778
39.641 27.561
99.2 27.375
6.786 56.187
78.3 27.514
22.741 92.516
36.693 8.819
47.105 7.67
84.191 98.459
51.72 33.734
11.207 64.597
44.013 28.398
64.688 85.577
38.983 62.072
9.7 43.169
67.586 45.456
22.183 56.41
81.386 85.366
91.551 91.112
72.503 14.662
81.092 29.076
67.763 88.035
33.944 2.967
77.448 69.324
75.505 34.23
25.118 14.529
14.279 89.242
57.954 42.587
97.847 97.338
49.063 81.216
94.875 40.132
35.456 84.047
93.935 59.245
47.336 49.461
48.143 80.824
78.412 79.324
68.543 6.512
40.909 0.943
50.404 79.287
6.85 14.479
6.542 35.204
87.342 62.283
98.138 66.638
8.132 96.195
99.669 21.413
99.372 81.9
57.912 10.977
47.782 19.84
64.781 83.328
90.181 87.245
66.214 62.0
50.099 4.3
41.796 57.185
82.046 21.142
41.11 45.823
90.329 6.132
57.454 21.895
47.756 45.468
1.136 3.701
63.861 5.616
60.293 16.499
2.669 8.374
98.05 70.08
71.182 22.13
7.968 73.256
57.482 15.019
89.889 26.76
62.87 69.526
6.837 73.229
32.347 39.924
25.972 58.644
19.529 5.076
1.689 31.879
30.148 77.148
10.814 48.019
56.508 14.417
82.099 89.362
22.652 66.449
95.529 94.742
30.292 47.777
9.51 20.94
38.358 3.427
19.974 66.9
62.98 83.06
62.904 86.98
49.556 0.545
72.026 62.209
86.536 52.298
98.59 1.939
94.417 15.718
2.08 4.661
18.61 93.805
31.053 57.93
6.913 4.586
48.398 47.505
45.189 46.632
59.532 92.647
12.727 64.468
73.085 23.924
30.785 23.528
76.268 15.713
30.571 61.97
79.654 45.2
79.91 22.109
17.152 0.094
76.357 43.701
80.885 43.159
65.511 76.324
87.699 84.624
56.623 68.099
87.767 63.031
9.512 28.493
60.096 22.879
27.496 35.167
2.884 50.084
42.384 52.382
39.413 96.007
58.522 86.588
0.313 38.747
43.615 99.097
14.592 56.313
3.645 65.195
98.481 19.618
89.614 73.16
28.283 92.987
30.454 74.609
55.061 5.437
71.284 79.748
65.095 50.506
17.238 22.554
97.624 93.398
1.02 97.156
82.413 41.268
45.676 30.838
93.484 25.302
28.912 1.97
93.576 12.835
86.741 24.206
77.46 22.01
48.398 35.606
85.925 79.4
33.023 84.31
39.717 4.282
69.575 91.136
27.635 12.871
57.356 78.807
32.251 75.505
58.834 51.553
39.836 26.294
68.742 41.156
81.356 89.846
98.763 38.82
66.51 50.849
20.31 19.525
19.571 97.372
1.211 17.305
63.788 0.959
21.83 88.912
57.734 95.859
85.42 61.836
61.849 73.413
18.159 89.723
72.622 95.248
28.504 8.3
56.387 24.124
15.075 88.895
56.249 31.749
64.101 1.572
97.261 59.481
56.485 90.24
30.039 70.25
95.919 67.032
26.629 67.905
7.544 59.281
87.837 96.243
79.944 74.503
95.695 55.146
30.485 79.071
24.042 50.301
1.436 13.065
18.271 78.125
80.805 71.184
81.224 95.504
57.115 55.13
10.675 48.438
19.212 2.537
11.802 68.766
60.696 58.57
80.303 99.806
17.274 21.053
87.081 86.803
84.643 60.712
23.209 61.358
75.331 73.195
7.274 89.833
19.11 96.002
91.716 94.157
85.167 59.953
18.725 54.552
18.585 89.821
58.763 61.658
4.147 16.392
87.625 31.701
46.419 93.754
56.534 42.259
88.09 90.558
6.351 3.055
24.198 61.566
43.906 58.734
11.324 31.452
61.855 81.269
5.821 78.306
81.255 7.376
43.022 83.607
30.913 89.702
94.889 88.906
19.96 76.759
73.567 27.27
19.101 12.835
81.077 65.959
83.302 26.457
75.029 11.999
9.411 78.091
61.937 12.433
74.595 24.432
58.561 55.058
48.099 26.124
23.394 96.182
81.77 46.026
56.109 25.619
82.414 48.92
41.357 59.508
71.783 8.605
55.8 91.881
73.123 78.909
42.786 63.319
33.784 96.001
96.096 6.522
34.954 80.775
88.407 17.664
83.976 57.368
99.752 56.445
94.878 76.878
71.016 56.886
95.316 32.552
96.523 93.973
94.552 67.129
46.639 70.863
76.612 53.096
0.701 19.404
1.49 52.676
47.14 27.875
81.155 97.204
53.673 22.687
51.728 37.781
52.046 19.195
8.253 60.545
0.443 93.495
35.518 29.194
17.084 60.252
1.454 19.78
3.42 82.222
64.43 72.003
16.294 6.689
20.158 63.792
99.965 6.345
82.121 95.805
1.767 34.436
3.448 23.984
84.911 67.275
80.155 16.057
26.371 4.838
40.787 48.315
30.363 13.615
50.237 85.769
83.246 89.8
93.289 50.908
26.331 37.777
3.492 82.48
62.093 37.736
54.787 96.607
5.784 17.009
83.092 89.886
78.56 13.182
