500 5
50.0 50.0
78.15 84.124
9.414 96.63
64.956 62.192
38.889 27.357
29.922 13.276
11.826 60.389
7.008 72.355
33.395 98.209
6.556 31.915
49.594 19.398
30.093 39.126
75.334 44.784
33.155 35.281
53.807 89.394
64.066 37.153
91.607 70.356
52.668 19.781
94.885 84.629
62.97 79.093
67.604 42.428
7.613 86.628
29.301 17.802
1.21 93.175
67.858 61.828
5.298 90.05
61.722 68.006
28.809 45.796
79.707 38.214
11.011 84.986
28.47 9.609
1.715 67.852
68.931 80.28
66.905 36.797
90.36 24.195
24.668 20.465
96.765 54.476
93.699 21.402
58.967 60.195
95.946 97.495
83.686 85.377
80.08 24.913
3.516 30.749
86.339 10.063
28.516 24.305
27.956 77.059
59.908 15.362
51.577 47.637
85.222 4.693
96.816 39.716
79.817 73.804
87.321 68.567
26.227 83.606
18.201 97.396
48.494 62.393
65.903 48.411
34.147 70.831
10.65 49.096
39.509 81.271
89.809 39.238
34.672 96.8
24.487 33.73
80.211 58.447
38.564 6.522
79.019 6.04
9.78 25.089
15.229 19.641
35.532 83.001
70.077 77.271
47.087 73.54
66.848 14.263
39.351 30.432
52.795 98.055
18.256 31.446
1.811 16.54
89.97 83.13
17.461 40.038
85.638 68.096
47.239 76.459
15.067 25.53
93.519 7.88
81.754 86.962
91.303 44.233
65.184 28.859
44.971 4.71
98.551 12.412
91.29 2.43
4.327 92.907
93.683 98.236
32.968 56.92
62.706 25.658
60.076 59.342
35.504 79.22
81.748 55.398
69.727 16.379
82.315 70.866
10.458 91.517
89.394 21.267
87.325 50.37
23.064 58.291
12.244 61.163
16.779 55.878
70.744 33.584
78.194 58.639
68.472 41.135
68.098 57.193
31.063 96.448
96.832 44.557
18.368 80.748
84.951 17.768
74.741 41.045
50.344 11.591
81.291 3.28
91.447 12.383
91.678 86.075
0.769 31.084
69.388 81.403
10.66 36.253
45.925 69.676
89.125 82.959
70.881 28.654
61.394 77.478
87.008 71.077
92.469 35.355
46.041 19.664
31.79 20.36
38.86 96.66
64.991 36.227
27.663 71.204
39.869 1.328
24.803 64.459
47.009 82.743
38.511 47.894
37.919 18.299
63.528 89.546
71.646 55.849
89.947 81.5
47.388 56.917
33.448 78.359
31.86 14.522
48.17 65.219
86.586 57.25
77.939 64.872
14.038 17.579
72.067 85.948
76.378 10.045
84.314 31.727
64.855 92.641
78.66 1.441
89.514 44.566
58.012 56.422
25.673 79.478
36.29 28.617
41.068 96.011
61.427 84.274
12.917 4.841
40.161 5.038
4.567 84.474
98.117 9.677
1.17 97.971
64.576 79.193
76.493 84.155
23.456 87.992
95.044 56.227
2.191 76.699
77.97 93.712
26.054 7.566
34.385 81.63
63.183 40.381
15.992 67.73
3.466 6.901
73.744 34.181
27.088 26.819
57.637 15.235
36.731 50.43
42.527 22.167
62.855 48.331
87.404 79.281
3.41 32.118
64.776 23.651
89.175 39.642
74.679 42.227
2.006 83.302
48.797 95.587
61.529 46.381
78.108 8.268
41.174 18.904
37.229 19.492
1.288 62.646
82.108 24.81
82.397 88.809
60.094 98.6
43.741 97.484
72.193 86.546
58.506 69.702
60.492 66.044
47.266 10.254
55.958 36.448
66.948 56.355
96.421 34.56
0.966 78.367
81.295 16.931
9.628 20.922
51.104 3.994
19.192 92.78
65.599 23.574
53.321 96.477
49.711 32.365
55.138 59.564
52.827 0.337
22.193 23.74
76.381 21.439
64.083 31.974
88.765 93.486
98.901 40.522
19.894 2.364
86.074 38.38
23.51 53.343
21.663 8.128
11.211 88.447
69.348 18.196
43.707 69.673
63.538 78.104
57.054 20.715
5.467 22.564
0.128 59.399
12.261 22.97
72.025 28.197
20.771 54.321
25.671 74.248
38.933 1.06
17.03 95.626
99.705 66.224
80.942 76.558
37.916 49.503
37.529 47.027
60.178 66.551
63.783 19.884
39.087 6.77
91.578 52.328
19.092 24.108
51.368 42.901
26.96 90.098
43.24 66.695
89.739 17.735
53.112 13.367
80.542 55.726
25.392 5.591
24.763 57.654
25.846 74.261
94.993 10.172
41.644 11.061
0.676 82.941
10.626 14.92
32.635 83.474
99.731 59.019
6.35 97.339
77.082 25.545
5.704 17.788
86.218 30.441
95.204 93.243
77.545 70.7
10.617 58.679
70.403 68.818
51.854 48.826
91.876 0.905
78.687 42.849
92.681 19.741
32.035 89.659
20.495 73.846
42.946 75.84
4.464 87.194
55.952 81.719
56.195 35.155
43.1 66.92
72.062 75.778
22.214 78.424
87.32 55.174
3.503 2.757
4.812 9.405
55.684 45.335
81.058 56.668
42.742 34.354
30.671 61.462
17.633 46.526
91.018 61.425
26.484 70.187
29.774 71.342
39.379 99.003
70.424 42.154
22.789 77.123
31.452 94.219
49.067 26.032
80.94 63.732
92.825 50.354
25.196 21.095
24.473 95.21
79.15 90.973
16.654 18.845
96.078 48.208
53.197 84.535
35.273 52.573
38.686 12.016
40.968 79.529
15.86 83.548
86.562 31.204
9.034 89.853
91.74 41.615
39.516 74.478
42.346 66.575
6.644 36.376
5.393 8.059
59.632 25.778
14.966 60.712
31.688 28.416
97.851 94.11
15.435 36.729
52.919 93.097
98.342 22.976
89.924 18.718
69.731 26.598
83.766 53.797
93.138 23.349
23.757 5.898
68.448 1.471
69.505 86.67
72.744 37.397
64.184 17.506
0.844 87.998
34.487 39.875
68.638 48.673
96.678 45.874
44.672 70.615
5.027 89.473
58.393 31.638
52.995 43.526
43.213 33.754
32.161 77.198
96.067 32.552
46.691 40.475
1.222 63.604
59.011 63.678
29.111 60.176
18.419 48.644
75.19 85.751
42.666 33.398
89.765 31.915
94.307 0.704
14.172 55.077
86.944 61.692
23.041 95.973
22.964 67.841
81.074 57.041
31.887 95.786
38.745 89.184
22.216 79.518
86.301 63.251
69.045 30.816
6.469 48.896
6.556 93.313
82.605 55.378
37.94 32.168
56.081 98.516
62.695 13.153
76.118 90.215
64.97 42.912
60.84 22.573
16.354 0.98
94.301 38.507
33.552 51.692
93.845 30.319
74.759 94.744
5.788 96.272
67.553 93.172
1.32 89.003
7.954 64.778
77.18 56.295
36.163 93.493
87.016 95.567
80.377 32.906
65.156 0.543
26.492 38.329
74.176 35.873
13.66 77.987
41.311 96.798
53.898 74.069
77.755 32.943
70.516 63.803
74.824 17.169
59.808 35.211
79.893 61.756
39.866 23.494
69.539 68.29
86.025 78.753
75.729 77.949
21.942 66.934
23.344 48.222
6.247 32.343
45.096 70.93
63.912 66.858
17.501 15.049
31.984 69.181
71.193 93.352
46.625 4.579
85.057 80.166
8.277 42.259
56.062 49.065
58.73 96.624
10.02 98.927
45.45 76.348
46.579 75.14
8.337 5.274
39.09 31.261
56.585 24.448
37.877 79.269
82.613 85.613
28.3 47.31
78.17 15.486
50.488 90.649
69.311 2.567
82.864 31.604
82.003 86.741
25.503 82.266
84.916 34.795
41.248 39.754
51.521 28.216
33.287 97.008
47.423 61.608
5.493 22.062
15.449 59.175
85.678 81.991
94.889 92.229
18.354 10.207
6.33 71.833
30.89 7.047
67.959 48.378
89.065 51.914
3.28 57.01
79.857 2.878
69.986 95.073
9.39 18.324
50.951 6.637
44.139 27.64
74.291 16.896
71.53 30.062
39.257 96.634
92.485 21.988
86.357 39.135
79.845 67.002
66.919 46.078
62.7 75.961
84.497 96.028
11.911 94.874
21.325 3.458
9.66 31.69
42.739 58.462
9.679 1.79
12.633 40.271
17.598 9.272
30.694 45.531
16.475 54.787
80.28 62.245
66.006 48.855
89.631 9.553
19.379 40.913
41.591 73.212
74.02 98.439
96.775 36.379
17.131 75.599
10.087 3.661
80.273 46.198
61.807 54.152
4.835 89.161
49.139 54.83
35.624 59.027
24.189 62.34
33.302 86.341
78.957 19.276
6.484 99.328
32.102 49.31
33.357 98.065
70.056 2.461
49.338 30.136
58.339 97.088
4.575 70.947
53.635 90.964
56.218 50.312
3.989 13.31
17.968 75.863
22.377 98.406
41.126 38.165
83.667 93.81
4.745 89.023
57.816 2.107
3.595 80.796
52.851 24.533
39.402 36.492
80.859 66.547
53.623 1.044
16.366 20.559
