500 3
50.0 50.0
39.831 73.634
29.42 91.317
52.998 8.871
53.907 47.515
41.288 87.519
69.606 59.019
3.405 45.846
32.079 1.94
93.361 70.789
20.96 23.621
70.157 80.738
52.525 34.357
53.062 43.758
43.274 78.098
29.566 58.804
56.317 36.093
22.038 89.789
44.959 99.101
75.458 67.108
16.239 98.058
26.471 20.445
11.954 12.692
26.707 87.46
88.323 90.346
15.725 20.952
21.0 48.425
25.285 10.134
61.27 13.099
51.056 74.626
99.375 60.093
59.796 81.134
3.9 13.036
27.6 63.783
31.574 86.755
16.26 56.336
43.649 27.37
19.286 55.931
91.784 91.728
63.329 17.404
91.575 20.487
32.085 60.685
44.755 47.077
57.046 77.298
34.096 56.027
58.349 8.004
23.751 87.442
63.022 31.885
51.411 20.23
92.43 5.585
25.153 17.699
17.828 46.587
80.065 1.239
15.516 45.362
76.842 2.278
96.923 66.282
9.853 60.266
26.113 59.379
43.667 97.503
87.384 33.075
68.295 45.675
81.353 38.066
93.231 75.964
66.852 50.771
6.117 67.827
26.02 70.817
61.312 39.17
51.826 22.62
44.019 62.011
64.652 3.964
26.061 96.29
96.139 60.211
23.719 34.951
93.417 75.301
45.116 0.057
33.069 33.46
99.977 70.45
80.343 95.977
44.909 27.642
17.736 44.628
55.255 84.098
11.462 38.468
15.215 95.912
61.945 64.176
28.829 61.009
20.85 53.245
41.138 59.159
8.843 94.095
84.655 55.82
31.406 6.485
2.415 16.425
57.39 51.808
8.23 83.377
72.9 77.124
56.766 44.629
56.708 40.712
78.903 54.491
75.004 35.257
94.797 31.212
56.884 68.729
16.478 38.111
62.555 88.57
16.578 63.979
11.786 29.107
65.397 82.148
80.798 6.342
53.078 25.79
24.037 41.972
93.445 76.053
73.807 88.947
30.213 94.071
77.358 30.348
56.344 18.566
68.23 28.041
63.153 9.471
85.504 83.295
39.261 6.748
26.122 46.589
4.684 69.223
14.466 9.894
59.272 95.107
33.934 24.989
6.053 42.142
39.808 69.172
54.385 57.309
21.528 46.958
75.555 23.864
14.55 81.268
47.56 16.251
1.709 29.272
39.058 60.402
76.284 80.051
0.349 12.56
91.798 69.216
66.895 85.245
91.498 10.474
63.387 85.55
59.106 2.371
8.242 99.998
67.318 42.623
83.247 47.565
81.519 48.405
23.163 60.353
34.148 20.824
25.626 50.319
29.182 41.508
86.671 23.317
76.873 12.024
6.0 47.106
96.199 75.293
42.523 78.364
26.796 26.157
49.255 1.795
96.757 45.184
75.629 81.066
74.614 89.03
64.833 74.534
90.548 37.617
45.483 50.242
69.359 84.35
66.057 72.694
26.454 2.997
42.938 43.917
9.387 9.085
49.914 23.255
53.588 50.94
31.825 27.687
25.546 11.683
89.531 4.811
18.335 87.484
71.996 99.106
41.86 41.898
87.414 73.9
86.648 67.493
48.816 5.477
62.231 53.286
4.802 7.569
30.162 66.202
62.877 77.115
90.089 1.753
52.357 41.57
59.605 3.624
38.063 78.118
55.754 49.496
58.659 21.05
72.246 53.309
31.143 44.504
20.615 16.837
85.65 89.883
63.114 34.938
57.967 81.091
99.78 82.415
32.928 91.398
63.978 11.803
40.543 43.092
28.843 35.099
26.012 98.968
46.921 2.491
93.923 70.631
25.745 76.931
35.957 42.259
52.782 68.194
75.825 42.631
59.328 87.473
23.071 9.927
42.864 23.477
18.309 83.527
71.486 86.493
90.603 56.421
77.398 3.705
94.955 93.645
84.682 8.145
36.901 15.269
80.213 32.725
72.935 60.751
66.435 4.328
0.798 30.569
21.395 76.231
67.194 91.385
69.273 86.376
5.73 56.78
81.742 46.577
21.237 48.335
46.007 54.21
36.824 2.888
9.795 54.491
74.336 57.904
14.69 73.865
80.216 65.045
71.627 14.902
68.276 73.576
10.469 40.988
85.3 97.472
58.737 5.393
8.518 66.591
27.719 93.85
47.642 39.145
58.726 94.36
14.626 69.556
16.582 38.068
49.787 8.429
28.247 62.767
99.398 86.779
86.302 28.489
98.405 30.358
40.04 66.69
43.296 35.211
39.566 79.295
43.56 5.629
59.491 23.689
79.391 70.203
66.866 48.707
33.031 48.012
29.484 80.687
71.16 93.146
67.03 89.574
70.833 74.943
44.391 99.796
77.098 51.174
6.259 4.994
35.632 70.513
96.796 69.535
55.08 53.769
54.302 78.232
81.256 1.517
49.259 74.098
70.808 80.996
86.845 76.864
64.052 37.357
6.589 24.894
35.586 51.603
28.586 71.856
62.062 20.019
22.009 75.406
77.866 25.078
37.847 99.134
97.092 89.894
44.451 6.382
69.539 15.245
21.084 86.965
46.875 93.635
7.791 15.121
18.715 17.259
34.738 36.162
77.63 4.414
62.385 71.345
42.552 40.435
15.351 39.909
41.965 82.159
14.789 6.198
93.149 57.289
14.378 75.013
95.541 6.191
59.057 59.157
74.162 50.74
74.596 46.307
4.036 2.073
43.472 68.67
23.243 20.004
32.299 65.976
19.222 94.572
53.064 30.968
55.336 21.302
42.723 50.689
47.845 28.886
56.155 97.246
72.442 95.883
98.001 97.587
48.07 61.684
19.34 28.126
2.76 32.918
48.658 21.286
22.203 64.682
55.12 85.944
89.322 42.342
76.326 81.57
98.808 8.425
65.14 78.303
49.774 60.822
50.091 43.962
50.53 22.769
40.245 30.411
86.445 59.575
99.848 47.029
4.962 13.812
69.595 52.027
42.24 71.487
68.812 62.15
55.423 15.182
69.756 37.827
57.345 90.551
38.181 90.587
8.394 26.056
50.129 8.036
48.082 38.003
59.733 28.689
60.374 8.298
11.959 16.349
88.554 15.764
88.3 88.169
12.613 26.017
29.36 97.76
54.386 25.719
8.025 50.965
48.406 65.607
86.219 84.648
32.079 85.687
48.851 21.995
97.008 63.188
26.618 72.416
50.607 28.903
9.366 62.302
44.829 77.012
34.03 19.281
68.634 66.396
45.224 48.186
28.821 65.844
23.405 49.85
33.158 19.819
7.104 42.571
78.997 5.63
88.053 64.734
51.915 19.243
67.176 56.752
6.836 13.394
57.265 50.888
78.339 79.417
28.098 80.696
95.812 16.595
97.731 31.892
42.103 40.147
34.957 14.325
22.463 36.695
3.254 38.309
30.502 81.779
46.053 57.65
42.038 67.582
70.526 13.891
39.239 30.314
91.619 81.91
16.252 79.906
55.155 88.76
94.782 80.223
87.516 68.463
49.52 54.972
51.647 64.721
18.674 84.328
66.845 43.803
26.181 77.2
59.955 35.983
80.552 79.077
14.414 85.249
36.504 3.392
94.355 81.005
51.122 60.452
81.953 5.778
2.28 50.546
48.56 22.837
59.358 12.669
72.622 87.625
58.51 4.149
0.053 95.499
34.746 59.919
20.51 76.327
63.785 99.131
16.002 79.854
98.009 20.952
76.817 8.663
6.359 55.159
87.146 62.309
61.029 85.904
88.302 74.886
60.982 85.709
80.599 26.083
86.991 40.609
36.675 17.816
73.659 50.539
89.912 2.002
87.056 41.875
29.109 29.94
96.823 41.543
44.082 7.162
19.016 91.686
12.222 26.643
46.228 54.984
74.371 4.552
16.116 61.993
35.362 17.578
17.21 67.808
96.112 28.752
95.509 70.494
5.938 60.063
21.883 65.163
3.177 70.78
3.855 98.932
86.488 98.637
68.709 4.704
26.279 65.147
83.028 17.406
38.557 62.795
58.238 30.748
76.481 48.529
98.835 6.471
18.83 82.347
35.993 1.324
10.615 62.944
26.023 39.8
24.566 22.079
86.597 71.621
91.78 7.022
26.921 77.32
29.895 16.322
47.485 75.117
10.199 21.883
71.86 45.984
77.458 58.667
45.647 29.238
0.001 96.862
39.273 50.168
33.354 43.838
36.597 79.819
26.88 82.167
51.867 38.398
13.502 6.114
21.161 86.034
12.029 93.202
77.072 77.072
23.773 0.186
60.798 85.597
99.047 35.381
1.219 74.782
52.17 62.169
43.822 9.86
94.597 46.363
10.152 55.759
27.372 59.178
49.765 73.965
39.02 32.322
59.088 98.162
38.886 58.275
42.595 0.435
52.409 15.648
88.029 90.131
16.417 71.853
15.015 3.027
24.622 87.752
40.534 31.556
52.224 60.429
79.74 34.29
44.115 4.113
76.058 43.221
47.046 61.582
49.18 18.883
25.416 86.047
53.912 87.861
75.463 8.762
24.473 62.12
89.283 54.701
26.902 42.134
51.5 29.848
