52 7
565.000 575.000
25.000 185.000
345.000 750.000
945.000 685.000
845.000 655.000
880.000 660.000
25.000 230.000
525.000 1000.000
580.000 1175.000
650.000 1130.000
1605.000 620.000
1220.000 580.000
1465.000 200.000
1530.000 5.000
845.000 680.000
725.000 370.000
145.000 665.000
415.000 635.000
510.000 875.000
560.000 365.000
300.000 465.000
520.000 585.000
480.000 415.000
835.000 625.000
975.000 580.000
1215.000 245.000
1320.000 315.000
1250.000 400.000
660.000 180.000
410.000 250.000
420.000 555.000
575.000 665.000
1150.000 1160.000
700.000 580.000
685.000 595.000
685.000 610.000
770.000 610.000
795.000 645.000
720.000 635.000
760.000 650.000
475.000 960.000
95.000 260.000
875.000 920.000
700.000 500.000
555.000 815.000
830.000 485.000
1170.000 65.000
830.000 610.000
605.000 625.000
595.000 360.000
1340.000 725.000
1740.000 245.000
