51 3
37.000 52.000
49.000 49.000
52.000 64.000
20.000 26.000
40.000 30.000
21.000 47.000
17.000 63.000
31.000 62.000
52.000 33.000
51.000 21.000
42.000 41.000
31.000 32.000
5.000 25.000
12.000 42.000
36.000 16.000
52.000 41.000
27.000 23.000
17.000 33.000
13.000 13.000
57.000 58.000
62.000 42.000
42.000 57.000
16.000 57.000
8.000 52.000
7.000 38.000
27.000 68.000
30.000 48.000
43.000 67.000
58.000 48.000
58.000 27.000
37.000 69.000
38.000 46.000
46.000 10.000
61.000 33.000
62.000 63.000
63.000 69.000
32.000 22.000
45.000 35.000
59.000 15.000
5.000 6.000
10.000 17.000
21.000 10.000
5.000 64.000
30.000 15.000
39.000 10.000
32.000 39.000
25.000 32.000
25.000 55.000
48.000 28.000
56.000 37.000
30.000 40.000
