76 5
22.000 22.000
36.000 26.000
21.000 45.000
45.000 35.000
55.000 20.000
33.000 34.000
50.000 50.000
55.000 45.000
26.000 59.000
40.000 66.000
55.000 65.000
35.000 51.000
62.000 35.000
62.000 57.000
62.000 24.000
21.000 36.000
33.000 44.000
9.000 56.000
62.000 48.000
66.000 14.000
44.000 13.000
26.000 13.000
11.000 28.000
7.000 43.000
17.000 64.000
41.000 46.000
55.000 34.000
35.000 16.000
52.000 26.000
43.000 26.000
31.000 76.000
22.000 53.000
26.000 29.000
50.000 40.000
55.000 50.000
54.000 10.000
60.000 15.000
47.000 66.000
30.000 60.000
30.000 50.000
12.000 17.000
15.000 14.000
16.000 19.000
21.000 48.000
50.000 30.000
51.000 42.000
50.000 15.000
48.000 21.000
12.000 38.000
15.000 56.000
29.000 39.000
54.000 38.000
55.000 57.000
67.000 41.000
10.000 70.000
6.000 25.000
65.000 27.000
40.000 60.000
70.000 64.000
64.000 4.000
36.000 6.000
30.000 20.000
20.000 30.000
15.000 5.000
50.000 70.000
57.000 72.000
45.000 42.000
38.000 33.000
50.000 4.000
66.000 8.000
59.000 5.000
35.000 60.000
27.000 24.000
40.000 20.000
40.000 37.000
40.000 40.000
