99 7
6.000 4.000
15.000 15.000
24.000 18.000
33.000 12.000
48.000 12.000
57.000 14.000
67.000 10.000
77.000 10.000
86.000 15.000
6.000 21.000
17.000 26.000
23.000 25.000
32.000 35.000
43.000 23.000
55.000 35.000
65.000 36.000
78.000 39.000
87.000 35.000
3.000 53.000
12.000 44.000
28.000 53.000
33.000 49.000
47.000 46.000
55.000 52.000
64.000 50.000
71.000 57.000
87.000 57.000
4.000 72.000
15.000 78.000
22.000 70.000
34.000 71.000
42.000 79.000
54.000 77.000
66.000 79.000
78.000 67.000
87.000 73.000
7.000 81.000
17.000 95.000
26.000 98.000
32.000 97.000
43.000 88.000
57.000 89.000
64.000 85.000
78.000 83.000
83.000 98.000
5.000 109.000
13.000 111.000
25.000 102.000
38.000 119.000
46.000 107.000
58.000 110.000
67.000 110.000
74.000 113.000
88.000 110.000
2.000 124.000
17.000 134.000
23.000 129.000
36.000 131.000
42.000 137.000
53.000 123.000
63.000 135.000
72.000 134.000
87.000 129.000
2.000 146.000
16.000 147.000
25.000 153.000
38.000 155.000
42.000 158.000
57.000 154.000
66.000 151.000
73.000 151.000
86.000 149.000
5.000 177.000
13.000 162.000
25.000 169.000
35.000 177.000
46.000 172.000
54.000 166.000
65.000 174.000
73.000 161.000
86.000 162.000
2.000 195.000
14.000 196.000
28.000 189.000
38.000 187.000
46.000 195.000
57.000 194.000
63.000 188.000
77.000 193.000
85.000 194.000
8.000 211.000
12.000 217.000
22.000 210.000
34.000 216.000
47.000 203.000
58.000 213.000
66.000 206.000
78.000 210.000
85.000 204.000
